SPITS  92.22 348.9 P        2016-04-15T05:03:09.352  91.4  6.7 10.4  610734457  735209953  78.1777   16.3700    1.8552   126.4855   69.92  348.90   16.59   0.060277  -0.001473   21.48
SPITS  79.31 350.7 P        2016-04-15T11:11:21.711  73.6  5.1  2.0  610734487  735210697  78.1777   16.3700   18.3632   145.5573   48.47  350.70   21.79   0.044029   0.012958   25.13
SPITS  90.12 348.8 P        2016-04-15T11:18:27.088 111.6  9.1  6.9  610734488  735210809  78.1777   16.3700    3.6874   124.9201   71.10  348.80   12.21   0.076143  -0.030147   40.50
SPITS  63.14 347.9 P        2016-04-15T16:41:16.178  35.2  7.8  1.5  610734513  735211587  78.1777   16.3700   32.2687   130.4761   59.90  347.90   14.25   0.040462   0.057359  -24.70
SPITS  62.85 347.8 P        2016-04-15T16:43:45.500 103.9  7.0  8.4  610734514  735211612  78.1777   16.3700   22.9341    82.9765  108.21  347.80   15.87   0.061150  -0.015133   -4.31
SPITS  62.98 347.8 P        2016-04-15T16:54:32.638 118.4 12.1  2.7  610734518  735211720  78.1777   16.3700   32.2732   129.6014   60.71  347.80    9.18   0.095786  -0.051791   57.69
SPITS  62.71 347.8 P        2016-04-15T18:31:13.187  18.2 11.1  4.6  610734552  735212315  78.1777   16.3700   32.6085   129.9254   60.33  347.80   10.01   0.031200   0.094895  -42.13
SPITS  50.51 356.3 P        2016-04-15T18:34:09.266   0.0 10.7  1.4  610734553  735212343  78.1777   16.3700   28.0716    30.4415  163.86  356.30   10.39   0.000000   0.096292 -163.86
SPITS   2.66 109.9 Pn       2016-04-15T18:35:37.875 302.1 11.4 62.4  610734558  735212404  78.1777   16.3700   79.3474     4.0716  301.96  109.90    9.75  -0.086908   0.054517    0.14
SPITS   2.66 109.9 Sn       2016-04-15T18:36:07.350 293.1 23.8  5.3  610734558  735212405  78.1777   16.3700   79.3474     4.0716  301.96  109.90    4.67  -0.197010   0.084032   -8.86
SPITS  62.81 347.9 P        2016-04-15T19:06:18.862  95.7  8.5 12.1  610734563  735212586  78.1777   16.3700   22.7579    81.8820  109.36  347.90   13.07   0.076116  -0.007597  -13.66
SPITS  62.89 347.8 P        2016-04-15T19:16:14.950  94.8 10.3  5.2  610734567  735212666  78.1777   16.3700   32.3856   129.7128   60.58  347.80   10.79   0.092367  -0.007756   34.22
SPITS  49.81 358.7 P        2016-04-15T19:36:14.650  27.3  5.6  7.6  610734576  735212846  78.1777   16.3700   28.4162    21.2233  174.41  358.70   19.84   0.023114   0.044783 -147.11
