SPITS  92.22 348.9 P        2016-04-15T05:03:09.352  91.4  6.7 10.4  610734457  735209953  78.1777   16.3700
SPITS  79.31 350.7 P        2016-04-15T11:11:21.711  73.6  5.1  2.0  610734487  735210697  78.1777   16.3700
SPITS  90.12 348.8 P        2016-04-15T11:18:27.088 111.6  9.1  6.9  610734488  735210809  78.1777   16.3700
SPITS  63.14 347.9 P        2016-04-15T16:41:16.178  35.2  7.8  1.5  610734513  735211587  78.1777   16.3700
SPITS  62.85 347.8 P        2016-04-15T16:43:45.500 103.9  7.0  8.4  610734514  735211612  78.1777   16.3700
SPITS  62.98 347.8 P        2016-04-15T16:54:32.638 118.4 12.1  2.7  610734518  735211720  78.1777   16.3700
SPITS  62.71 347.8 P        2016-04-15T18:31:13.187  18.2 11.1  4.6  610734552  735212315  78.1777   16.3700
SPITS  50.51 356.3 P        2016-04-15T18:34:09.266   0.0 10.7  1.4  610734553  735212343  78.1777   16.3700
SPITS   2.66 109.9 Pn       2016-04-15T18:35:37.875 302.1 11.4 62.4  610734558  735212404  78.1777   16.3700
SPITS   2.66 109.9 Sn       2016-04-15T18:36:07.350 293.1 23.8  5.3  610734558  735212405  78.1777   16.3700
SPITS  62.81 347.9 P        2016-04-15T19:06:18.862  95.7  8.5 12.1  610734563  735212586  78.1777   16.3700
SPITS  62.89 347.8 P        2016-04-15T19:16:14.950  94.8 10.3  5.2  610734567  735212666  78.1777   16.3700
SPITS  49.81 358.7 P        2016-04-15T19:36:14.650  27.3  5.6  7.6  610734576  735212846  78.1777   16.3700
