    0.00     0.00    5.827878e-01
    0.00     2.41    5.990407e-01
    0.00     4.83    6.124002e-01
    0.00     7.24    6.219104e-01
    0.00     9.66    6.265444e-01
    0.00    12.07    6.291364e-01
    0.00    14.48    6.284563e-01
    0.00    16.90    6.244193e-01
    0.00    19.31    6.138321e-01
    0.00    21.72    5.962214e-01
    0.00    24.14    5.739313e-01
    0.00    26.55    5.503251e-01
    0.00    28.97    5.269172e-01
    0.00    31.38    5.040022e-01
    0.00    33.79    4.816143e-01
    0.00    36.21    4.597949e-01
    0.00    38.62    4.386117e-01
    0.00    41.03    4.181386e-01
    0.00    43.45    3.984399e-01
    0.00    45.86    3.794139e-01
    0.00    48.28    3.613980e-01
    0.00    50.69    3.442469e-01
    0.00    53.10    3.279614e-01
    0.00    55.52    3.125323e-01
    0.00    57.93    2.980499e-01
    0.00    60.34    2.843555e-01
    0.00    62.76    2.711666e-01
    0.00    65.17    2.588140e-01
    0.00    67.59    2.469909e-01
    0.00    70.00    2.361082e-01
    5.00     0.00    5.827878e-01
    5.00     2.41    5.995657e-01
    5.00     4.83    6.135924e-01
    5.00     7.24    6.239007e-01
    5.00     9.66    6.296010e-01
    5.00    12.07    6.330549e-01
    5.00    14.48    6.341649e-01
    5.00    16.90    6.320689e-01
    5.00    19.31    6.231014e-01
    5.00    21.72    6.050838e-01
    5.00    24.14    5.809372e-01
    5.00    26.55    5.560501e-01
    5.00    28.97    5.317277e-01
    5.00    31.38    5.081678e-01
    5.00    33.79    4.853044e-01
    5.00    36.21    4.631179e-01
    5.00    38.62    4.416432e-01
    5.00    41.03    4.209352e-01
    5.00    43.45    4.010462e-01
    5.00    45.86    3.820151e-01
    5.00    48.28    3.638650e-01
    5.00    50.69    3.466039e-01
    5.00    53.10    3.302280e-01
    5.00    55.52    3.147238e-01
    5.00    57.93    3.000712e-01
    5.00    60.34    2.863475e-01
    5.00    62.76    2.731392e-01
    5.00    65.17    2.607392e-01
    5.00    67.59    2.490207e-01
    5.00    70.00    2.380294e-01
   10.00     0.00    5.827878e-01
   10.00     2.41    5.999576e-01
   10.00     4.83    6.143643e-01
   10.00     7.24    6.256504e-01
   10.00     9.66    6.318883e-01
   10.00    12.07    6.369296e-01
   10.00    14.48    6.391193e-01
   10.00    16.90    6.387093e-01
   10.00    19.31    6.311574e-01
   10.00    21.72    6.130833e-01
   10.00    24.14    5.881517e-01
   10.00    26.55    5.620152e-01
   10.00    28.97    5.368806e-01
   10.00    31.38    5.127090e-01
   10.00    33.79    4.889595e-01
   10.00    36.21    4.663797e-01
   10.00    38.62    4.445754e-01
   10.00    41.03    4.235899e-01
   10.00    43.45    4.034677e-01
   10.00    45.86    3.842416e-01
   10.00    48.28    3.659293e-01
   10.00    50.69    3.485341e-01
   10.00    53.10    3.320475e-01
   10.00    55.52    3.164518e-01
   10.00    57.93    3.017231e-01
   10.00    60.34    2.879134e-01
   10.00    62.76    2.749100e-01
   10.00    65.17    2.621255e-01
   10.00    67.59    2.504533e-01
   10.00    70.00    2.394513e-01
   15.00     0.00    5.827878e-01
   15.00     2.41    6.002113e-01
   15.00     4.83    6.150957e-01
   15.00     7.24    6.269250e-01
   15.00     9.66    6.356978e-01
   15.00    12.07    6.396107e-01
   15.00    14.48    6.433216e-01
   15.00    16.90    6.433420e-01
   15.00    19.31    6.369676e-01
   15.00    21.72    6.193508e-01
   15.00    24.14    5.938758e-01
   15.00    26.55    5.670584e-01
   15.00    28.97    5.413932e-01
   15.00    31.38    5.167307e-01
   15.00    33.79    4.929232e-01
   15.00    36.21    4.699185e-01
   15.00    38.62    4.475924e-01
   15.00    41.03    4.262854e-01
   15.00    43.45    4.058841e-01
   15.00    45.86    3.863564e-01
   15.00    48.28    3.678466e-01
   15.00    50.69    3.499773e-01
   15.00    53.10    3.333689e-01
   15.00    55.52    3.174809e-01
   15.00    57.93    3.026792e-01
   15.00    60.34    2.887303e-01
   15.00    62.76    2.756383e-01
   15.00    65.17    2.629239e-01
   15.00    67.59    2.511835e-01
   15.00    70.00    2.400892e-01
   20.00     0.00    5.827878e-01
   20.00     2.41    6.003225e-01
   20.00     4.83    6.154896e-01
   20.00     7.24    6.277748e-01
   20.00     9.66    6.373527e-01
   20.00    12.07    6.417792e-01
   20.00    14.48    6.454849e-01
   20.00    16.90    6.460649e-01
   20.00    19.31    6.402711e-01
   20.00    21.72    6.231320e-01
   20.00    24.14    5.979120e-01
   20.00    26.55    5.709985e-01
   20.00    28.97    5.451950e-01
   20.00    31.38    5.202142e-01
   20.00    33.79    4.957706e-01
   20.00    36.21    4.723861e-01
   20.00    38.62    4.498491e-01
   20.00    41.03    4.282133e-01
   20.00    43.45    4.075249e-01
   20.00    45.86    3.876991e-01
   20.00    48.28    3.689884e-01
   20.00    50.69    3.512631e-01
   20.00    53.10    3.345054e-01
   20.00    55.52    3.186882e-01
   20.00    57.93    3.037782e-01
   20.00    60.34    2.897391e-01
   20.00    62.76    2.764946e-01
   20.00    65.17    2.640094e-01
   20.00    67.59    2.517316e-01
   20.00    70.00    2.405123e-01
   25.00     0.00    5.827878e-01
   25.00     2.41    6.002882e-01
   25.00     4.83    6.155852e-01
   25.00     7.24    6.278778e-01
   25.00     9.66    6.381490e-01
   25.00    12.07    6.429366e-01
   25.00    14.48    6.465396e-01
   25.00    16.90    6.463273e-01
   25.00    19.31    6.399075e-01
   25.00    21.72    6.241159e-01
   25.00    24.14    5.999622e-01
   25.00    26.55    5.743099e-01
   25.00    28.97    5.487086e-01
   25.00    31.38    5.235542e-01
   25.00    33.79    4.985616e-01
   25.00    36.21    4.748190e-01
   25.00    38.62    4.519288e-01
   25.00    41.03    4.297387e-01
   25.00    43.45    4.087604e-01
   25.00    45.86    3.888002e-01
   25.00    48.28    3.698710e-01
   25.00    50.69    3.519659e-01
   25.00    53.10    3.350627e-01
   25.00    55.52    3.191285e-01
   25.00    57.93    3.041245e-01
   25.00    60.34    2.900090e-01
   25.00    62.76    2.766856e-01
   25.00    65.17    2.639687e-01
   25.00    67.59    2.515004e-01
   25.00    70.00    2.403040e-01
   30.00     0.00    5.827878e-01
   30.00     2.41    6.001064e-01
   30.00     4.83    6.152703e-01
   30.00     7.24    6.277847e-01
   30.00     9.66    6.382665e-01
   30.00    12.07    6.457288e-01
   30.00    14.48    6.468093e-01
   30.00    16.90    6.450645e-01
   30.00    19.31    6.375364e-01
   30.00    21.72    6.223208e-01
   30.00    24.14    6.005453e-01
   30.00    26.55    5.761437e-01
   30.00    28.97    5.507707e-01
   30.00    31.38    5.255683e-01
   30.00    33.79    5.008091e-01
   30.00    36.21    4.768262e-01
   30.00    38.62    4.536030e-01
   30.00    41.03    4.313201e-01
   30.00    43.45    4.100472e-01
   30.00    45.86    3.898278e-01
   30.00    48.28    3.706785e-01
   30.00    50.69    3.525915e-01
   30.00    53.10    3.355404e-01
   30.00    55.52    3.194863e-01
   30.00    57.93    3.043842e-01
   30.00    60.34    2.898636e-01
   30.00    62.76    2.761826e-01
   30.00    65.17    2.632938e-01
   30.00    67.59    2.511860e-01
   30.00    70.00    2.395297e-01
   35.00     0.00    5.827878e-01
   35.00     2.41    5.997766e-01
   35.00     4.83    6.147366e-01
   35.00     7.24    6.271877e-01
   35.00     9.66    6.376741e-01
   35.00    12.07    6.450616e-01
   35.00    14.48    6.481189e-01
   35.00    16.90    6.434882e-01
   35.00    19.31    6.352253e-01
   35.00    21.72    6.202114e-01
   35.00    24.14    5.999441e-01
   35.00    26.55    5.766962e-01
   35.00    28.97    5.519324e-01
   35.00    31.38    5.267429e-01
   35.00    33.79    5.018199e-01
   35.00    36.21    4.775375e-01
   35.00    38.62    4.539100e-01
   35.00    41.03    4.313954e-01
   35.00    43.45    4.099071e-01
   35.00    45.86    3.894712e-01
   35.00    48.28    3.701717e-01
   35.00    50.69    3.519676e-01
   35.00    53.10    3.348276e-01
   35.00    55.52    3.187062e-01
   35.00    57.93    3.035516e-01
   35.00    60.34    2.889870e-01
   35.00    62.76    2.751255e-01
   35.00    65.17    2.624587e-01
   35.00    67.59    2.504200e-01
   35.00    70.00    2.381061e-01
   40.00     0.00    5.827878e-01
   40.00     2.41    5.992996e-01
   40.00     4.83    6.138227e-01
   40.00     7.24    6.260724e-01
   40.00     9.66    6.363460e-01
   40.00    12.07    6.432251e-01
   40.00    14.48    6.458977e-01
   40.00    16.90    6.434259e-01
   40.00    19.31    6.324170e-01
   40.00    21.72    6.180341e-01
   40.00    24.14    5.988510e-01
   40.00    26.55    5.764351e-01
   40.00    28.97    5.520129e-01
   40.00    31.38    5.268163e-01
   40.00    33.79    5.014597e-01
   40.00    36.21    4.769240e-01
   40.00    38.62    4.533508e-01
   40.00    41.03    4.307111e-01
   40.00    43.45    4.090998e-01
   40.00    45.86    3.885838e-01
   40.00    48.28    3.691933e-01
   40.00    50.69    3.509208e-01
   40.00    53.10    3.335993e-01
   40.00    55.52    3.174452e-01
   40.00    57.93    3.021179e-01
   40.00    60.34    2.870923e-01
   40.00    62.76    2.734854e-01
   40.00    65.17    2.608256e-01
   40.00    67.59    2.476065e-01
   40.00    70.00    2.340329e-01
   45.00     0.00    5.827878e-01
   45.00     2.41    5.986779e-01
   45.00     4.83    6.126584e-01
   45.00     7.24    6.245406e-01
   45.00     9.66    6.340308e-01
   45.00    12.07    6.405407e-01
   45.00    14.48    6.428306e-01
   45.00    16.90    6.398127e-01
   45.00    19.31    6.312001e-01
   45.00    21.72    6.171997e-01
   45.00    24.14    5.960633e-01
   45.00    26.55    5.741724e-01
   45.00    28.97    5.499068e-01
   45.00    31.38    5.246817e-01
   45.00    33.79    4.997699e-01
   45.00    36.21    4.754368e-01
   45.00    38.62    4.518986e-01
   45.00    41.03    4.292807e-01
   45.00    43.45    4.076820e-01
   45.00    45.86    3.871777e-01
   45.00    48.28    3.678028e-01
   45.00    50.69    3.495485e-01
   45.00    53.10    3.323727e-01
   45.00    55.52    3.162167e-01
   45.00    57.93    3.005575e-01
   45.00    60.34    2.854509e-01
   45.00    62.76    2.718411e-01
   45.00    65.17    2.575576e-01
   45.00    67.59    2.426597e-01
   45.00    70.00    2.312221e-01
   50.00     0.00    5.827878e-01
   50.00     2.41    5.979151e-01
   50.00     4.83    6.111797e-01
   50.00     7.24    6.223786e-01
   50.00     9.66    6.311816e-01
   50.00    12.07    6.370113e-01
   50.00    14.48    6.386312e-01
   50.00    16.90    6.350525e-01
   50.00    19.31    6.261182e-01
   50.00    21.72    6.120251e-01
   50.00    24.14    5.936588e-01
   50.00    26.55    5.718903e-01
   50.00    28.97    5.473503e-01
   50.00    31.38    5.207780e-01
   50.00    33.79    4.960840e-01
   50.00    36.21    4.719762e-01
   50.00    38.62    4.485933e-01
   50.00    41.03    4.262134e-01
   50.00    43.45    4.048426e-01
   50.00    45.86    3.843559e-01
   50.00    48.28    3.651807e-01
   50.00    50.69    3.470986e-01
   50.00    53.10    3.300601e-01
   50.00    55.52    3.135785e-01
   50.00    57.93    2.979021e-01
   50.00    60.34    2.832291e-01
   50.00    62.76    2.676353e-01
   50.00    65.17    2.514656e-01
   50.00    67.59    2.303987e-01
   50.00    70.00    2.197731e-01
   55.00     0.00    5.827878e-01
   55.00     2.41    5.970167e-01
   55.00     4.83    6.094225e-01
   55.00     7.24    6.197049e-01
   55.00     9.66    6.276231e-01
   55.00    12.07    6.324837e-01
   55.00    14.48    6.332443e-01
   55.00    16.90    6.289033e-01
   55.00    19.31    6.194861e-01
   55.00    21.72    6.051737e-01
   55.00    24.14    5.866674e-01
   55.00    26.55    5.649475e-01
   55.00    28.97    5.411758e-01
   55.00    31.38    5.165948e-01
   55.00    33.79    4.921312e-01
   55.00    36.21    4.682788e-01
   55.00    38.62    4.452598e-01
   55.00    41.03    4.228126e-01
   55.00    43.45    4.006184e-01
   55.00    45.86    3.807459e-01
   55.00    48.28    3.619391e-01
   55.00    50.69    3.441650e-01
   55.00    53.10    3.273150e-01
   55.00    55.52    3.107789e-01
   55.00    57.93    2.949754e-01
   55.00    60.34    2.785976e-01
   55.00    62.76    2.605040e-01
   55.00    65.17    2.367780e-01
   55.00    67.59    2.253109e-01
   55.00    70.00    2.130636e-01
   60.00     0.00    5.827878e-01
   60.00     2.41    5.959894e-01
   60.00     4.83    6.075821e-01
   60.00     7.24    6.165414e-01
   60.00     9.66    6.233122e-01
   60.00    12.07    6.271771e-01
   60.00    14.48    6.268176e-01
   60.00    16.90    6.214981e-01
   60.00    19.31    6.114091e-01
   60.00    21.72    5.965882e-01
   60.00    24.14    5.777558e-01
   60.00    26.55    5.559716e-01
   60.00    28.97    5.324307e-01
   60.00    31.38    5.082620e-01
   60.00    33.79    4.842938e-01
   60.00    36.21    4.609936e-01
   60.00    38.62    4.385785e-01
   60.00    41.03    4.171426e-01
   60.00    43.45    3.967305e-01
   60.00    45.86    3.773538e-01
   60.00    48.28    3.589870e-01
   60.00    50.69    3.415707e-01
   60.00    53.10    3.248409e-01
   60.00    55.52    3.080650e-01
   60.00    57.93    2.907162e-01
   60.00    60.34    2.722757e-01
   60.00    62.76    2.441113e-01
   60.00    65.17    2.314387e-01
   60.00    67.59    2.179749e-01
   60.00    70.00    2.067495e-01
   65.00     0.00    5.827878e-01
   65.00     2.41    5.948416e-01
   65.00     4.83    6.052214e-01
   65.00     7.24    6.128870e-01
   65.00     9.66    6.183326e-01
   65.00    12.07    6.208097e-01
   65.00    14.48    6.191823e-01
   65.00    16.90    6.130586e-01
   65.00    19.31    6.021616e-01
   65.00    21.72    5.864397e-01
   65.00    24.14    5.671922e-01
   65.00    26.55    5.452936e-01
   65.00    28.97    5.219506e-01
   65.00    31.38    4.982027e-01
   65.00    33.79    4.747850e-01
   65.00    36.21    4.521210e-01
   65.00    38.62    4.304102e-01
   65.00    41.03    4.097262e-01
   65.00    43.45    3.900787e-01
   65.00    45.86    3.714353e-01
   65.00    48.28    3.535154e-01
   65.00    50.69    3.366719e-01
   65.00    53.10    3.198206e-01
   65.00    55.52    3.037627e-01
   65.00    57.93    2.856500e-01
   65.00    60.34    2.654352e-01
   65.00    62.76    2.374681e-01
   65.00    65.17    2.226909e-01
   65.00    67.59    2.113179e-01
   65.00    70.00    2.004721e-01
   70.00     0.00    5.827878e-01
   70.00     2.41    5.935828e-01
   70.00     4.83    6.026088e-01
   70.00     7.24    6.087828e-01
   70.00     9.66    6.127505e-01
   70.00    12.07    6.135667e-01
   70.00    14.48    6.105807e-01
   70.00    16.90    6.032461e-01
   70.00    19.31    5.913899e-01
   70.00    21.72    5.752353e-01
   70.00    24.14    5.555604e-01
   70.00    26.55    5.335471e-01
   70.00    28.97    5.103966e-01
   70.00    31.38    4.870724e-01
   70.00    33.79    4.642256e-01
   70.00    36.21    4.419000e-01
   70.00    38.62    4.209244e-01
   70.00    41.03    4.010192e-01
   70.00    43.45    3.819165e-01
   70.00    45.86    3.640507e-01
   70.00    48.28    3.470435e-01
   70.00    50.69    3.307661e-01
   70.00    53.10    3.143431e-01
   70.00    55.52    2.962520e-01
   70.00    57.93    2.739899e-01
   70.00    60.34    2.434148e-01
   70.00    62.76    2.298758e-01
   70.00    65.17    2.152890e-01
   70.00    67.59    2.033834e-01
   70.00    70.00    1.932219e-01
   75.00     0.00    5.827878e-01
   75.00     2.41    5.922237e-01
   75.00     4.83    5.998118e-01
   75.00     7.24    6.043782e-01
   75.00     9.66    6.066449e-01
   75.00    12.07    6.057341e-01
   75.00    14.48    6.011546e-01
   75.00    16.90    5.924741e-01
   75.00    19.31    5.795699e-01
   75.00    21.72    5.626709e-01
   75.00    24.14    5.425570e-01
   75.00    26.55    5.204212e-01
   75.00    28.97    4.974413e-01
   75.00    31.38    4.745119e-01
   75.00    33.79    4.522073e-01
   75.00    36.21    4.308439e-01
   75.00    38.62    4.105574e-01
   75.00    41.03    3.911179e-01
   75.00    43.45    3.729926e-01
   75.00    45.86    3.557967e-01
   75.00    48.28    3.393852e-01
   75.00    50.69    3.236807e-01
   75.00    53.10    3.071785e-01
   75.00    55.52    2.885483e-01
   75.00    57.93    2.487625e-01
   75.00    60.34    2.345648e-01
   75.00    62.76    2.190631e-01
   75.00    65.17    2.067839e-01
   75.00    67.59    1.960406e-01
   75.00    70.00    1.870798e-01
   80.00     0.00    5.827878e-01
   80.00     2.41    5.907764e-01
   80.00     4.83    5.967694e-01
   80.00     7.24    5.997748e-01
   80.00     9.66    6.002668e-01
   80.00    12.07    5.973507e-01
   80.00    14.48    5.910673e-01
   80.00    16.90    5.809455e-01
   80.00    19.31    5.669360e-01
   80.00    21.72    5.492875e-01
   80.00    24.14    5.287605e-01
   80.00    26.55    5.065179e-01
   80.00    28.97    4.836939e-01
   80.00    31.38    4.611159e-01
   80.00    33.79    4.392877e-01
   80.00    36.21    4.184710e-01
   80.00    38.62    3.985103e-01
   80.00    41.03    3.799317e-01
   80.00    43.45    3.624575e-01
   80.00    45.86    3.457858e-01
   80.00    48.28    3.298355e-01
   80.00    50.69    3.144391e-01
   80.00    53.10    2.982281e-01
   80.00    55.52    2.730955e-01
   80.00    57.93    2.400109e-01
   80.00    60.34    2.231281e-01
   80.00    62.76    2.114579e-01
   80.00    65.17    1.983457e-01
   80.00    67.59    1.885437e-01
   80.00    70.00    1.759006e-01
   85.00     0.00    5.827878e-01
   85.00     2.41    5.892536e-01
   85.00     4.83    5.935634e-01
   85.00     7.24    5.948909e-01
   85.00     9.66    5.932875e-01
   85.00    12.07    5.887176e-01
   85.00    14.48    5.804972e-01
   85.00    16.90    5.688811e-01
   85.00    19.31    5.537409e-01
   85.00    21.72    5.353518e-01
   85.00    24.14    5.144378e-01
   85.00    26.55    4.920996e-01
   85.00    28.97    4.694081e-01
   85.00    31.38    4.471211e-01
   85.00    33.79    4.256762e-01
   85.00    36.21    4.050273e-01
   85.00    38.62    3.858660e-01
   85.00    41.03    3.677058e-01
   85.00    43.45    3.505335e-01
   85.00    45.86    3.342057e-01
   85.00    48.28    3.185564e-01
   85.00    50.69    3.034271e-01
   85.00    53.10    2.854923e-01
   85.00    55.52    2.450729e-01
   85.00    57.93    2.301827e-01
   85.00    60.34    2.145152e-01
   85.00    62.76    2.014742e-01
   85.00    65.17    1.914705e-01
   85.00    67.59    1.777645e-01
   85.00    70.00    1.697049e-01
   90.00     0.00    5.827878e-01
   90.00     2.41    5.876688e-01
   90.00     4.83    5.902279e-01
   90.00     7.24    5.897088e-01
   90.00     9.66    5.862907e-01
   90.00    12.07    5.796240e-01
   90.00    14.48    5.697842e-01
   90.00    16.90    5.565074e-01
   90.00    19.31    5.402443e-01
   90.00    21.72    5.211353e-01
   90.00    24.14    4.998529e-01
   90.00    26.55    4.774188e-01
   90.00    28.97    4.548272e-01
   90.00    31.38    4.327628e-01
   90.00    33.79    4.114290e-01
   90.00    36.21    3.913626e-01
   90.00    38.62    3.724028e-01
   90.00    41.03    3.545013e-01
   90.00    43.45    3.375548e-01
   90.00    45.86    3.214251e-01
   90.00    48.28    3.059626e-01
   90.00    50.69    2.910338e-01
   90.00    53.10    2.736943e-01
   90.00    55.52    2.353536e-01
   90.00    57.93    2.175203e-01
   90.00    60.34    2.045064e-01
   90.00    62.76    1.934880e-01
   90.00    65.17    1.799012e-01
   90.00    67.59    1.708474e-01
   90.00    70.00    1.614063e-01
   95.00     0.00    5.827878e-01
   95.00     2.41    5.860363e-01
   95.00     4.83    5.867980e-01
   95.00     7.24    5.844044e-01
   95.00     9.66    5.790569e-01
   95.00    12.07    5.705493e-01
   95.00    14.48    5.587725e-01
   95.00    16.90    5.441806e-01
   95.00    19.31    5.266972e-01
   95.00    21.72    5.069082e-01
   95.00    24.14    4.852721e-01
   95.00    26.55    4.627268e-01
   95.00    28.97    4.401934e-01
   95.00    31.38    4.181128e-01
   95.00    33.79    3.971718e-01
   95.00    36.21    3.773026e-01
   95.00    38.62    3.585190e-01
   95.00    41.03    3.407660e-01
   95.00    43.45    3.239464e-01
   95.00    45.86    3.079398e-01
   95.00    48.28    2.927326e-01
   95.00    50.69    2.776644e-01
   95.00    53.10    2.610323e-01
   95.00    55.52    2.250102e-01
   95.00    57.93    2.092492e-01
   95.00    60.34    1.963876e-01
   95.00    62.76    1.817819e-01
   95.00    65.17    1.723312e-01
   95.00    67.59    1.628765e-01
   95.00    70.00    1.565279e-01
  100.00     0.00    5.827878e-01
  100.00     2.41    5.843705e-01
  100.00     4.83    5.833095e-01
  100.00     7.24    5.790543e-01
  100.00     9.66    5.717007e-01
  100.00    12.07    5.611808e-01
  100.00    14.48    5.479707e-01
  100.00    16.90    5.317953e-01
  100.00    19.31    5.134389e-01
  100.00    21.72    4.930267e-01
  100.00    24.14    4.710456e-01
  100.00    26.55    4.482566e-01
  100.00    28.97    4.258098e-01
  100.00    31.38    4.037827e-01
  100.00    33.79    3.829784e-01
  100.00    36.21    3.632440e-01
  100.00    38.62    3.445785e-01
  100.00    41.03    3.269271e-01
  100.00    43.45    3.102054e-01
  100.00    45.86    2.944490e-01
  100.00    48.28    2.793055e-01
  100.00    50.69    2.645320e-01
  100.00    53.10    2.488198e-01
  100.00    55.52    2.160895e-01
  100.00    57.93    2.009846e-01
  100.00    60.34    1.874810e-01
  100.00    62.76    1.747840e-01
  100.00    65.17    1.659076e-01
  100.00    67.59    1.578970e-01
  100.00    70.00    1.512874e-01
  105.00     0.00    5.827878e-01
  105.00     2.41    5.826861e-01
  105.00     4.83    5.797977e-01
  105.00     7.24    5.736485e-01
  105.00     9.66    5.643870e-01
  105.00    12.07    5.521471e-01
  105.00    14.48    5.371494e-01
  105.00    16.90    5.196867e-01
  105.00    19.31    5.005492e-01
  105.00    21.72    4.795837e-01
  105.00    24.14    4.571140e-01
  105.00    26.55    4.343312e-01
  105.00    28.97    4.115811e-01
  105.00    31.38    3.898685e-01
  105.00    33.79    3.691669e-01
  105.00    36.21    3.495407e-01
  105.00    38.62    3.309794e-01
  105.00    41.03    3.135299e-01
  105.00    43.45    2.969357e-01
  105.00    45.86    2.812110e-01
  105.00    48.28    2.662869e-01
  105.00    50.69    2.521969e-01
  105.00    53.10    2.381318e-01
  105.00    55.52    2.054095e-01
  105.00    57.93    1.915485e-01
  105.00    60.34    1.769408e-01
  105.00    62.76    1.685962e-01
  105.00    65.17    1.594852e-01
  105.00    67.59    1.525953e-01
  105.00    70.00    1.462748e-01
  110.00     0.00    5.827878e-01
  110.00     2.41    5.809980e-01
  110.00     4.83    5.762970e-01
  110.00     7.24    5.682738e-01
  110.00     9.66    5.572121e-01
  110.00    12.07    5.431923e-01
  110.00    14.48    5.266326e-01
  110.00    16.90    5.080130e-01
  110.00    19.31    4.878038e-01
  110.00    21.72    4.662147e-01
  110.00    24.14    4.436702e-01
  110.00    26.55    4.207029e-01
  110.00    28.97    3.981807e-01
  110.00    31.38    3.765423e-01
  110.00    33.79    3.559452e-01
  110.00    36.21    3.364371e-01
  110.00    38.62    3.180453e-01
  110.00    41.03    3.006523e-01
  110.00    43.45    2.842273e-01
  110.00    45.86    2.688199e-01
  110.00    48.28    2.541718e-01
  110.00    50.69    2.403372e-01
  110.00    53.10    2.270790e-01
  110.00    55.52    1.977297e-01
  110.00    57.93    1.837343e-01
  110.00    60.34    1.709453e-01
  110.00    62.76    1.626958e-01
  110.00    65.17    1.541081e-01
  110.00    67.59    1.474454e-01
  110.00    70.00    1.419998e-01
  115.00     0.00    5.827878e-01
  115.00     2.41    5.793206e-01
  115.00     4.83    5.728409e-01
  115.00     7.24    5.630704e-01
  115.00     9.66    5.501556e-01
  115.00    12.07    5.345462e-01
  115.00    14.48    5.165240e-01
  115.00    16.90    4.967088e-01
  115.00    19.31    4.756096e-01
  115.00    21.72    4.535294e-01
  115.00    24.14    4.307217e-01
  115.00    26.55    4.077196e-01
  115.00    28.97    3.850831e-01
  115.00    31.38    3.635488e-01
  115.00    33.79    3.430511e-01
  115.00    36.21    3.238717e-01
  115.00    38.62    3.056171e-01
  115.00    41.03    2.884130e-01
  115.00    43.45    2.723352e-01
  115.00    45.86    2.570906e-01
  115.00    48.28    2.427531e-01
  115.00    50.69    2.292792e-01
  115.00    53.10    2.164630e-01
  115.00    55.52    1.923407e-01
  115.00    57.93    1.743507e-01
  115.00    60.34    1.653418e-01
  115.00    62.76    1.567444e-01
  115.00    65.17    1.494229e-01
  115.00    67.59    1.434153e-01
  115.00    70.00    1.377615e-01
  120.00     0.00    5.827878e-01
  120.00     2.41    5.776682e-01
  120.00     4.83    5.694606e-01
  120.00     7.24    5.579698e-01
  120.00     9.66    5.434063e-01
  120.00    12.07    5.261871e-01
  120.00    14.48    5.069140e-01
  120.00    16.90    4.859813e-01
  120.00    19.31    4.640103e-01
  120.00    21.72    4.413521e-01
  120.00    24.14    4.183089e-01
  120.00    26.55    3.953387e-01
  120.00    28.97    3.728504e-01
  120.00    31.38    3.514667e-01
  120.00    33.79    3.313524e-01
  120.00    36.21    3.121884e-01
  120.00    38.62    2.941443e-01
  120.00    41.03    2.773248e-01
  120.00    43.45    2.614017e-01
  120.00    45.86    2.464649e-01
  120.00    48.28    2.324678e-01
  120.00    50.69    2.193653e-01
  120.00    53.10    2.069761e-01
  120.00    55.52    1.862839e-01
  120.00    57.93    1.685901e-01
  120.00    60.34    1.599444e-01
  120.00    62.76    1.517273e-01
  120.00    65.17    1.450120e-01
  120.00    67.59    1.386013e-01
  120.00    70.00    1.336656e-01
  125.00     0.00    5.827878e-01
  125.00     2.41    5.760546e-01
  125.00     4.83    5.661856e-01
  125.00     7.24    5.530712e-01
  125.00     9.66    5.368995e-01
  125.00    12.07    5.183451e-01
  125.00    14.48    4.977406e-01
  125.00    16.90    4.757793e-01
  125.00    19.31    4.531434e-01
  125.00    21.72    4.299504e-01
  125.00    24.14    4.066822e-01
  125.00    26.55    3.837485e-01
  125.00    28.97    3.614193e-01
  125.00    31.38    3.403987e-01
  125.00    33.79    3.202985e-01
  125.00    36.21    3.013494e-01
  125.00    38.62    2.837052e-01
  125.00    41.03    2.670192e-01
  125.00    43.45    2.513952e-01
  125.00    45.86    2.367822e-01
  125.00    48.28    2.231297e-01
  125.00    50.69    2.103893e-01
  125.00    53.10    1.985160e-01
  125.00    55.52    1.799364e-01
  125.00    57.93    1.636744e-01
  125.00    60.34    1.550193e-01
  125.00    62.76    1.470263e-01
  125.00    65.17    1.403307e-01
  125.00    67.59    1.350169e-01
  125.00    70.00    1.302137e-01
  130.00     0.00    5.827878e-01
  130.00     2.41    5.744929e-01
  130.00     4.83    5.630429e-01
  130.00     7.24    5.484139e-01
  130.00     9.66    5.308332e-01
  130.00    12.07    5.108991e-01
  130.00    14.48    4.893019e-01
  130.00    16.90    4.664308e-01
  130.00    19.31    4.429419e-01
  130.00    21.72    4.192676e-01
  130.00    24.14    3.958071e-01
  130.00    26.55    3.730210e-01
  130.00    28.97    3.508713e-01
  130.00    31.38    3.300379e-01
  130.00    33.79    3.101449e-01
  130.00    36.21    2.914278e-01
  130.00    38.62    2.740594e-01
  130.00    41.03    2.576524e-01
  130.00    43.45    2.423281e-01
  130.00    45.86    2.280325e-01
  130.00    48.28    2.147095e-01
  130.00    50.69    2.023079e-01
  130.00    53.10    1.907795e-01
  130.00    55.52    1.768634e-01
  130.00    57.93    1.612146e-01
  130.00    60.34    1.502939e-01
  130.00    62.76    1.434277e-01
  130.00    65.17    1.367778e-01
  130.00    67.59    1.318044e-01
  130.00    70.00    1.277128e-01
  135.00     0.00    5.827878e-01
  135.00     2.41    5.729956e-01
  135.00     4.83    5.600571e-01
  135.00     7.24    5.440298e-01
  135.00     9.66    5.251560e-01
  135.00    12.07    5.040783e-01
  135.00    14.48    4.814018e-01
  135.00    16.90    4.578724e-01
  135.00    19.31    4.337762e-01
  135.00    21.72    4.096925e-01
  135.00    24.14    3.860559e-01
  135.00    26.55    3.631405e-01
  135.00    28.97    3.412952e-01
  135.00    31.38    3.204455e-01
  135.00    33.79    3.007711e-01
  135.00    36.21    2.824883e-01
  135.00    38.62    2.652124e-01
  135.00    41.03    2.490852e-01
  135.00    43.45    2.340535e-01
  135.00    45.86    2.201496e-01
  135.00    48.28    2.071315e-01
  135.00    50.69    1.947084e-01
  135.00    53.10    1.829347e-01
  135.00    55.52    1.711195e-01
  135.00    57.93    1.566265e-01
  135.00    60.34    1.476185e-01
  135.00    62.76    1.395722e-01
  135.00    65.17    1.336264e-01
  135.00    67.59    1.294355e-01
  135.00    70.00    1.253275e-01
  140.00     0.00    5.827878e-01
  140.00     2.41    5.715743e-01
  140.00     4.83    5.572502e-01
  140.00     7.24    5.399280e-01
  140.00     9.66    5.199191e-01
  140.00    12.07    4.978292e-01
  140.00    14.48    4.742891e-01
  140.00    16.90    4.499670e-01
  140.00    19.31    4.253518e-01
  140.00    21.72    4.010885e-01
  140.00    24.14    3.772977e-01
  140.00    26.55    3.543740e-01
  140.00    28.97    3.326504e-01
  140.00    31.38    3.119622e-01
  140.00    33.79    2.924912e-01
  140.00    36.21    2.744540e-01
  140.00    38.62    2.574241e-01
  140.00    41.03    2.415539e-01
  140.00    43.45    2.267871e-01
  140.00    45.86    2.127234e-01
  140.00    48.28    1.999865e-01
  140.00    50.69    1.881793e-01
  140.00    53.10    1.767653e-01
  140.00    55.52    1.658693e-01
  140.00    57.93    1.560417e-01
  140.00    60.34    1.449344e-01
  140.00    62.76    1.365743e-01
  140.00    65.17    1.312630e-01
  140.00    67.59    1.269687e-01
  140.00    70.00    1.236489e-01
  145.00     0.00    5.827878e-01
  145.00     2.41    5.702398e-01
  145.00     4.83    5.546415e-01
  145.00     7.24    5.361544e-01
  145.00     9.66    5.151470e-01
  145.00    12.07    4.921757e-01
  145.00    14.48    4.679060e-01
  145.00    16.90    4.429709e-01
  145.00    19.31    4.179281e-01
  145.00    21.72    3.932612e-01
  145.00    24.14    3.693419e-01
  145.00    26.55    3.464136e-01
  145.00    28.97    3.249781e-01
  145.00    31.38    3.044360e-01
  145.00    33.79    2.853622e-01
  145.00    36.21    2.673523e-01
  145.00    38.62    2.505495e-01
  145.00    41.03    2.349143e-01
  145.00    43.45    2.200708e-01
  145.00    45.86    2.065911e-01
  145.00    48.28    1.940984e-01
  145.00    50.69    1.825340e-01
  145.00    53.10    1.713946e-01
  145.00    55.52    1.615706e-01
  145.00    57.93    1.516471e-01
  145.00    60.34    1.439718e-01
  145.00    62.76    1.351715e-01
  145.00    65.17    1.293336e-01
  145.00    67.59    1.252666e-01
  145.00    70.00    1.224028e-01
  150.00     0.00    5.827878e-01
  150.00     2.41    5.690018e-01
  150.00     4.83    5.522481e-01
  150.00     7.24    5.327291e-01
  150.00     9.66    5.108589e-01
  150.00    12.07    4.871321e-01
  150.00    14.48    4.622419e-01
  150.00    16.90    4.368216e-01
  150.00    19.31    4.114283e-01
  150.00    21.72    3.864746e-01
  150.00    24.14    3.624574e-01
  150.00    26.55    3.395558e-01
  150.00    28.97    3.180757e-01
  150.00    31.38    2.977044e-01
  150.00    33.79    2.788166e-01
  150.00    36.21    2.609899e-01
  150.00    38.62    2.443934e-01
  150.00    41.03    2.286803e-01
  150.00    43.45    2.143680e-01
  150.00    45.86    2.012371e-01
  150.00    48.28    1.889512e-01
  150.00    50.69    1.775908e-01
  150.00    53.10    1.669387e-01
  150.00    55.52    1.575121e-01
  150.00    57.93    1.477965e-01
  150.00    60.34    1.403612e-01
  150.00    62.76    1.334472e-01
  150.00    65.17    1.289319e-01
  150.00    67.59    1.243334e-01
  150.00    70.00    1.229657e-01
  155.00     0.00    5.827878e-01
  155.00     2.41    5.678691e-01
  155.00     4.83    5.500843e-01
  155.00     7.24    5.296682e-01
  155.00     9.66    5.069907e-01
  155.00    12.07    4.827082e-01
  155.00    14.48    4.572993e-01
  155.00    16.90    4.314772e-01
  155.00    19.31    4.058007e-01
  155.00    21.72    3.806945e-01
  155.00    24.14    3.566079e-01
  155.00    26.55    3.339044e-01
  155.00    28.97    3.122844e-01
  155.00    31.38    2.919837e-01
  155.00    33.79    2.732506e-01
  155.00    36.21    2.555874e-01
  155.00    38.62    2.392124e-01
  155.00    41.03    2.239733e-01
  155.00    43.45    2.098465e-01
  155.00    45.86    1.967649e-01
  155.00    48.28    1.846649e-01
  155.00    50.69    1.734864e-01
  155.00    53.10    1.631316e-01
  155.00    55.52    1.538924e-01
  155.00    57.93    1.446325e-01
  155.00    60.34    1.368758e-01
  155.00    62.76    1.329709e-01
  155.00    65.17    1.278605e-01
  155.00    67.59    1.246988e-01
  155.00    70.00    1.240035e-01
  160.00     0.00    5.827878e-01
  160.00     2.41    5.668495e-01
  160.00     4.83    5.481620e-01
  160.00     7.24    5.269840e-01
  160.00     9.66    5.036778e-01
  160.00    12.07    4.787325e-01
  160.00    14.48    4.530808e-01
  160.00    16.90    4.269714e-01
  160.00    19.31    4.010774e-01
  160.00    21.72    3.757992e-01
  160.00    24.14    3.516618e-01
  160.00    26.55    3.289680e-01
  160.00    28.97    3.077881e-01
  160.00    31.38    2.875973e-01
  160.00    33.79    2.690078e-01
  160.00    36.21    2.512496e-01
  160.00    38.62    2.349738e-01
  160.00    41.03    2.198808e-01
  160.00    43.45    2.058998e-01
  160.00    45.86    1.929623e-01
  160.00    48.28    1.810037e-01
  160.00    50.69    1.699286e-01
  160.00    53.10    1.600027e-01
  160.00    55.52    1.504355e-01
  160.00    57.93    1.419514e-01
  160.00    60.34    1.347509e-01
  160.00    62.76    1.316238e-01
  160.00    65.17    1.283403e-01
  160.00    67.59    1.253364e-01
  160.00    70.00    1.250952e-01
  165.00     0.00    5.827878e-01
  165.00     2.41    5.659497e-01
  165.00     4.83    5.464909e-01
  165.00     7.24    5.246856e-01
  165.00     9.66    5.008808e-01
  165.00    12.07    4.755399e-01
  165.00    14.48    4.495595e-01
  165.00    16.90    4.232418e-01
  165.00    19.31    3.971818e-01
  165.00    21.72    3.721993e-01
  165.00    24.14    3.480540e-01
  165.00    26.55    3.253918e-01
  165.00    28.97    3.038948e-01
  165.00    31.38    2.837777e-01
  165.00    33.79    2.650874e-01
  165.00    36.21    2.476617e-01
  165.00    38.62    2.314616e-01
  165.00    41.03    2.164798e-01
  165.00    43.45    2.026111e-01
  165.00    45.86    1.897858e-01
  165.00    48.28    1.779200e-01
  165.00    50.69    1.669998e-01
  165.00    53.10    1.574772e-01
  165.00    55.52    1.478750e-01
  165.00    57.93    1.397085e-01
  165.00    60.34    1.337494e-01
  165.00    62.76    1.296953e-01
  165.00    65.17    1.275414e-01
  165.00    67.59    1.264861e-01
  165.00    70.00    1.305089e-01
  170.00     0.00    5.827878e-01
  170.00     2.41    5.651753e-01
  170.00     4.83    5.450787e-01
  170.00     7.24    5.227790e-01
  170.00     9.66    4.986027e-01
  170.00    12.07    4.730491e-01
  170.00    14.48    4.466159e-01
  170.00    16.90    4.200288e-01
  170.00    19.31    3.945740e-01
  170.00    21.72    3.691489e-01
  170.00    24.14    3.449886e-01
  170.00    26.55    3.221332e-01
  170.00    28.97    3.008537e-01
  170.00    31.38    2.807886e-01
  170.00    33.79    2.621581e-01
  170.00    36.21    2.448418e-01
  170.00    38.62    2.287425e-01
  170.00    41.03    2.138307e-01
  170.00    43.45    2.000340e-01
  170.00    45.86    1.872825e-01
  170.00    48.28    1.755166e-01
  170.00    50.69    1.646716e-01
  170.00    53.10    1.549190e-01
  170.00    55.52    1.457713e-01
  170.00    57.93    1.377375e-01
  170.00    60.34    1.331220e-01
  170.00    62.76    1.282059e-01
  170.00    65.17    1.270978e-01
  170.00    67.59    1.309615e-01
  170.00    70.00    1.309980e-01
  175.00     0.00    5.827878e-01
  175.00     2.41    5.645310e-01
  175.00     4.83    5.439306e-01
  175.00     7.24    5.212671e-01
  175.00     9.66    4.968429e-01
  175.00    12.07    4.711220e-01
  175.00    14.48    4.445831e-01
  175.00    16.90    4.183226e-01
  175.00    19.31    3.921130e-01
  175.00    21.72    3.667688e-01
  175.00    24.14    3.426856e-01
  175.00    26.55    3.199601e-01
  175.00    28.97    2.987175e-01
  175.00    31.38    2.785206e-01
  175.00    33.79    2.601021e-01
  175.00    36.21    2.429256e-01
  175.00    38.62    2.269113e-01
  175.00    41.03    2.120295e-01
  175.00    43.45    1.982652e-01
  175.00    45.86    1.855703e-01
  175.00    48.28    1.738454e-01
  175.00    50.69    1.630401e-01
  175.00    53.10    1.533768e-01
  175.00    55.52    1.443045e-01
  175.00    57.93    1.365347e-01
  175.00    60.34    1.325582e-01
  175.00    62.76    1.281115e-01
  175.00    65.17    1.305471e-01
  175.00    67.59    1.312928e-01
  175.00    70.00    1.328053e-01
  180.00     0.00    5.827878e-01
  180.00     2.41    5.640202e-01
  180.00     4.83    5.430503e-01
  180.00     7.24    5.201506e-01
  180.00     9.66    4.956411e-01
  180.00    12.07    4.698184e-01
  180.00    14.48    4.436741e-01
  180.00    16.90    4.170245e-01
  180.00    19.31    3.908054e-01
  180.00    21.72    3.654709e-01
  180.00    24.14    3.413269e-01
  180.00    26.55    3.184990e-01
  180.00    28.97    2.972599e-01
  180.00    31.38    2.773418e-01
  180.00    33.79    2.589269e-01
  180.00    36.21    2.415970e-01
  180.00    38.62    2.263389e-01
  180.00    41.03    2.118366e-01
  180.00    43.45    1.982336e-01
  180.00    45.86    1.855174e-01
  180.00    48.28    1.737876e-01
  180.00    50.69    1.629810e-01
  180.00    53.10    1.533817e-01
  180.00    55.52    1.443411e-01
  180.00    57.93    1.373439e-01
  180.00    60.34    1.327074e-01
  180.00    62.76    1.277258e-01
  180.00    65.17    1.298982e-01
  180.00    67.59    1.314122e-01
  180.00    70.00    1.327014e-01
  185.00     0.00    5.827878e-01
  185.00     2.41    5.636455e-01
  185.00     4.83    5.424395e-01
  185.00     7.24    5.194278e-01
  185.00     9.66    4.949081e-01
  185.00    12.07    4.695229e-01
  185.00    14.48    4.430766e-01
  185.00    16.90    4.166498e-01
  185.00    19.31    3.905022e-01
  185.00    21.72    3.652165e-01
  185.00    24.14    3.410855e-01
  185.00    26.55    3.181256e-01
  185.00    28.97    2.982330e-01
  185.00    31.38    2.781000e-01
  185.00    33.79    2.594334e-01
  185.00    36.21    2.423238e-01
  185.00    38.62    2.262235e-01
  185.00    41.03    2.113081e-01
  185.00    43.45    1.975697e-01
  185.00    45.86    1.849145e-01
  185.00    48.28    1.731682e-01
  185.00    50.69    1.625522e-01
  185.00    53.10    1.526833e-01
  185.00    55.52    1.441835e-01
  185.00    57.93    1.373097e-01
  185.00    60.34    1.317544e-01
  185.00    62.76    1.301868e-01
  185.00    65.17    1.282436e-01
  185.00    67.59    1.290995e-01
  185.00    70.00    1.356984e-01
  190.00     0.00    5.827878e-01
  190.00     2.41    5.634084e-01
  190.00     4.83    5.420985e-01
  190.00     7.24    5.190954e-01
  190.00     9.66    4.946738e-01
  190.00    12.07    4.694550e-01
  190.00    14.48    4.433200e-01
  190.00    16.90    4.168971e-01
  190.00    19.31    3.908676e-01
  190.00    21.72    3.670029e-01
  190.00    24.14    3.429867e-01
  190.00    26.55    3.200978e-01
  190.00    28.97    2.987107e-01
  190.00    31.38    2.787694e-01
  190.00    33.79    2.600782e-01
  190.00    36.21    2.429190e-01
  190.00    38.62    2.267656e-01
  190.00    41.03    2.117901e-01
  190.00    43.45    1.980104e-01
  190.00    45.86    1.852112e-01
  190.00    48.28    1.734016e-01
  190.00    50.69    1.626067e-01
  190.00    53.10    1.526068e-01
  190.00    55.52    1.441597e-01
  190.00    57.93    1.373906e-01
  190.00    60.34    1.308103e-01
  190.00    62.76    1.300561e-01
  190.00    65.17    1.289430e-01
  190.00    67.59    1.322880e-01
  190.00    70.00    1.328913e-01
  195.00     0.00    5.827878e-01
  195.00     2.41    5.633093e-01
  195.00     4.83    5.420257e-01
  195.00     7.24    5.191488e-01
  195.00     9.66    4.952900e-01
  195.00    12.07    4.700858e-01
  195.00    14.48    4.440908e-01
  195.00    16.90    4.182190e-01
  195.00    19.31    3.933674e-01
  195.00    21.72    3.683969e-01
  195.00    24.14    3.444924e-01
  195.00    26.55    3.218159e-01
  195.00    28.97    3.002837e-01
  195.00    31.38    2.801643e-01
  195.00    33.79    2.615943e-01
  195.00    36.21    2.441371e-01
  195.00    38.62    2.281269e-01
  195.00    41.03    2.131458e-01
  195.00    43.45    1.991893e-01
  195.00    45.86    1.864218e-01
  195.00    48.28    1.745032e-01
  195.00    50.69    1.635168e-01
  195.00    53.10    1.532635e-01
  195.00    55.52    1.447131e-01
  195.00    57.93    1.380333e-01
  195.00    60.34    1.315229e-01
  195.00    62.76    1.314111e-01
  195.00    65.17    1.327458e-01
  195.00    67.59    1.318530e-01
  195.00    70.00    1.324506e-01
  200.00     0.00    5.827878e-01
  200.00     2.41    5.633476e-01
  200.00     4.83    5.422184e-01
  200.00     7.24    5.195824e-01
  200.00     9.66    4.961374e-01
  200.00    12.07    4.712050e-01
  200.00    14.48    4.466327e-01
  200.00    16.90    4.208759e-01
  200.00    19.31    3.954136e-01
  200.00    21.72    3.706641e-01
  200.00    24.14    3.469184e-01
  200.00    26.55    3.243380e-01
  200.00    28.97    3.029955e-01
  200.00    31.38    2.828850e-01
  200.00    33.79    2.642337e-01
  200.00    36.21    2.466626e-01
  200.00    38.62    2.305116e-01
  200.00    41.03    2.154063e-01
  200.00    43.45    2.012956e-01
  200.00    45.86    1.882320e-01
  200.00    48.28    1.761607e-01
  200.00    50.69    1.650261e-01
  200.00    53.10    1.550344e-01
  200.00    55.52    1.466912e-01
  200.00    57.93    1.391488e-01
  200.00    60.34    1.325881e-01
  200.00    62.76    1.361408e-01
  200.00    65.17    1.335831e-01
  200.00    67.59    1.316623e-01
  200.00    70.00    1.328767e-01
  205.00     0.00    5.827878e-01
  205.00     2.41    5.635221e-01
  205.00     4.83    5.426723e-01
  205.00     7.24    5.204367e-01
  205.00     9.66    4.973585e-01
  205.00    12.07    4.728629e-01
  205.00    14.48    4.487277e-01
  205.00    16.90    4.233809e-01
  205.00    19.31    3.982818e-01
  205.00    21.72    3.738293e-01
  205.00    24.14    3.504735e-01
  205.00    26.55    3.280288e-01
  205.00    28.97    3.067423e-01
  205.00    31.38    2.866169e-01
  205.00    33.79    2.675704e-01
  205.00    36.21    2.500187e-01
  205.00    38.62    2.334871e-01
  205.00    41.03    2.184296e-01
  205.00    43.45    2.041722e-01
  205.00    45.86    1.909038e-01
  205.00    48.28    1.786275e-01
  205.00    50.69    1.672928e-01
  205.00    53.10    1.568480e-01
  205.00    55.52    1.487108e-01
  205.00    57.93    1.407347e-01
  205.00    60.34    1.395944e-01
  205.00    62.76    1.351387e-01
  205.00    65.17    1.341145e-01
  205.00    67.59    1.330045e-01
  205.00    70.00    1.323825e-01
  210.00     0.00    5.827878e-01
  210.00     2.41    5.638302e-01
  210.00     4.83    5.433817e-01
  210.00     7.24    5.216125e-01
  210.00     9.66    4.990446e-01
  210.00    12.07    4.760468e-01
  210.00    14.48    4.514762e-01
  210.00    16.90    4.266386e-01
  210.00    19.31    4.021555e-01
  210.00    21.72    3.780916e-01
  210.00    24.14    3.548535e-01
  210.00    26.55    3.326583e-01
  210.00    28.97    3.114572e-01
  210.00    31.38    2.913476e-01
  210.00    33.79    2.723710e-01
  210.00    36.21    2.549006e-01
  210.00    38.62    2.381439e-01
  210.00    41.03    2.226526e-01
  210.00    43.45    2.083896e-01
  210.00    45.86    1.948509e-01
  210.00    48.28    1.823025e-01
  210.00    50.69    1.707012e-01
  210.00    53.10    1.600157e-01
  210.00    55.52    1.510253e-01
  210.00    57.93    1.418771e-01
  210.00    60.34    1.405360e-01
  210.00    62.76    1.368710e-01
  210.00    65.17    1.358823e-01
  210.00    67.59    1.338007e-01
  210.00    70.00    1.326182e-01
  215.00     0.00    5.827878e-01
  215.00     2.41    5.642687e-01
  215.00     4.83    5.443396e-01
  215.00     7.24    5.232153e-01
  215.00     9.66    5.011895e-01
  215.00    12.07    4.788176e-01
  215.00    14.48    4.548886e-01
  215.00    16.90    4.308098e-01
  215.00    19.31    4.067978e-01
  215.00    21.72    3.832131e-01
  215.00    24.14    3.603431e-01
  215.00    26.55    3.388784e-01
  215.00    28.97    3.178098e-01
  215.00    31.38    2.977387e-01
  215.00    33.79    2.786826e-01
  215.00    36.21    2.606637e-01
  215.00    38.62    2.436892e-01
  215.00    41.03    2.279236e-01
  215.00    43.45    2.130248e-01
  215.00    45.86    1.991610e-01
  215.00    48.28    1.864743e-01
  215.00    50.69    1.745704e-01
  215.00    53.10    1.637999e-01
  215.00    55.52    1.542091e-01
  215.00    57.93    1.489831e-01
  215.00    60.34    1.429980e-01
  215.00    62.76    1.373631e-01
  215.00    65.17    1.344213e-01
  215.00    67.59    1.343402e-01
  215.00    70.00    1.333087e-01
  220.00     0.00    5.827878e-01
  220.00     2.41    5.648335e-01
  220.00     4.83    5.455372e-01
  220.00     7.24    5.250928e-01
  220.00     9.66    5.045928e-01
  220.00    12.07    4.821427e-01
  220.00    14.48    4.591268e-01
  220.00    16.90    4.356605e-01
  220.00    19.31    4.127750e-01
  220.00    21.72    3.897986e-01
  220.00    24.14    3.674089e-01
  220.00    26.55    3.457372e-01
  220.00    28.97    3.248660e-01
  220.00    31.38    3.051008e-01
  220.00    33.79    2.860213e-01
  220.00    36.21    2.678442e-01
  220.00    38.62    2.510942e-01
  220.00    41.03    2.350187e-01
  220.00    43.45    2.197515e-01
  220.00    45.86    2.054680e-01
  220.00    48.28    1.922786e-01
  220.00    50.69    1.800082e-01
  220.00    53.10    1.687837e-01
  220.00    55.52    1.585406e-01
  220.00    57.93    1.533243e-01
  220.00    60.34    1.442691e-01
  220.00    62.76    1.394652e-01
  220.00    65.17    1.359369e-01
  220.00    67.59    1.333215e-01
  220.00    70.00    1.327218e-01
  225.00     0.00    5.827878e-01
  225.00     2.41    5.655196e-01
  225.00     4.83    5.469642e-01
  225.00     7.24    5.273034e-01
  225.00     9.66    5.076039e-01
  225.00    12.07    4.860316e-01
  225.00    14.48    4.639591e-01
  225.00    16.90    4.416992e-01
  225.00    19.31    4.191504e-01
  225.00    21.72    3.970982e-01
  225.00    24.14    3.758239e-01
  225.00    26.55    3.546063e-01
  225.00    28.97    3.340279e-01
  225.00    31.38    3.141451e-01
  225.00    33.79    2.950580e-01
  225.00    36.21    2.767187e-01
  225.00    38.62    2.591545e-01
  225.00    41.03    2.425427e-01
  225.00    43.45    2.270500e-01
  225.00    45.86    2.123273e-01
  225.00    48.28    1.985440e-01
  225.00    50.69    1.857121e-01
  225.00    53.10    1.741177e-01
  225.00    55.52    1.665762e-01
  225.00    57.93    1.576380e-01
  225.00    60.34    1.478240e-01
  225.00    62.76    1.409905e-01
  225.00    65.17    1.372971e-01
  225.00    67.59    1.321058e-01
  225.00    70.00    1.294790e-01
  230.00     0.00    5.827878e-01
  230.00     2.41    5.663213e-01
  230.00     4.83    5.486090e-01
  230.00     7.24    5.298309e-01
  230.00     9.66    5.110287e-01
  230.00    12.07    4.905828e-01
  230.00    14.48    4.696138e-01
  230.00    16.90    4.482256e-01
  230.00    19.31    4.271245e-01
  230.00    21.72    4.057377e-01
  230.00    24.14    3.846725e-01
  230.00    26.55    3.639512e-01
  230.00    28.97    3.437730e-01
  230.00    31.38    3.241136e-01
  230.00    33.79    3.050214e-01
  230.00    36.21    2.866270e-01
  230.00    38.62    2.688537e-01
  230.00    41.03    2.518250e-01
  230.00    43.45    2.358725e-01
  230.00    45.86    2.205809e-01
  230.00    48.28    2.062101e-01
  230.00    50.69    1.927836e-01
  230.00    53.10    1.806394e-01
  230.00    55.52    1.718903e-01
  230.00    57.93    1.624021e-01
  230.00    60.34    1.509228e-01
  230.00    62.76    1.425879e-01
  230.00    65.17    1.365894e-01
  230.00    67.59    1.326056e-01
  230.00    70.00    1.292477e-01
  235.00     0.00    5.827878e-01
  235.00     2.41    5.672321e-01
  235.00     4.83    5.504579e-01
  235.00     7.24    5.326551e-01
  235.00     9.66    5.148820e-01
  235.00    12.07    4.956826e-01
  235.00    14.48    4.761578e-01
  235.00    16.90    4.557688e-01
  235.00    19.31    4.352199e-01
  235.00    21.72    4.148211e-01
  235.00    24.14    3.946245e-01
  235.00    26.55    3.746688e-01
  235.00    28.97    3.550356e-01
  235.00    31.38    3.361550e-01
  235.00    33.79    3.171998e-01
  235.00    36.21    2.987497e-01
  235.00    38.62    2.807056e-01
  235.00    41.03    2.632512e-01
  235.00    43.45    2.467402e-01
  235.00    45.86    2.309313e-01
  235.00    48.28    2.159859e-01
  235.00    50.69    2.018210e-01
  235.00    53.10    1.891356e-01
  235.00    55.52    1.804589e-01
  235.00    57.93    1.634966e-01
  235.00    60.34    1.541808e-01
  235.00    62.76    1.443721e-01
  235.00    65.17    1.366620e-01
  235.00    67.59    1.330399e-01
  235.00    70.00    1.300379e-01
  240.00     0.00    5.827878e-01
  240.00     2.41    5.682448e-01
  240.00     4.83    5.524959e-01
  240.00     7.24    5.357522e-01
  240.00     9.66    5.190746e-01
  240.00    12.07    5.014760e-01
  240.00    14.48    4.826273e-01
  240.00    16.90    4.634775e-01
  240.00    19.31    4.441726e-01
  240.00    21.72    4.253523e-01
  240.00    24.14    4.062061e-01
  240.00    26.55    3.871790e-01
  240.00    28.97    3.684510e-01
  240.00    31.38    3.496573e-01
  240.00    33.79    3.311612e-01
  240.00    36.21    3.126464e-01
  240.00    38.62    2.944889e-01
  240.00    41.03    2.766108e-01
  240.00    43.45    2.592222e-01
  240.00    45.86    2.427193e-01
  240.00    48.28    2.267802e-01
  240.00    50.69    2.117398e-01
  240.00    53.10    1.979115e-01
  240.00    55.52    1.879853e-01
  240.00    57.93    1.667374e-01
  240.00    60.34    1.575693e-01
  240.00    62.76    1.459664e-01
  240.00    65.17    1.371525e-01
  240.00    67.59    1.331501e-01
  240.00    70.00    1.305814e-01
  245.00     0.00    5.827878e-01
  245.00     2.41    5.693517e-01
  245.00     4.83    5.547065e-01
  245.00     7.24    5.391368e-01
  245.00     9.66    5.238019e-01
  245.00    12.07    5.071171e-01
  245.00    14.48    4.900044e-01
  245.00    16.90    4.722174e-01
  245.00    19.31    4.543114e-01
  245.00    21.72    4.365412e-01
  245.00    24.14    4.186074e-01
  245.00    26.55    4.008537e-01
  245.00    28.97    3.828784e-01
  245.00    31.38    3.648113e-01
  245.00    33.79    3.466133e-01
  245.00    36.21    3.282861e-01
  245.00    38.62    3.101202e-01
  245.00    41.03    2.919579e-01
  245.00    43.45    2.738877e-01
  245.00    45.86    2.562753e-01
  245.00    48.28    2.395672e-01
  245.00    50.69    2.234709e-01
  245.00    53.10    2.084558e-01
  245.00    55.52    2.013928e-01
  245.00    57.93    1.729496e-01
  245.00    60.34    1.569659e-01
  245.00    62.76    1.478872e-01
  245.00    65.17    1.389210e-01
  245.00    67.59    1.343828e-01
  245.00    70.00    1.310105e-01
  250.00     0.00    5.827878e-01
  250.00     2.41    5.705445e-01
  250.00     4.83    5.570719e-01
  250.00     7.24    5.426203e-01
  250.00     9.66    5.287740e-01
  250.00    12.07    5.134514e-01
  250.00    14.48    4.973931e-01
  250.00    16.90    4.812363e-01
  250.00    19.31    4.647984e-01
  250.00    21.72    4.484659e-01
  250.00    24.14    4.319050e-01
  250.00    26.55    4.154730e-01
  250.00    28.97    3.986445e-01
  250.00    31.38    3.815421e-01
  250.00    33.79    3.640634e-01
  250.00    36.21    3.461413e-01
  250.00    38.62    3.277868e-01
  250.00    41.03    3.091506e-01
  250.00    43.45    2.903842e-01
  250.00    45.86    2.719572e-01
  250.00    48.28    2.547179e-01
  250.00    50.69    2.378451e-01
  250.00    53.10    2.216675e-01
  250.00    55.52    2.135089e-01
  250.00    57.93    1.804276e-01
  250.00    60.34    1.597923e-01
  250.00    62.76    1.517580e-01
  250.00    65.17    1.463351e-01
  250.00    67.59    1.369643e-01
  250.00    70.00    1.328386e-01
  255.00     0.00    5.827878e-01
  255.00     2.41    5.718143e-01
  255.00     4.83    5.595736e-01
  255.00     7.24    5.466050e-01
  255.00     9.66    5.339115e-01
  255.00    12.07    5.196819e-01
  255.00    14.48    5.052382e-01
  255.00    16.90    4.904515e-01
  255.00    19.31    4.757190e-01
  255.00    21.72    4.609738e-01
  255.00    24.14    4.459229e-01
  255.00    26.55    4.306986e-01
  255.00    28.97    4.152006e-01
  255.00    31.38    3.992894e-01
  255.00    33.79    3.842670e-01
  255.00    36.21    3.669829e-01
  255.00    38.62    3.488929e-01
  255.00    41.03    3.300083e-01
  255.00    43.45    3.105637e-01
  255.00    45.86    2.909110e-01
  255.00    48.28    2.716528e-01
  255.00    50.69    2.530133e-01
  255.00    53.10    2.356073e-01
  255.00    55.52    2.250247e-01
  255.00    57.93    1.800658e-01
  255.00    60.34    1.631691e-01
  255.00    62.76    1.556283e-01
  255.00    65.17    1.484324e-01
  255.00    67.59    1.436401e-01
  255.00    70.00    1.345368e-01
  260.00     0.00    5.827878e-01
  260.00     2.41    5.731521e-01
  260.00     4.83    5.621920e-01
  260.00     7.24    5.506916e-01
  260.00     9.66    5.389350e-01
  260.00    12.07    5.262206e-01
  260.00    14.48    5.131120e-01
  260.00    16.90    5.001909e-01
  260.00    19.31    4.869153e-01
  260.00    21.72    4.735781e-01
  260.00    24.14    4.612385e-01
  260.00    26.55    4.479549e-01
  260.00    28.97    4.339028e-01
  260.00    31.38    4.193422e-01
  260.00    33.79    4.040445e-01
  260.00    36.21    3.877298e-01
  260.00    38.62    3.702059e-01
  260.00    41.03    3.513703e-01
  260.00    43.45    3.314132e-01
  260.00    45.86    3.107348e-01
  260.00    48.28    2.898851e-01
  260.00    50.69    2.698020e-01
  260.00    53.10    2.508626e-01
  260.00    55.52    2.376573e-01
  260.00    57.93    1.901950e-01
  260.00    60.34    1.715378e-01
  260.00    62.76    1.604549e-01
  260.00    65.17    1.532105e-01
  260.00    67.59    1.466515e-01
  260.00    70.00    1.369234e-01
  265.00     0.00    5.827878e-01
  265.00     2.41    5.745482e-01
  265.00     4.83    5.649076e-01
  265.00     7.24    5.546814e-01
  265.00     9.66    5.440825e-01
  265.00    12.07    5.327094e-01
  265.00    14.48    5.213158e-01
  265.00    16.90    5.096154e-01
  265.00    19.31    4.989293e-01
  265.00    21.72    4.876329e-01
  265.00    24.14    4.757994e-01
  265.00    26.55    4.639099e-01
  265.00    28.97    4.513402e-01
  265.00    31.38    4.381980e-01
  265.00    33.79    4.242423e-01
  265.00    36.21    4.090833e-01
  265.00    38.62    3.923751e-01
  265.00    41.03    3.738633e-01
  265.00    43.45    3.536144e-01
  265.00    45.86    3.320175e-01
  265.00    48.28    3.097438e-01
  265.00    50.69    2.876318e-01
  265.00    53.10    2.668666e-01
  265.00    55.52    2.450535e-01
  265.00    57.93    1.972468e-01
  265.00    60.34    1.806015e-01
  265.00    62.76    1.676536e-01
  265.00    65.17    1.568254e-01
  265.00    67.59    1.505927e-01
  265.00    70.00    1.445521e-01
  270.00     0.00    5.827878e-01
  270.00     2.41    5.759930e-01
  270.00     4.83    5.677005e-01
  270.00     7.24    5.586512e-01
  270.00     9.66    5.493683e-01
  270.00    12.07    5.393212e-01
  270.00    14.48    5.291368e-01
  270.00    16.90    5.200132e-01
  270.00    19.31    5.101343e-01
  270.00    21.72    5.000542e-01
  270.00    24.14    4.897774e-01
  270.00    26.55    4.790856e-01
  270.00    28.97    4.678220e-01
  270.00    31.38    4.558941e-01
  270.00    33.79    4.431235e-01
  270.00    36.21    4.290868e-01
  270.00    38.62    4.133238e-01
  270.00    41.03    3.954086e-01
  270.00    43.45    3.751870e-01
  270.00    45.86    3.529355e-01
  270.00    48.28    3.293946e-01
  270.00    50.69    3.056116e-01
  270.00    53.10    2.826764e-01
  270.00    55.52    2.538601e-01
  270.00    57.93    2.149529e-01
  270.00    60.34    1.905926e-01
  270.00    62.76    1.767959e-01
  270.00    65.17    1.625057e-01
  270.00    67.59    1.543406e-01
  270.00    70.00    1.488980e-01
  275.00     0.00    5.827878e-01
  275.00     2.41    5.774765e-01
  275.00     4.83    5.705514e-01
  275.00     7.24    5.627016e-01
  275.00     9.66    5.544273e-01
  275.00    12.07    5.457958e-01
  275.00    14.48    5.377779e-01
  275.00    16.90    5.289359e-01
  275.00    19.31    5.202339e-01
  275.00    21.72    5.115598e-01
  275.00    24.14    5.026435e-01
  275.00    26.55    4.931557e-01
  275.00    28.97    4.828630e-01
  275.00    31.38    4.717014e-01
  275.00    33.79    4.596243e-01
  275.00    36.21    4.463545e-01
  275.00    38.62    4.314049e-01
  275.00    41.03    4.142392e-01
  275.00    43.45    3.943497e-01
  275.00    45.86    3.718229e-01
  275.00    48.28    3.473723e-01
  275.00    50.69    3.222102e-01
  275.00    53.10    2.975823e-01
  275.00    55.52    2.539854e-01
  275.00    57.93    2.290639e-01
  275.00    60.34    1.980670e-01
  275.00    62.76    1.817997e-01
  275.00    65.17    1.689714e-01
  275.00    67.59    1.595296e-01
  275.00    70.00    1.520760e-01
  280.00     0.00    5.827878e-01
  280.00     2.41    5.789886e-01
  280.00     4.83    5.733643e-01
  280.00     7.24    5.667439e-01
  280.00     9.66    5.594834e-01
  280.00    12.07    5.521197e-01
  280.00    14.48    5.448696e-01
  280.00    16.90    5.371234e-01
  280.00    19.31    5.295445e-01
  280.00    21.72    5.219978e-01
  280.00    24.14    5.141340e-01
  280.00    26.55    5.054923e-01
  280.00    28.97    4.957191e-01
  280.00    31.38    4.847454e-01
  280.00    33.79    4.726915e-01
  280.00    36.21    4.595498e-01
  280.00    38.62    4.449705e-01
  280.00    41.03    4.283177e-01
  280.00    43.45    4.088581e-01
  280.00    45.86    3.864141e-01
  280.00    48.28    3.615724e-01
  280.00    50.69    3.356084e-01
  280.00    53.10    3.077057e-01
  280.00    55.52    2.603583e-01
  280.00    57.93    2.353543e-01
  280.00    60.34    2.148950e-01
  280.00    62.76    1.914181e-01
  280.00    65.17    1.780856e-01
  280.00    67.59    1.661330e-01
  280.00    70.00    1.569687e-01
  285.00     0.00    5.827878e-01
  285.00     2.41    5.805193e-01
  285.00     4.83    5.762704e-01
  285.00     7.24    5.709576e-01
  285.00     9.66    5.646457e-01
  285.00    12.07    5.584925e-01
  285.00    14.48    5.515404e-01
  285.00    16.90    5.446231e-01
  285.00    19.31    5.378335e-01
  285.00    21.72    5.310194e-01
  285.00    24.14    5.237685e-01
  285.00    26.55    5.155025e-01
  285.00    28.97    5.057428e-01
  285.00    31.38    4.943919e-01
  285.00    33.79    4.817150e-01
  285.00    36.21    4.679715e-01
  285.00    38.62    4.530351e-01
  285.00    41.03    4.363387e-01
  285.00    43.45    4.170787e-01
  285.00    45.86    3.948937e-01
  285.00    48.28    3.702115e-01
  285.00    50.69    3.442334e-01
  285.00    53.10    3.086599e-01
  285.00    55.52    2.788180e-01
  285.00    57.93    2.431597e-01
  285.00    60.34    2.227215e-01
  285.00    62.76    1.985598e-01
  285.00    65.17    1.870213e-01
  285.00    67.59    1.746569e-01
  285.00    70.00    1.635056e-01
  290.00     0.00    5.827878e-01
  290.00     2.41    5.820584e-01
  290.00     4.83    5.791155e-01
  290.00     7.24    5.750007e-01
  290.00     9.66    5.696530e-01
  290.00    12.07    5.637727e-01
  290.00    14.48    5.576904e-01
  290.00    16.90    5.513406e-01
  290.00    19.31    5.449464e-01
  290.00    21.72    5.383840e-01
  290.00    24.14    5.312050e-01
  290.00    26.55    5.227659e-01
  290.00    28.97    5.125141e-01
  290.00    31.38    5.003273e-01
  290.00    33.79    4.865532e-01
  290.00    36.21    4.716371e-01
  290.00    38.62    4.556772e-01
  290.00    41.03    4.382754e-01
  290.00    43.45    4.188180e-01
  290.00    45.86    3.968835e-01
  290.00    48.28    3.728095e-01
  290.00    50.69    3.475671e-01
  290.00    53.10    3.183188e-01
  290.00    55.52    2.850685e-01
  290.00    57.93    2.498282e-01
  290.00    60.34    2.313211e-01
  290.00    62.76    2.124338e-01
  290.00    65.17    1.933589e-01
  290.00    67.59    1.828408e-01
  290.00    70.00    1.714502e-01
  295.00     0.00    5.827878e-01
  295.00     2.41    5.835959e-01
  295.00     4.83    5.820086e-01
  295.00     7.24    5.790452e-01
  295.00     9.66    5.744916e-01
  295.00    12.07    5.690802e-01
  295.00    14.48    5.632744e-01
  295.00    16.90    5.572151e-01
  295.00    19.31    5.508445e-01
  295.00    21.72    5.440331e-01
  295.00    24.14    5.363679e-01
  295.00    26.55    5.272149e-01
  295.00    28.97    5.160362e-01
  295.00    31.38    5.027202e-01
  295.00    33.79    4.876369e-01
  295.00    36.21    4.713087e-01
  295.00    38.62    4.539970e-01
  295.00    41.03    4.355431e-01
  295.00    43.45    4.155799e-01
  295.00    45.86    3.938576e-01
  295.00    48.28    3.706570e-01
  295.00    50.69    3.467092e-01
  295.00    53.10    3.192221e-01
  295.00    55.52    2.879157e-01
  295.00    57.93    2.543536e-01
  295.00    60.34    2.376607e-01
  295.00    62.76    2.211138e-01
  295.00    65.17    2.051344e-01
  295.00    67.59    1.885432e-01
  295.00    70.00    1.789815e-01
  300.00     0.00    5.827878e-01
  300.00     2.41    5.851218e-01
  300.00     4.83    5.849698e-01
  300.00     7.24    5.830265e-01
  300.00     9.66    5.790035e-01
  300.00    12.07    5.741173e-01
  300.00    14.48    5.684616e-01
  300.00    16.90    5.622820e-01
  300.00    19.31    5.555922e-01
  300.00    21.72    5.480903e-01
  300.00    24.14    5.395026e-01
  300.00    26.55    5.292157e-01
  300.00    28.97    5.168219e-01
  300.00    31.38    5.022637e-01
  300.00    33.79    4.859218e-01
  300.00    36.21    4.682714e-01
  300.00    38.62    4.496864e-01
  300.00    41.03    4.302233e-01
  300.00    43.45    4.097663e-01
  300.00    45.86    3.883077e-01
  300.00    48.28    3.661419e-01
  300.00    50.69    3.436179e-01
  300.00    53.10    3.180674e-01
  300.00    55.52    2.913841e-01
  300.00    57.93    2.619563e-01
  300.00    60.34    2.419405e-01
  300.00    62.76    2.271861e-01
  300.00    65.17    2.119357e-01
  300.00    67.59    1.922488e-01
  300.00    70.00    1.838748e-01
  305.00     0.00    5.827878e-01
  305.00     2.41    5.866261e-01
  305.00     4.83    5.879712e-01
  305.00     7.24    5.868996e-01
  305.00     9.66    5.833828e-01
  305.00    12.07    5.789113e-01
  305.00    14.48    5.733447e-01
  305.00    16.90    5.668019e-01
  305.00    19.31    5.594345e-01
  305.00    21.72    5.509599e-01
  305.00    24.14    5.410978e-01
  305.00    26.55    5.295738e-01
  305.00    28.97    5.158518e-01
  305.00    31.38    5.000838e-01
  305.00    33.79    4.824596e-01
  305.00    36.21    4.637641e-01
  305.00    38.62    4.442337e-01
  305.00    41.03    4.240741e-01
  305.00    43.45    4.033705e-01
  305.00    45.86    3.822275e-01
  305.00    48.28    3.608898e-01
  305.00    50.69    3.396666e-01
  305.00    53.10    3.173038e-01
  305.00    55.52    2.933219e-01
  305.00    57.93    2.719945e-01
  305.00    60.34    2.462937e-01
  305.00    62.76    2.317665e-01
  305.00    65.17    2.177214e-01
  305.00    67.59    2.048178e-01
  305.00    70.00    1.872990e-01
  310.00     0.00    5.827878e-01
  310.00     2.41    5.880991e-01
  310.00     4.83    5.907436e-01
  310.00     7.24    5.906672e-01
  310.00     9.66    5.879088e-01
  310.00    12.07    5.835065e-01
  310.00    14.48    5.779204e-01
  310.00    16.90    5.709564e-01
  310.00    19.31    5.627696e-01
  310.00    21.72    5.530462e-01
  310.00    24.14    5.417796e-01
  310.00    26.55    5.286331e-01
  310.00    28.97    5.136388e-01
  310.00    31.38    4.967989e-01
  310.00    33.79    4.784567e-01
  310.00    36.21    4.590444e-01
  310.00    38.62    4.389521e-01
  310.00    41.03    4.184608e-01
  310.00    43.45    3.977646e-01
  310.00    45.86    3.770359e-01
  310.00    48.28    3.564755e-01
  310.00    50.69    3.363359e-01
  310.00    53.10    3.166735e-01
  310.00    55.52    2.933354e-01
  310.00    57.93    2.737182e-01
  310.00    60.34    2.521018e-01
  310.00    62.76    2.360215e-01
  310.00    65.17    2.229722e-01
  310.00    67.59    2.102097e-01
  310.00    70.00    1.985549e-01
  315.00     0.00    5.827878e-01
  315.00     2.41    5.895310e-01
  315.00     4.83    5.934482e-01
  315.00     7.24    5.943480e-01
  315.00     9.66    5.921163e-01
  315.00    12.07    5.881520e-01
  315.00    14.48    5.823792e-01
  315.00    16.90    5.748552e-01
  315.00    19.31    5.655763e-01
  315.00    21.72    5.546551e-01
  315.00    24.14    5.420237e-01
  315.00    26.55    5.277075e-01
  315.00    28.97    5.115333e-01
  315.00    31.38    4.937749e-01
  315.00    33.79    4.747591e-01
  315.00    36.21    4.547911e-01
  315.00    38.62    4.344368e-01
  315.00    41.03    4.138818e-01
  315.00    43.45    3.933663e-01
  315.00    45.86    3.730822e-01
  315.00    48.28    3.532056e-01
  315.00    50.69    3.339047e-01
  315.00    53.10    3.152348e-01
  315.00    55.52    2.959566e-01
  315.00    57.93    2.769958e-01
  315.00    60.34    2.599219e-01
  315.00    62.76    2.396820e-01
  315.00    65.17    2.270858e-01
  315.00    67.59    2.152160e-01
  315.00    70.00    2.034701e-01
  320.00     0.00    5.827878e-01
  320.00     2.41    5.909123e-01
  320.00     4.83    5.960765e-01
  320.00     7.24    5.980397e-01
  320.00     9.66    5.964086e-01
  320.00    12.07    5.928582e-01
  320.00    14.48    5.864889e-01
  320.00    16.90    5.786477e-01
  320.00    19.31    5.685567e-01
  320.00    21.72    5.564247e-01
  320.00    24.14    5.425135e-01
  320.00    26.55    5.268851e-01
  320.00    28.97    5.096900e-01
  320.00    31.38    4.911744e-01
  320.00    33.79    4.717470e-01
  320.00    36.21    4.515911e-01
  320.00    38.62    4.311303e-01
  320.00    41.03    4.106521e-01
  320.00    43.45    3.903846e-01
  320.00    45.86    3.705188e-01
  320.00    48.28    3.512027e-01
  320.00    50.69    3.325629e-01
  320.00    53.10    3.146407e-01
  320.00    55.52    2.971349e-01
  320.00    57.93    2.785814e-01
  320.00    60.34    2.620406e-01
  320.00    62.76    2.478434e-01
  320.00    65.17    2.305415e-01
  320.00    67.59    2.188370e-01
  320.00    70.00    2.081319e-01
  325.00     0.00    5.827878e-01
  325.00     2.41    5.922334e-01
  325.00     4.83    5.986003e-01
  325.00     7.24    6.015458e-01
  325.00     9.66    6.004795e-01
  325.00    12.07    5.972157e-01
  325.00    14.48    5.915085e-01
  325.00    16.90    5.826840e-01
  325.00    19.31    5.717987e-01
  325.00    21.72    5.585446e-01
  325.00    24.14    5.435055e-01
  325.00    26.55    5.267466e-01
  325.00    28.97    5.086416e-01
  325.00    31.38    4.894872e-01
  325.00    33.79    4.695835e-01
  325.00    36.21    4.492500e-01
  325.00    38.62    4.287296e-01
  325.00    41.03    4.082747e-01
  325.00    43.45    3.883003e-01
  325.00    45.86    3.689010e-01
  325.00    48.28    3.500672e-01
  325.00    50.69    3.319649e-01
  325.00    53.10    3.146450e-01
  325.00    55.52    2.981518e-01
  325.00    57.93    2.819109e-01
  325.00    60.34    2.657221e-01
  325.00    62.76    2.507975e-01
  325.00    65.17    2.375939e-01
  325.00    67.59    2.226997e-01
  325.00    70.00    2.119884e-01
  330.00     0.00    5.827878e-01
  330.00     2.41    5.934850e-01
  330.00     4.83    6.010165e-01
  330.00     7.24    6.049451e-01
  330.00     9.66    6.042570e-01
  330.00    12.07    6.017674e-01
  330.00    14.48    5.961264e-01
  330.00    16.90    5.877443e-01
  330.00    19.31    5.758229e-01
  330.00    21.72    5.612872e-01
  330.00    24.14    5.452668e-01
  330.00    26.55    5.271713e-01
  330.00    28.97    5.082033e-01
  330.00    31.38    4.885055e-01
  330.00    33.79    4.682924e-01
  330.00    36.21    4.478422e-01
  330.00    38.62    4.274191e-01
  330.00    41.03    4.072504e-01
  330.00    43.45    3.875200e-01
  330.00    45.86    3.683700e-01
  330.00    48.28    3.499068e-01
  330.00    50.69    3.322069e-01
  330.00    53.10    3.154651e-01
  330.00    55.52    2.993226e-01
  330.00    57.93    2.840840e-01
  330.00    60.34    2.690279e-01
  330.00    62.76    2.543652e-01
  330.00    65.17    2.410835e-01
  330.00    67.59    2.273090e-01
  330.00    70.00    2.156684e-01
  335.00     0.00    5.827878e-01
  335.00     2.41    5.946580e-01
  335.00     4.83    6.033102e-01
  335.00     7.24    6.082536e-01
  335.00     9.66    6.081585e-01
  335.00    12.07    6.062382e-01
  335.00    14.48    6.008336e-01
  335.00    16.90    5.920118e-01
  335.00    19.31    5.800581e-01
  335.00    21.72    5.655046e-01
  335.00    24.14    5.501317e-01
  335.00    26.55    5.287630e-01
  335.00    28.97    5.089773e-01
  335.00    31.38    4.887733e-01
  335.00    33.79    4.682588e-01
  335.00    36.21    4.476756e-01
  335.00    38.62    4.272541e-01
  335.00    41.03    4.071905e-01
  335.00    43.45    3.876426e-01
  335.00    45.86    3.687306e-01
  335.00    48.28    3.505418e-01
  335.00    50.69    3.331364e-01
  335.00    53.10    3.166910e-01
  335.00    55.52    3.008637e-01
  335.00    57.93    2.859528e-01
  335.00    60.34    2.714715e-01
  335.00    62.76    2.579014e-01
  335.00    65.17    2.442340e-01
  335.00    67.59    2.323405e-01
  335.00    70.00    2.199524e-01
  340.00     0.00    5.827878e-01
  340.00     2.41    5.957434e-01
  340.00     4.83    6.054653e-01
  340.00     7.24    6.113453e-01
  340.00     9.66    6.121953e-01
  340.00    12.07    6.107821e-01
  340.00    14.48    6.056578e-01
  340.00    16.90    5.970174e-01
  340.00    19.31    5.848176e-01
  340.00    21.72    5.695798e-01
  340.00    24.14    5.521085e-01
  340.00    26.55    5.323143e-01
  340.00    28.97    5.119286e-01
  340.00    31.38    4.907972e-01
  340.00    33.79    4.691842e-01
  340.00    36.21    4.484424e-01
  340.00    38.62    4.279785e-01
  340.00    41.03    4.079608e-01
  340.00    43.45    3.885232e-01
  340.00    45.86    3.697662e-01
  340.00    48.28    3.516160e-01
  340.00    50.69    3.344190e-01
  340.00    53.10    3.181790e-01
  340.00    55.52    3.026589e-01
  340.00    57.93    2.879494e-01
  340.00    60.34    2.738322e-01
  340.00    62.76    2.604019e-01
  340.00    65.17    2.479245e-01
  340.00    67.59    2.353901e-01
  340.00    70.00    2.246079e-01
  345.00     0.00    5.827878e-01
  345.00     2.41    5.967326e-01
  345.00     4.83    6.074784e-01
  345.00     7.24    6.143476e-01
  345.00     9.66    6.160084e-01
  345.00    12.07    6.150692e-01
  345.00    14.48    6.110031e-01
  345.00    16.90    6.029857e-01
  345.00    19.31    5.906056e-01
  345.00    21.72    5.749511e-01
  345.00    24.14    5.563710e-01
  345.00    26.55    5.357346e-01
  345.00    28.97    5.144897e-01
  345.00    31.38    4.932980e-01
  345.00    33.79    4.721167e-01
  345.00    36.21    4.511383e-01
  345.00    38.62    4.305350e-01
  345.00    41.03    4.104512e-01
  345.00    43.45    3.909259e-01
  345.00    45.86    3.718870e-01
  345.00    48.28    3.539644e-01
  345.00    50.69    3.368538e-01
  345.00    53.10    3.201500e-01
  345.00    55.52    3.047506e-01
  345.00    57.93    2.901708e-01
  345.00    60.34    2.762802e-01
  345.00    62.76    2.630935e-01
  345.00    65.17    2.504832e-01
  345.00    67.59    2.388615e-01
  345.00    70.00    2.274450e-01
  350.00     0.00    5.827878e-01
  350.00     2.41    5.976170e-01
  350.00     4.83    6.093180e-01
  350.00     7.24    6.172998e-01
  350.00     9.66    6.193580e-01
  350.00    12.07    6.199756e-01
  350.00    14.48    6.166990e-01
  350.00    16.90    6.095698e-01
  350.00    19.31    5.977003e-01
  350.00    21.72    5.816736e-01
  350.00    24.14    5.622386e-01
  350.00    26.55    5.396723e-01
  350.00    28.97    5.179212e-01
  350.00    31.38    4.962168e-01
  350.00    33.79    4.746894e-01
  350.00    36.21    4.534897e-01
  350.00    38.62    4.327571e-01
  350.00    41.03    4.126114e-01
  350.00    43.45    3.931480e-01
  350.00    45.86    3.744375e-01
  350.00    48.28    3.565269e-01
  350.00    50.69    3.394443e-01
  350.00    53.10    3.232015e-01
  350.00    55.52    3.079230e-01
  350.00    57.93    2.934204e-01
  350.00    60.34    2.794578e-01
  350.00    62.76    2.665212e-01
  350.00    65.17    2.538399e-01
  350.00    67.59    2.422459e-01
  350.00    70.00    2.314662e-01
  355.00     0.00    5.827878e-01
  355.00     2.41    5.983889e-01
  355.00     4.83    6.109652e-01
  355.00     7.24    6.198699e-01
  355.00     9.66    6.229609e-01
  355.00    12.07    6.245767e-01
  355.00    14.48    6.229418e-01
  355.00    16.90    6.166032e-01
  355.00    19.31    6.051599e-01
  355.00    21.72    5.882990e-01
  355.00    24.14    5.674539e-01
  355.00    26.55    5.448434e-01
  355.00    28.97    5.223027e-01
  355.00    31.38    4.998162e-01
  355.00    33.79    4.778852e-01
  355.00    36.21    4.564044e-01
  355.00    38.62    4.354777e-01
  355.00    41.03    4.152014e-01
  355.00    43.45    3.956540e-01
  355.00    45.86    3.768934e-01
  355.00    48.28    3.589574e-01
  355.00    50.69    3.418661e-01
  355.00    53.10    3.256256e-01
  355.00    55.52    3.103404e-01
  355.00    57.93    2.957934e-01
  355.00    60.34    2.819182e-01
  355.00    62.76    2.689477e-01
  355.00    65.17    2.566878e-01
  355.00    67.59    2.447421e-01
  355.00    70.00    2.340038e-01
