2000 02 01
2000 04 22
2000 09 19
2000 09 21
2000 09 23
2000 11 08
2000 12 13
2001 02 04
2001 02 05
2001 02 17
2001 03 02
2001 03 30
2001 07 26
2001 12 06
2001 12 09
2002 01 25
2002 02 03
2002 02 24
2002 02 27
2002 04 09
2002 04 21
2002 05 07
2002 05 15
2002 07 12
2002 07 13
2002 07 23
2002 08 01
2002 08 09
2002 08 22
2002 09 03
2002 09 20
2002 10 07
2002 10 11
2002 11 16
2002 12 06
2002 12 13
2002 12 19
2002 12 24
2002 12 26
2003 01 18
2003 01 22
2003 01 25
2003 01 31
2003 02 12
2003 02 13
2003 03 09
2003 03 13
2003 03 16
2003 06 15
2003 07 10
2003 07 23
2003 08 08
2003 10 01
2003 12 19
2004 01 01
2004 01 29
2004 02 01
2004 02 09
2004 02 26
2004 03 17
2004 03 25
2004 03 29
2004 04 16
2004 05 14
2004 05 17
2004 07 08
2004 08 15
2004 08 19
2004 08 24
2004 09 19
2004 10 09
2004 10 21
2004 10 24
2004 10 30
2004 11 08
2004 11 17
2004 12 02
2004 12 03
2004 12 18
2005 01 06
2005 01 15
2005 02 11
2005 02 23
2005 04 02
2005 04 05
2005 04 10
2005 04 24
2005 04 27
2005 05 10
2005 05 20
2005 05 22
2005 06 02
2005 07 08
2005 07 25
2005 08 07
2005 08 09
2005 09 17
2005 09 20
2005 09 30
2005 10 11
2005 10 30
2005 11 04
2005 11 17
2005 12 17
2005 12 23
2005 12 26
2006 01 06
2006 01 08
2006 01 13
2006 01 18
2006 01 31
2006 02 04
2006 02 07
2006 02 13
2006 02 16
2006 03 09
2006 03 15
2006 03 23
2006 03 30
2006 04 29
2006 08 05
2006 09 21
2006 10 09
2006 10 13
2006 10 19
2006 12 07
2006 12 21
2007 02 11
2007 02 14
2007 04 03
2007 04 16
2007 04 23
2007 04 25
2007 04 26
2007 06 12
2007 07 01
2007 07 25
2007 08 10
2007 08 25
2007 08 28
2007 09 29
2007 10 12
2007 10 16
2007 11 01
2007 11 18
2007 12 09
2007 12 21
2008 01 26
2008 01 28
2008 02 02
2008 08 16
2008 08 25
2008 08 28
2008 08 31
2008 09 05
2008 12 13
2009 02 20
2009 03 23
2009 03 24
2009 06 05
2009 06 27
2009 07 11
2009 08 16
2009 10 20
2009 11 11
2009 11 22
2009 11 27
2010 01 12
2010 01 23
2010 01 31
2010 02 07
2010 02 20
2010 03 01
2010 07 02
2010 07 21
2010 10 19
2010 11 20
2011 01 18
2011 01 22
2011 04 11
2011 06 08
2011 06 20
2011 06 24
2011 07 21
2011 07 24
2011 07 28
2011 08 01
2011 09 21
2011 09 29
2011 10 06
2011 10 28
2011 12 26
2012 01 07
2012 01 08
2012 03 20
2012 03 23
2012 03 25
2012 04 04
2012 04 11
2012 04 25
2012 05 15
2012 06 23
2012 07 15
2012 08 23
2012 09 20
2012 09 21
2012 10 06
2012 10 07
2012 11 24
2012 12 21
2013 02 17
2013 03 21
2013 04 12
2013 04 13
2013 04 17
2013 04 30
2013 05 23
2013 06 08
2013 06 21
2013 06 29
2013 07 06
2013 07 07
2013 07 18
2013 07 23
2013 08 13
2013 08 16
2013 08 24
2013 08 27
2013 09 04
2013 09 10
2013 09 14
2013 10 01
2013 10 25
2013 10 26
2013 11 08
2013 11 15
2013 12 13
2014 01 02
2014 01 04
2014 01 10
2014 02 07
2014 02 27
2014 02 28
2014 03 25
2014 03 27
2014 04 01
2014 04 05
2014 04 09
2014 04 10
2014 04 26
2014 05 03
2014 06 04
2014 06 07
2014 06 08
2014 06 27
2014 07 03
2014 08 06
2014 08 10
2014 08 19
2014 08 23
2014 10 24
2014 10 25
2014 11 21
2014 12 14
2015 01 03
2015 01 28
2015 03 22
2015 04 08
2015 04 15
2015 05 14
2015 06 07
2015 06 13
2015 06 24
2015 08 02
2015 08 06
2015 08 10
2015 09 07
2015 09 22
2015 10 10
2015 10 17
2015 11 15
2015 12 16
2015 12 31
2016 01 17
2016 01 18
2016 01 26
2016 01 27
2016 01 31
2016 02 02
2016 02 08
2016 02 21
2016 02 27
2016 03 11
2016 03 28
2016 03 29
2016 04 13
2016 04 15
2016 05 11
2016 05 20
2016 05 25
2016 06 01
2016 07 20
2016 07 29
2016 08 03
2016 08 17
2016 09 13
2016 10 06
2016 10 23
2016 10 27
2016 11 03
2016 11 15
2016 11 22
2016 12 08
2017 02 26
2017 03 02
2017 04 24
2017 04 28
2017 05 03
2017 05 07
2017 06 03
2017 07 24
2017 09 19
2017 11 24
2017 12 10
2017 12 26
2017 12 30
2018 01 31
2018 02 26
2018 04 05
2018 05 02
2018 05 20
2018 05 23
2018 08 08
2018 08 28
2018 10 07
2018 11 13
2019 01 05
2019 01 23
2019 02 24
2019 03 04
2019 03 31
2019 04 10
2019 05 10
2019 07 13
2019 07 22
2019 08 31
2019 09 02
2019 09 05
2019 09 09
2019 09 12
2019 09 14
2019 10 18
2019 10 24
2019 10 26
2019 10 28
2019 11 09
2019 11 10
2019 11 22
2019 11 29
2019 12 05
2019 12 07
2020 01 02
2020 01 04
2020 01 10
2020 01 16
2020 02 10
2020 03 09
2020 04 03
2020 04 06
2020 04 07
2020 04 10
2020 04 22
2020 04 26
2020 04 27
2020 05 09
2020 05 12
2020 05 13
2020 06 09
2020 06 10
2020 08 08
2020 08 12
2020 09 05
2020 10 18
2020 10 24
2020 12 14
2021 01 12
2021 01 18
2021 05 07
2021 07 08
2021 07 25
2021 08 28
2021 09 05
2021 11 01
2021 12 24
2022 01 30
2022 02 11
2022 02 24
2022 02 27
2022 03 03
2022 03 23
2022 03 27
2022 04 05
2022 04 07
2022 05 25
2022 06 16
2022 12 23
2023 03 06
2023 03 21
2023 04 13
2023 05 15
2023 06 03
2023 08 02
2023 08 25
2023 09 18
2023 09 29
2023 10 28
2023 12 24
2023 12 29
2024 01 29
