  -0.08014   -0.20683   -0.11435   -0.18956      1
  -0.07543   -0.20656   -0.08997   -0.19833      1
  -0.11865   -0.18717   -0.12971   -0.20439      1
  -0.16255   -0.15110   -0.12795   -0.10510      1
   0.01669   -0.12202    0.03469   -0.13511      1
  -0.01599   -0.12194    0.02713   -0.11658      1
   0.01746   -0.12192    0.03629   -0.11665      4
   0.01962   -0.12150    0.05641   -0.14077      6
   0.02602   -0.12078    0.06645   -0.12875      1
  -0.04341   -0.11535    0.00236   -0.13063      2
  -0.04165   -0.11639   -0.01166   -0.09105      1
  -0.05199   -0.11214   -0.03045   -0.10495      2
   0.05366   -0.11032    0.05458   -0.14677      1
  -0.06752   -0.10345   -0.03766   -0.12963      3
  -0.06367   -0.10589   -0.01180   -0.16877      1
  -0.19557   -0.10120    0.13085    0.18412      1
   0.06977   -0.10133    0.10418   -0.11817      2
   0.07061   -0.10072    0.09820   -0.12960      3
  -0.07603   -0.09731   -0.09661   -0.09428      1
   0.01332   -0.09664    0.01417   -0.10343      1
  -0.08456   -0.08989   -0.08166   -0.08252      1
   0.08644   -0.08775    0.10459   -0.10793      1
  -0.09058   -0.08417   -0.07860   -0.11741      3
  -0.08918   -0.08419   -0.06087   -0.11644      1
  -0.09265   -0.08145   -0.07424   -0.12021      1
  -0.00042   -0.08106    0.00000   -0.08438      5
  -0.00761   -0.07791    0.07544   -0.13722      1
  -0.00393   -0.07658    0.02908   -0.03020      2
  -0.00149   -0.07561    0.04027   -0.07542      5
   0.00538   -0.07639    0.05307   -0.10325      1
   0.00801   -0.07422    0.02979   -0.08244      5
   0.01786   -0.07658    0.06843   -0.09489      1
   0.01828   -0.07656    0.03609   -0.09024      1
  -0.02641   -0.07113   -0.01572    0.06553      3
  -0.02466   -0.07132    0.01150    0.04013      4
  -0.02142   -0.07139    0.01696    0.05258     15
  -0.01660   -0.07161    0.02116    0.04633      6
  -0.00870   -0.07003    0.01067    0.05278      7
  -0.00410   -0.07002    0.01561    0.04556      3
   0.00881   -0.07280    0.02702   -0.07902      4
   0.01268   -0.07145    0.02548   -0.07806      7
   0.01570   -0.07053    0.04953   -0.07760     16
   0.01997   -0.07162    0.06525   -0.09050      2
   0.02693   -0.07082   -0.09947    0.17946      1
   0.03034   -0.07157    0.04024   -0.11177      1
  -0.10310   -0.06754   -0.08190   -0.12708      1
  -0.03079   -0.06913    0.00222    0.04507      4
  -0.02940   -0.06971    0.01877    0.03627      3
  -0.02282   -0.06773    0.04581    0.06013      1
  -0.02085   -0.06791    0.01576    0.04502      9
  -0.01528   -0.06971    0.02338    0.03845      1
  -0.01176   -0.06963    0.01127    0.04733      6
  -0.00870   -0.06982    0.02311    0.04478     33
  -0.00564   -0.06968    0.02735    0.05217     13
  -0.00051   -0.06992    0.00129    0.01795      1
   0.00206   -0.06926    0.01961    0.08229      3
   0.00820   -0.06828    0.01571    0.04291      5
   0.01178   -0.06716    0.07496    0.06012      2
   0.01534   -0.06614    0.04822    0.03014      5
   0.02322   -0.06853    0.07563   -0.08082      1
   0.02864   -0.06681    0.04158   -0.06011     17
   0.03176   -0.06664    0.06079   -0.08209     70
   0.03653   -0.06851    0.06307   -0.05516      2
  -0.04016   -0.06262    0.02476   -0.05100      1
   0.01687   -0.06579    0.01683    0.07854      6
   0.01991   -0.06508    0.03621    0.05237     11
   0.02445   -0.06354    0.03600    0.03595     67
   0.02694   -0.06329    0.02481    0.03086      1
   0.03368   -0.06586   -0.06393   -0.09631      2
   0.04026   -0.06216    0.08057   -0.06001      5
  -0.10803   -0.05807   -0.07822   -0.06067      1
  -0.04729   -0.06084    0.01434    0.05206      1
  -0.03969   -0.06090    0.00974   -0.07496      1
   0.03335   -0.06070    0.04009    0.02584      3
   0.03571   -0.06086    0.02331    0.05046      8
   0.04087   -0.05852    0.06066   -0.07514     13
   0.04792   -0.05861    0.06926   -0.08168      2
  -0.11031   -0.05449   -0.08161   -0.07478      3
  -0.10953   -0.05597   -0.07903   -0.06912     12
  -0.04154   -0.05555   -0.04945    0.00225      1
   0.04164   -0.05731    0.06572   -0.07700      2
   0.04326   -0.05636    0.05332    0.03004     33
   0.04680   -0.05691    0.05593   -0.05987      3
   0.05122   -0.05445    0.03689   -0.06495      1
  -0.21566   -0.05257   -0.12690   -0.13514      1
   0.02775   -0.05269    0.05321   -0.05453      2
   0.04566   -0.05273    0.06952    0.04690      4
   0.04742   -0.05207    0.06714    0.04236     16
   0.05315   -0.05109    0.06516   -0.00654      2
  -0.04117   -0.04900   -0.02471    0.05203      1
   0.03253   -0.04661    0.06586   -0.05164      1
   0.04497   -0.04885    0.09187   -0.05637      4
   0.04806   -0.04846    0.05563    0.03745     15
   0.05067   -0.04865    0.06077    0.04496      3
   0.05423   -0.04781    0.08386   -0.07498      1
  -0.06394   -0.04376   -0.08407   -0.05618      2
   0.03674   -0.04435    0.07044   -0.07536      2
   0.03919   -0.04203    0.03087   -0.11284      1
   0.04890   -0.04458    0.05430   -0.02874      4
   0.05161   -0.04433    0.06090    0.04173      5
   0.05529   -0.04511    0.04622    0.03217      9
   0.08508   -0.04288    0.09735   -0.11685      1
  -0.04596   -0.03814    0.05493   -0.05952      1
   0.00539   -0.03961    0.01854    0.03573      2
   0.00848   -0.03907    0.02906    0.01509     66
   0.01021   -0.03866    0.05834   -0.01113      2
   0.03915   -0.04192    0.06608   -0.08427      1
   0.05288   -0.03975    0.07913    0.01807      3
  -0.06046   -0.03420   -0.08943   -0.01625      1
  -0.02066   -0.03423    0.04387   -0.07754      1
  -0.01096   -0.03571    0.03264    0.06518      1
   0.00865   -0.03544   -0.03663   -0.02613      1
   0.01349   -0.03607    0.06839    0.03002      1
   0.01451   -0.03726    0.04568    0.00789     54
   0.02001   -0.03645    0.01398   -0.01272      1
   0.05331   -0.03693    0.08155   -0.00231      4
   0.05477   -0.03721    0.05460    0.03967      7
   0.05928   -0.03574    0.07913    0.03894      1
  -0.02288   -0.03279    0.00111   -0.02976      2
  -0.02154   -0.03368    0.03065   -0.03598      9
   0.00636   -0.03205   -0.04220    0.05267      1
   0.02511   -0.03112    0.05529    0.00748      1
   0.02634   -0.03008    0.03942   -0.01621      3
   0.03687   -0.03037    0.06074    0.00746      1
   0.03844   -0.03050    0.05872    0.00107      2
   0.04586   -0.03022    0.06649    0.02991      3
   0.05302   -0.03150    0.08376    0.02254     64
   0.05498   -0.03227    0.06671   -0.00157     14
   0.05843   -0.03313    0.08102    0.02431      1
   0.06270   -0.03116    0.07831   -0.04281     13
   0.06636   -0.03144    0.09500   -0.03568      2
  -0.12018   -0.02929   -0.05934   -0.11114      1
  -0.04529   -0.02936   -0.04106   -0.01342      1
  -0.02870   -0.02784    0.01782   -0.01782      1
   0.00562   -0.02837    0.02762    0.01317      1
   0.00608   -0.02698    0.04009    0.02584      1
   0.02682   -0.02881    0.05150    0.00349      4
   0.03395   -0.02743   -0.00229    0.07259      2
   0.03601   -0.02732    0.01813    0.03621      1
   0.03925   -0.02990    0.06083   -0.00671      3
   0.04244   -0.02919    0.05143    0.00470      6
   0.04787   -0.02807    0.06798   -0.00760      5
   0.05308   -0.02944    0.07380    0.01135      8
   0.05463   -0.02851    0.08859    0.02340      2
   0.05948   -0.02851    0.05531    0.02117      2
   0.06484   -0.02832    0.08856   -0.03234     14
   0.06611   -0.02753    0.04006   -0.03620      1
   0.10381   -0.02998    0.03081   -0.14250      1
  -0.05912   -0.02474    0.08630   -0.13495      1
  -0.04934   -0.02312    0.03608   -0.10845      1
  -0.04430   -0.02346    0.00229   -0.00156      6
  -0.03108   -0.02515    0.00005   -0.00682      2
  -0.01569   -0.02216    0.17671   -0.15199      1
   0.02867   -0.02336    0.14375    0.01816      1
   0.03218   -0.02372    0.06608    0.05565      3
   0.05665   -0.02581    0.05346    0.05217      1
   0.06797   -0.02427    0.09295   -0.03080      2
  -0.04560   -0.01869   -0.04702    0.00697      4
  -0.03514   -0.01905   -0.02390    0.02667      2
  -0.01512   -0.02160   -0.01164   -0.03879      1
   0.03270   -0.01972    0.09472    0.05186      1
   0.03564   -0.01960    0.07133   -0.00805      9
   0.05650   -0.01889    0.07133   -0.00760      5
  -0.04639   -0.01546   -0.00613   -0.01303      5
   0.03672   -0.01581    0.05387   -0.03040      4
   0.03912   -0.01482    0.05308    0.00222     15
   0.04352   -0.01470    0.07618    0.00377     18
   0.05331   -0.01664    0.10602    0.01509      1
   0.05525   -0.01637    0.07615    0.00455      4
   0.06082   -0.01526    0.10654   -0.05254      2
   0.06426   -0.01762    0.07579    0.00751      3
  -0.04692   -0.01089    0.00150   -0.00214      6
   0.03769   -0.01335    0.19967    0.13367      1
   0.03947   -0.01307    0.06345   -0.00760     23
   0.04346   -0.01074    0.02327   -0.00382     11
   0.04671   -0.01044    0.07948    0.01559      1
   0.05392   -0.01123    0.07950    0.06766      1
   0.05460   -0.01192    0.05256   -0.00408      2
   0.06133   -0.01157    0.10801   -0.02052      2
   0.06475   -0.01165    0.05576    0.00119      2
  -0.05287   -0.00841   -0.00675   -0.04994      1
  -0.03948   -0.00632   -0.00125   -0.01254      9
   0.01462   -0.00747    0.05082   -0.06353      2
   0.04036   -0.00885    0.05664    0.00257      5
   0.04454   -0.00863    0.03931   -0.01283     12
   0.04807   -0.00885    0.06075   -0.00946     12
   0.05080   -0.00662    0.09179   -0.01290      7
   0.05414   -0.00915    0.09061    0.00072     10
   0.05812   -0.00603   -0.03754   -0.03754      1
   0.06677   -0.00678    0.06611   -0.20467      1
  -0.05094   -0.00490   -0.02507   -0.01489      4
  -0.03961   -0.00545   -0.00149   -0.01510     33
  -0.01357   -0.00466   -0.06262   -0.02152      2
   0.01511   -0.00398    0.03397    0.01348      2
   0.04187   -0.00257    0.06074   -0.00752      3
   0.04480   -0.00391    0.06169   -0.03533      7
   0.04647   -0.00548    0.05488    0.00095      2
   0.05182   -0.00562    0.01803    0.00565      1
   0.05711   -0.00442    0.06112   -0.02645      1
   0.06041   -0.00517    0.06073   -0.03520      1
   0.07591   -0.00397    0.04860    0.00000     13
  -0.04657    0.00119   -0.02353   -0.00261      4
  -0.04048   -0.00083   -0.00591   -0.02990      6
  -0.01617   -0.00036    0.05829   -0.12969      1
   0.01548   -0.00095    0.03042    0.00815      1
   0.04094   -0.00088    0.06795   -0.02090     23
   0.05808   -0.00183    0.06623   -0.01299      1
   0.06717   -0.00063    0.08298   -0.02987      1
   0.07833   -0.00122    0.14560   -0.06001      1
  -0.05376    0.00364   -0.01325   -0.00735     19
  -0.04933    0.00202   -0.02758   -0.01971      2
  -0.04163    0.00255    0.02341   -0.14298      1
   0.01466    0.00431    0.04025   -0.00522      3
   0.04165    0.00262    0.06591    0.00696     15
   0.04388    0.00446    0.04441   -0.02249      5
   0.05875    0.00551    0.09838   -0.01016      2
   0.07667    0.00378    0.12811   -0.09004      1
  -0.05491    0.00999   -0.04908   -0.02458      1
  -0.05250    0.00890   -0.00677   -0.02049      4
  -0.04534    0.00652   -0.01178   -0.03401      1
  -0.03941    0.00672    0.01434   -0.05206      1
  -0.01234    0.00976    0.00511   -0.00888      2
   0.01080    0.00868   -0.04339    0.06732      1
   0.04068    0.00797    0.04296   -0.00132      6
   0.04414    0.00824    0.08021   -0.02090      7
   0.04702    0.00985    0.04025   -0.01300      1
   0.05575    0.00675    0.07610   -0.03695      1
   0.06182    0.00780    0.08312   -0.01206     27
   0.06219    0.00804    0.07966   -0.01275     26
   0.06612    0.00949    0.13137   -0.00229      1
   0.07567    0.00953    0.11331    0.01492      1
  -0.04660    0.01167   -0.00619   -0.00773      3
  -0.03813    0.01202   -0.00810   -0.01813      3
   0.03765    0.01346    0.03983   -0.00748      5
   0.04006    0.01226    0.07019   -0.00449     28
   0.04348    0.01249    0.05338    0.00826     17
   0.04787    0.01205    0.06820   -0.00372     14
   0.05008    0.01253    0.02134   -0.00377      2
   0.06395    0.01283    0.06208   -0.00380      3
  -0.04618    0.01616   -0.01427   -0.02707      1
  -0.04568    0.01549   -0.01904   -0.02883      4
   0.00663    0.01430    0.04305    0.01308      1
   0.03651    0.01753    0.06324   -0.03785      6
   0.04001    0.01508    0.07016    0.00220     13
   0.04291    0.01628    0.06973    0.01296     13
   0.04958    0.01462    0.10825   -0.05773      3
   0.05227    0.01685    0.07704    0.00742      7
   0.05652    0.01570    0.07598   -0.02044      4
   0.06171    0.01724    0.00639   -0.08706      1
  -0.04606    0.01821   -0.00900   -0.00006      1
  -0.04526    0.01853   -0.00263    0.01526      3
  -0.03490    0.01951   -0.02326    0.00000      3
   0.03467    0.02028    0.09876   -0.00673      1
   0.05240    0.01916    0.07200    0.01133     10
   0.07348    0.02124    0.17023    0.01609      1
  -0.04360    0.02355   -0.00295    0.00686      6
  -0.03082    0.02547    0.01968   -0.03655     16
   0.03149    0.02464    0.04225   -0.01434      4
   0.04966    0.02412    0.08269    0.01295      1
   0.05446    0.02402    0.06073   -0.03520      1
  -0.04275    0.02675   -0.00387   -0.01440      3
  -0.04182    0.02737   -0.02568   -0.00834      1
  -0.03026    0.02613    0.06286   -0.08221      1
   0.02695    0.02939    0.01434    0.02393     13
   0.05182    0.02925    0.06745   -0.00259      7
   0.05556    0.02877    0.10884   -0.05192      3
   0.06255    0.02789    0.07371   -0.02044      1
   0.07186    0.02603    0.05220    0.00000      1
  -0.21948    0.03320   -0.15410    0.03247      1
  -0.05005    0.03276   -0.01342   -0.04389      1
   0.00912    0.03164    0.04737    0.01917      2
   0.02119    0.03391    0.05347   -0.00751      3
   0.02475    0.03140    0.05380    0.00000     33
   0.03678    0.03257    0.04403    0.00377      7
   0.04031    0.03274    0.05972    0.01671      4
   0.04358    0.03349    0.06878   -0.01753      4
   0.05690    0.03248    0.08312    0.00976      3
   0.05838    0.03064    0.02719   -0.02250      3
   0.09987    0.03220    0.21126    0.04491      1
   0.01306    0.03779    0.03763    0.00583     22
   0.01401    0.03744    0.05220    0.00751      5
   0.01916    0.03509    0.03812    0.00750     46
   0.03622    0.03428    0.02736    0.03907      1
   0.04174    0.03574    0.05337    0.02663      2
   0.04349    0.03594    0.05599    0.02727      6
   0.04710    0.03668    0.06953   -0.01210      2
   0.05452    0.03408   -0.01356   -0.05967      1
   0.06217    0.03746    0.09148   -0.03008      1
  -0.04028    0.04132   -0.06171    0.01267      1
  -0.02481    0.04162    0.00074   -0.07109      1
   0.00862    0.03904    0.01954    0.00002      4
   0.01117    0.03839    0.03256    0.01382     60
   0.04570    0.04155    0.08367    0.00231     13
   0.04655    0.04051    0.07643    0.01497     23
   0.06414    0.04074    0.06462   -0.01611      9
   0.10357    0.04030    0.18583    0.07812      1
  -0.11473    0.04561   -0.07664    0.01601      1
  -0.04309    0.04279   -0.00689    0.02517      1
   0.03353    0.04323    0.06963   -0.05842      1
   0.04552    0.04301    0.07593    0.02249     13
   0.04643    0.04366    0.05705    0.02191     12
   0.05282    0.04419    0.11556   -0.05242      1
   0.02957    0.04883    0.05490   -0.02963      4
   0.04420    0.04734    0.06077    0.04024      7
   0.04992    0.04897    0.07766   -0.04051      6
   0.05139    0.04846    0.08298   -0.03084     15
   0.02599    0.05042   -0.01178   -0.03401      1
   0.04122    0.05196    0.06058    0.02934      7
   0.04438    0.05023    0.04492    0.03207      2
   0.04946    0.05130    0.04271   -0.09611      2
   0.05030    0.05080    0.05399   -0.06277      1
  -0.11126    0.05400   -0.10464    0.01808      1
  -0.03327    0.05456   -0.01159    0.05550      1
   0.03357    0.05702    0.05679   -0.12937      1
   0.03640    0.05616    0.07614    0.03015      7
   0.03991    0.05696    0.04570   -0.03467      4
  -0.10914    0.05817   -0.11880    0.15043      1
   0.03235    0.05979    0.05597   -0.05844      6
   0.03565    0.06055    0.06062    0.04380      6
   0.04063    0.05885    0.05297    0.02248      5
  -0.10516    0.06509   -0.04412    0.02559      2
   0.01752    0.06577    0.01939    0.01813      9
   0.01828    0.06554    0.00000    0.01800      5
   0.02306    0.06515    0.05328    0.04133      2
   0.02813    0.06533    0.06131   -0.08226      7
   0.03036    0.06428    0.05604    0.03756      7
   0.03483    0.06386    0.09821   -0.05564      2
   0.09844    0.06303    0.07072    0.08280      1
  -0.01457    0.06979   -0.00445    0.10383      2
  -0.01393    0.06978    0.09310   -0.08621      1
  -0.00658    0.06989   -0.00779    0.06478      2
  -0.00244    0.06987    0.04435    0.05638      3
   0.00000    0.06943    0.01626    0.05520      4
   0.00448    0.06845    0.02473    0.04854      2
   0.00682    0.06819    0.04174    0.03134      1
   0.01123    0.06688    0.03827    0.03000      7
   0.01710    0.06625    0.02905    0.04760     12
   0.02570    0.06940    0.05567   -0.07523      1
   0.02910    0.06767    0.02736   -0.05757      3
  -0.01915    0.07311    0.01782    0.02472      5
  -0.01716    0.07381    0.03162    0.02156      4
  -0.01317    0.07326    0.01576    0.05206     11
  -0.00669    0.07026    0.02106    0.04439      6
  -0.00517    0.07019   -0.00254    0.06925      1
   0.00538    0.07316    0.03121   -0.06872      2
   0.00724    0.07217    0.04304   -0.08575     10
   0.01128    0.07204    0.04683   -0.07482      5
   0.01516    0.07067    0.08146   -0.07758      1
   0.01958    0.07087    0.04787   -0.07186     43
  -0.01539    0.07419    0.00843    0.04729      3
  -0.00208    0.07492    0.31771    0.25545      1
   0.00453    0.07513    0.04272   -0.08741      5
   0.00637    0.07428    0.01277   -0.07633      1
  -0.20575    0.08180   -0.06260    0.03370      1
  -0.00696    0.07809   -0.01075   -0.07028      1
   0.00943    0.07813    0.04014   -0.07241      1
  -0.08764    0.08718    0.00917    0.01755      1
   0.06482    0.08919    0.09183    0.02581      1
  -0.08113    0.09326    0.00086    0.05489      1
  -0.07996    0.09432   -0.02521    0.08733      1
  -0.19585    0.10439   -0.21058    0.00000      1
   0.05490    0.10987    0.05328    0.09082      1
  -0.05199    0.11205    0.00074    0.10619      1
  -0.18872    0.11681   -0.09474    0.04051      2
  -0.04413    0.11538    0.00807    0.06973      1
   0.18403    0.11783    0.29947    0.08193      1
   0.02258    0.12122    0.08440    0.10535      1
   0.01525    0.12246    0.02859    0.09874      2
  -0.14452    0.16828   -0.12490    0.16519      2
  -0.09325    0.20098   -0.05062    0.15671      1
  -0.07914    0.20694    0.00000    0.17819      1
   0.02574    0.21978    0.19586    0.12964      1
   0.02895    0.21932    0.03845    0.22259      1
