  -0.03877   -0.21830   -0.02708   -0.18794      1
  -0.02025   -0.21931    0.09774   -0.09792      2
  -0.00393   -0.22068   -0.00791   -0.20210      2
   0.01162   -0.22027   -0.00735   -0.23387      1
  -0.05039   -0.21416   -0.31635    0.17176      1
  -0.04614   -0.21433   -0.04319   -0.18782      2
  -0.04549   -0.21568   -0.03153   -0.20366      1
  -0.04036   -0.21482    0.31261    0.06133      1
  -0.03198   -0.21632   -0.05401   -0.19608      1
   0.05623   -0.21417    0.04859   -0.20397      1
  -0.06773   -0.21089   -0.04491   -0.16055      2
  -0.06416   -0.21222   -0.06587   -0.18097      1
  -0.05767   -0.21124   -0.06160   -0.18626      1
  -0.04994   -0.21242   -0.04754   -0.18384      1
  -0.04526   -0.21377   -0.06450   -0.19335      2
   0.05536   -0.21343    0.04881   -0.20022      1
   0.06030   -0.21240    0.08616   -0.19546      2
  -0.08066   -0.20646   -0.06745   -0.17263      5
  -0.07760   -0.20767   -0.07784   -0.17320      1
  -0.06931   -0.20774   -0.01720   -0.06898      1
  -0.06491   -0.20864    0.07738    0.03841      1
  -0.08711   -0.20382   -0.07647   -0.22209      1
  -0.08368   -0.20526   -0.06810   -0.17149      2
  -0.07627   -0.20498   -0.09939   -0.19175      1
   0.07900   -0.20580    0.09099   -0.18991      1
   0.08390   -0.20507    0.09182   -0.19251      1
   0.08628   -0.20286    0.07854   -0.19150      1
  -0.09538   -0.19998   -0.08503   -0.17280      1
  -0.08556   -0.20146   -0.04795   -0.09172      1
   0.11125   -0.19138    0.12222   -0.17917      1
  -0.11785   -0.18765   -0.10870   -0.16115      1
  -0.13836   -0.17289   -0.11268   -0.15396      1
  -0.14644   -0.16663   -0.15882   -0.14101      1
  -0.15804   -0.15171   -0.11711   -0.11959      1
   0.16255   -0.15005    0.16597   -0.14377      1
  -0.16020   -0.14965   -0.12275   -0.13163      1
   0.16743   -0.14406    0.17159   -0.13845      1
  -0.17189   -0.13498   -0.14217   -0.11472      1
   0.17097   -0.13416    0.10401   -0.02904      1
   0.12420   -0.12938    0.12438   -0.14108      1
  -0.01144   -0.12249   -0.01543   -0.10512      6
  -0.00823   -0.12247   -0.00584   -0.09879      2
  -0.00237   -0.12295   -0.01671   -0.10926      4
  -0.00054   -0.12286    0.00157   -0.10884      3
   0.00796   -0.12269    0.00078   -0.09669      2
   0.01320   -0.12204    0.00660   -0.08568      2
  -0.03608   -0.11822   -0.02956   -0.07563      2
  -0.03169   -0.11864   -0.03279   -0.09148      2
  -0.02760   -0.11966   -0.03376   -0.10872      4
  -0.02540   -0.12040   -0.03341   -0.09258      5
  -0.02028   -0.12143   -0.02996   -0.09521      2
  -0.01560   -0.12166   -0.02846   -0.09574      6
  -0.01368   -0.12178   -0.02870   -0.09943      1
  -0.00438   -0.11811   -0.03015   -0.10040      2
   0.01680   -0.12152    0.00452   -0.08628      1
   0.03135   -0.11918    0.04255   -0.10903      3
   0.03441   -0.11828    0.03606   -0.11507      1
  -0.04665   -0.11442   -0.04927   -0.09962      2
  -0.04490   -0.11512   -0.04337   -0.09569      6
  -0.04054   -0.11615   -0.04493   -0.09547      8
  -0.03697   -0.11742   -0.03726   -0.09201      3
  -0.02435   -0.11459   -0.03647   -0.09055      6
  -0.02162   -0.11607   -0.02751   -0.08871      5
  -0.01620   -0.11655   -0.02772   -0.09565     13
  -0.01324   -0.11707   -0.02476   -0.09817      4
  -0.00874   -0.11747   -0.02243   -0.09410     11
  -0.00445   -0.11544   -0.02812   -0.09492      1
   0.01770   -0.11603    0.00445   -0.08264      2
   0.04042   -0.11576    0.04467   -0.10422      1
   0.04503   -0.11455    0.05017   -0.10269      2
   0.04678   -0.11433    0.05207   -0.10174      1
  -0.05425   -0.11015   -0.04755   -0.09495      1
  -0.05266   -0.11121   -0.04979   -0.10051      6
  -0.04856   -0.11362   -0.05697   -0.14101      1
  -0.03901   -0.11092   -0.04303   -0.09394      4
  -0.03624   -0.11113   -0.03788   -0.08049      5
  -0.03040   -0.11268   -0.03382   -0.08630      5
  -0.02689   -0.11117   -0.03666   -0.08677     13
  -0.02384   -0.11159   -0.03380   -0.08912     22
  -0.02082   -0.11193   -0.03178   -0.09276     12
  -0.01637   -0.11332   -0.02362   -0.09443     11
   0.01690   -0.11334    0.00932   -0.08678      2
   0.01955   -0.11377    0.00333   -0.09083      1
   0.03725   -0.11120    0.02570   -0.09339      7
   0.04001   -0.11086    0.02646   -0.08988     12
   0.04226   -0.11025    0.03015   -0.09334      5
   0.04828   -0.11270    0.03258   -0.09094     24
   0.05221   -0.11103    0.03553   -0.09248     79
   0.05425   -0.11005    0.02888   -0.09516      2
  -0.05980   -0.10717   -0.04785   -0.07408      8
  -0.05758   -0.10851   -0.05241   -0.09373     13
  -0.04665   -0.10830   -0.05246   -0.09542      7
  -0.04592   -0.10834   -0.04093   -0.07506      1
  -0.03824   -0.10871   -0.04964   -0.08461      5
  -0.03575   -0.10925   -0.04199   -0.07644      4
  -0.03300   -0.10929   -0.04228   -0.07958      8
   0.04424   -0.10963    0.03841   -0.09430     20
   0.05628   -0.10903    0.04191   -0.09187     45
   0.06002   -0.10701    0.05603   -0.09293     38
   0.06204   -0.10673    0.13829    0.08608      1
  -0.06730   -0.10300   -0.05792   -0.08685      1
  -0.06299   -0.10545   -0.05458   -0.09009      6
   0.00746   -0.10337    0.12920   -0.06357      1
   0.04354   -0.10359    0.02809   -0.09304      1
   0.06186   -0.10595    0.05034   -0.09126      3
   0.06300   -0.10526    0.05556   -0.09791     31
   0.06669   -0.10301   -0.00563   -0.00642      2
  -0.19716   -0.10146   -0.17495   -0.09459      1
  -0.07003   -0.10102   -0.06117   -0.08236      1
   0.01063   -0.09815    0.00072   -0.10349      1
   0.05193   -0.10075    0.04576   -0.08981      1
   0.06933   -0.10141    0.07034   -0.09121      2
   0.07132   -0.09987    0.07798   -0.08721      1
  -0.07824   -0.09498   -0.08131   -0.08159      1
  -0.07608   -0.09698   -0.06361   -0.07840      2
  -0.02721   -0.09797   -0.18713    0.27432      1
   0.07605   -0.09635    0.08727   -0.08516      2
   0.07892   -0.09402    0.06082   -0.06755      1
   0.10542   -0.09479   -0.18853   -0.12765      1
  -0.08161   -0.09287   -0.06791   -0.09416      1
   0.07926   -0.09376    0.08119   -0.07786      1
   0.10623   -0.09260    0.10944   -0.12546      1
   0.19860   -0.09080    0.18473   -0.08930      1
  -0.07989   -0.08712   -0.06075   -0.06269      1
  -0.07302   -0.08628   -0.05773   -0.06904      1
  -0.09027   -0.08339   -0.07486   -0.06259      2
  -0.08962   -0.08371   -0.07340   -0.06124      3
  -0.08334   -0.08354   -0.06416   -0.05607      2
  -0.07953   -0.08451   -0.02325    0.00385      2
   0.07910   -0.08599    0.07572   -0.06652      1
   0.08321   -0.08318    0.07456   -0.06876     55
   0.08939   -0.08412    0.08218   -0.09191      1
   0.09067   -0.08370    0.09937   -0.07598      1
  -0.08578   -0.07943   -0.07572   -0.06376      3
  -0.08047   -0.08109   -0.07000   -0.06347      1
   0.08446   -0.08185    0.07519   -0.06876     15
   0.08635   -0.08058    0.07238   -0.07014      1
   0.09344   -0.08039    0.06677   -0.07186      1
  -0.09679   -0.07568   -0.07568   -0.05420      2
  -0.07977   -0.07580   -0.06549   -0.06302      1
  -0.06014   -0.07768   -0.06555   -0.08124      1
   0.02404   -0.07502    0.01170   -0.06373      1
   0.07229   -0.07693    0.02144    0.04956      1
   0.08492   -0.07708    0.07708   -0.07099      2
  -0.09204   -0.07228   -0.07219   -0.04235      1
   0.01171   -0.07034    0.00518   -0.05917      1
   0.02091   -0.07369    0.00757   -0.06254      1
   0.02290   -0.07161    0.01058   -0.06392     13
   0.02754   -0.07165    0.01801   -0.06127      4
   0.06528   -0.07264    0.05840   -0.06717      6
   0.06716   -0.07124    0.06165   -0.06733     18
   0.08399   -0.07395    0.01955    0.00313      1
   0.08602   -0.07378    0.06963   -0.07036      1
  -0.10120   -0.06937   -0.10131   -0.06706      1
  -0.00221   -0.06701   -0.00787   -0.05978      1
  -0.00009   -0.06745   -0.01013   -0.06442      2
   0.02876   -0.06860    0.02000   -0.05949     10
   0.03250   -0.06666    0.02512   -0.05777      1
   0.06841   -0.06881    0.06139   -0.06469      8
   0.07035   -0.06834    0.06801   -0.06298      1
   0.08870   -0.06880    0.08585   -0.05944      4
   0.09576   -0.06970    0.08195   -0.05867      2
   0.12114   -0.06890    0.14817   -0.07978      1
  -0.02029   -0.06491   -0.00720    0.07344      1
   0.00788   -0.06473    0.00198   -0.05666      3
   0.03765   -0.06377    0.02851   -0.05814      7
   0.03982   -0.06238    0.03636   -0.05459     12
   0.05343   -0.06203    0.05763   -0.06676      1
   0.06997   -0.06329    0.06888   -0.06202      1
   0.07115   -0.06434    0.06825   -0.05586      1
   0.09909   -0.06427    0.09595   -0.05697      1
   0.10414   -0.06464    0.12278   -0.05161      1
   0.12425   -0.06241    0.11623   -0.04862      1
  -0.10751   -0.05940   -0.08680   -0.05717      2
  -0.02171   -0.05946   -0.01084    0.06023      1
  -0.00722   -0.06135   -0.00217    0.06206      5
  -0.00382   -0.06019   -0.00381    0.00475      2
  -0.00032   -0.05890    0.00000    0.05362      5
   0.00642   -0.06044    0.00371    0.00499      2
   0.01364   -0.05918    0.00581    0.05823      7
   0.04068   -0.06172    0.03445   -0.05342      5
   0.04329   -0.06047    0.04091   -0.05255      3
   0.05643   -0.05975    0.05335   -0.06515      3
   0.05807   -0.05824    0.05410   -0.05013      2
   0.07674   -0.06121    0.07450   -0.06014      2
   0.08730   -0.05820    0.04365    0.07560      1
   0.09233   -0.06058    0.08835   -0.06210      1
   0.10206   -0.06022    0.08435   -0.05008      1
  -0.10990   -0.05655   -0.10479   -0.05595      1
  -0.07992   -0.05550   -0.05188   -0.04992      1
  -0.01872   -0.05654   -0.00909    0.05613      2
  -0.01261   -0.05499   -0.00766    0.05254      1
  -0.00614   -0.05745   -0.00445    0.05652      1
  -0.00447   -0.05710    0.00069    0.05886      4
  -0.00089   -0.05644    0.00209    0.05669     34
   0.00290   -0.05554   -0.00273    0.05573      1
   0.01310   -0.05522    0.01266   -0.04766      2
   0.01771   -0.05589    0.00680   -0.04903      1
   0.01807   -0.05672    0.01030    0.05667      1
   0.04489   -0.05451    0.04418   -0.04923      2
   0.04801   -0.05563    0.04469   -0.05000     13
   0.05768   -0.05586    0.05308   -0.05063      9
   0.05892   -0.05578    0.05415   -0.05657     23
  -0.08204   -0.05081   -0.08468   -0.04293      2
  -0.08193   -0.05106   -0.08650   -0.03796      2
  -0.01415   -0.05096   -0.00672    0.05185      6
  -0.01385   -0.05134   -0.00694    0.05193      6
  -0.00211   -0.05305   -0.00146    0.05030      3
  -0.00147   -0.05302   -0.00018    0.05309     31
   0.00539   -0.05223    0.00640    0.05155     35
   0.00760   -0.05150    0.00870    0.05234     64
   0.01081   -0.05054    0.00957    0.05171     14
   0.02752   -0.05002    0.01715    0.05215      1
   0.04525   -0.05311    0.04290   -0.04489      3
   0.04691   -0.05365    0.04244   -0.05591      1
   0.06014   -0.05233    0.05332   -0.05181     22
   0.06402   -0.05071    0.05564   -0.05163      3
   0.09827   -0.05175    0.08161   -0.01395      1
   0.10536   -0.05091    0.08278   -0.05093      1
   0.10635   -0.05194    0.10379   -0.02244      1
  -0.08263   -0.04635   -0.08154   -0.04594      1
  -0.02818   -0.04700   -0.00922    0.05958      1
  -0.01555   -0.04886   -0.00699    0.04941     45
   0.01342   -0.04934    0.01241    0.05143      5
   0.01587   -0.04892    0.01245    0.05008     17
   0.01988   -0.04699    0.01653    0.05047     15
   0.02249   -0.04610    0.01628    0.04769      4
   0.06179   -0.04965    0.05314   -0.04614      3
   0.06262   -0.04901    0.05539   -0.05081     14
   0.06695   -0.04601    0.06251   -0.05008      1
   0.10424   -0.04766    0.09476   -0.04379      1
   0.11224   -0.04922    0.11325   -0.04144      1
  -0.01578   -0.04304   -0.00966    0.03509      3
   0.02193   -0.04580    0.01612    0.04775      6
   0.02360   -0.04582    0.01790    0.04873      3
   0.02657   -0.04511    0.02153    0.05300     18
   0.03204   -0.04274    0.02449    0.04913      7
   0.03452   -0.04286    0.02731   -0.03739      3
   0.04192   -0.04209    0.03602   -0.03394      2
   0.04248   -0.04217    0.03933   -0.03197      3
   0.06478   -0.04567    0.05678   -0.04417      7
   0.06657   -0.04338    0.06186   -0.04411     11
   0.08834   -0.04358    0.07428   -0.03448      3
   0.09388   -0.04520    0.05867    0.09174      1
   0.10099   -0.04294    0.05880    0.08840      3
  -0.04307   -0.04018   -0.04868   -0.04217      5
  -0.04090   -0.03969   -0.04549   -0.04113     10
  -0.03789   -0.03985   -0.03924   -0.04092      1
  -0.03068   -0.03819   -0.02939   -0.03287      1
  -0.02864   -0.03855   -0.02487    0.02719      5
  -0.01904   -0.04027   -0.01356    0.02843      3
  -0.01558   -0.04157   -0.01570    0.03547      6
   0.00501   -0.03967    0.01875    0.01058      4
   0.00835   -0.03910    0.01475    0.00978      8
   0.01092   -0.03847    0.01602    0.00888     22
   0.01638   -0.04013    0.00786   -0.03697      3
   0.02129   -0.04038    0.01006   -0.03473      2
   0.02446   -0.03849    0.01911   -0.03458      4
   0.02971   -0.04071    0.02573   -0.03237      2
   0.03286   -0.04133    0.02975   -0.03101      8
   0.03633   -0.04131    0.02335    0.05070     12
   0.04080   -0.04091    0.02901    0.01186      8
   0.04425   -0.03979    0.02243    0.05455     11
   0.06429   -0.04014    0.05304   -0.04174      1
   0.06796   -0.03883    0.06203   -0.03932      5
   0.08527   -0.04157    0.06928   -0.04196      1
   0.09061   -0.03969    0.08758   -0.02811      2
  -0.11785   -0.03545   -0.10911   -0.03087      1
  -0.04705   -0.03629   -0.04889   -0.03354      3
  -0.04549   -0.03741   -0.05378   -0.04370      1
  -0.03758   -0.03722   -0.03736   -0.03556      4
  -0.03063   -0.03676   -0.03493   -0.03244      2
  -0.02980   -0.03680   -0.03584   -0.03649      3
  -0.01936   -0.03504   -0.01506   -0.00189     20
   0.01329   -0.03771    0.01243    0.01181      7
   0.01705   -0.03616    0.01721    0.00949      8
   0.01944   -0.03494    0.01685    0.01222     29
   0.02575   -0.03786    0.02470   -0.02861      1
   0.02743   -0.03492    0.02769   -0.02884      2
   0.04181   -0.03769    0.02674    0.05252      4
   0.04385   -0.03681    0.02786    0.05116     44
   0.04608   -0.03771    0.02260    0.05150      2
   0.06870   -0.03470    0.05961   -0.03267     18
   0.07163   -0.03686    0.06365   -0.03734      1
   0.08962   -0.03648    0.07978   -0.02549      3
   0.09046   -0.03559    0.08050   -0.02159      4
  -0.11867   -0.03233   -0.10996   -0.03722      1
  -0.04824   -0.03217   -0.05699   -0.03617      1
  -0.02620   -0.03033   -0.02788   -0.00278      6
  -0.02471   -0.03143   -0.01694   -0.00295     21
  -0.02107   -0.03398   -0.01216   -0.00760      3
   0.00666   -0.03342    0.02919    0.02675      3
   0.02146   -0.03374    0.01568    0.01071      6
   0.02250   -0.03305    0.01794    0.00885     12
   0.02626   -0.03130    0.02585   -0.00728      2
   0.04476   -0.03223    0.02920    0.04901     24
   0.04736   -0.03134    0.02923    0.05157     16
   0.05130   -0.03018    0.03166    0.05124      2
   0.06907   -0.03385    0.06225   -0.02779      8
   0.07231   -0.03262    0.06303   -0.03383      2
   0.07566   -0.03220    0.06990   -0.02543      4
   0.08883   -0.03322    0.07300   -0.01654      2
  -0.07553   -0.02737   -0.08456   -0.03572      1
  -0.05001   -0.02661   -0.04554   -0.02361      1
  -0.03027   -0.02613   -0.02387   -0.00141     19
  -0.02828   -0.02827   -0.02464   -0.00296     77
   0.02877   -0.02776    0.01887   -0.00458      8
   0.03008   -0.02634    0.03827    0.01801      1
   0.04567   -0.02827    0.03006    0.04555    130
   0.04696   -0.02700    0.03054    0.04649    120
   0.07257   -0.02772    0.06516   -0.01417      3
   0.09985   -0.02779    0.09232   -0.05747      4
  -0.07639   -0.02457   -0.04648   -0.01771      2
  -0.05042   -0.02265   -0.05172   -0.02534      1
  -0.03098   -0.02529   -0.02368   -0.00147     32
   0.03310   -0.02346    0.03315    0.02194     13
   0.03522   -0.02237    0.03590    0.02904      6
   0.04815   -0.02540    0.03147    0.04583     72
   0.05246   -0.02421    0.03186    0.05138     21
   0.05617   -0.02302    0.04658   -0.00449      1
   0.07265   -0.02433    0.06366   -0.01179      8
   0.10643   -0.02595    0.06625    0.08299      1
   0.13617   -0.02201    0.09179   -0.01364      3
   0.13812   -0.02258   -0.01658    0.04486      2
  -0.05227   -0.01931   -0.05425   -0.02302      2
  -0.03495   -0.01942   -0.02409   -0.00069     10
   0.03555   -0.01865    0.02367   -0.00130      6
   0.04169   -0.01980    0.03500    0.03143     37
   0.04226   -0.01924    0.03590    0.02999     54
   0.04821   -0.01832    0.03695    0.03739     25
   0.05077   -0.01892    0.04113    0.00007     66
   0.07617   -0.01896    0.06283   -0.01164      3
  -0.05446   -0.01554   -0.05450   -0.01391      2
  -0.03998   -0.01676   -0.03125    0.01367      4
  -0.03645   -0.01643   -0.02389   -0.00313     16
   0.03687   -0.01574    0.03758    0.01311      6
   0.04465   -0.01664    0.03672    0.02949     20
   0.04951   -0.01581    0.03848    0.03778    303
   0.05101   -0.01526    0.03959    0.03663    396
   0.05514   -0.01500    0.04227    0.00189     94
   0.07655   -0.01594    0.06510    0.00506     13
   0.08004   -0.01534    0.06755   -0.00713      2
  -0.05445   -0.01276   -0.05151   -0.00843      3
  -0.04409   -0.01176   -0.03109    0.01193      1
  -0.03825   -0.01165   -0.02336   -0.00298     94
  -0.03781   -0.01300   -0.02393   -0.00340     76
  -0.01071   -0.01227   -0.04870   -0.00742      3
   0.00064   -0.01360    0.00304    0.09808      2
   0.00205   -0.01362    0.01316    0.09993      1
   0.00692   -0.01185    0.03895    0.10361      3
   0.03792   -0.01266    0.02332    0.00184      4
   0.03853   -0.01070    0.02231    0.00224     39
   0.04481   -0.01239    0.04135    0.00195     26
   0.04744   -0.01326    0.04026    0.00238     74
   0.05084   -0.01336    0.03969    0.03744    157
   0.05559   -0.01355    0.04208    0.00197     82
   0.05849   -0.01175    0.04660    0.00393     24
   0.06560   -0.01011    0.05883    0.00816      1
   0.06618   -0.01048    0.05906    0.00631      1
   0.07208   -0.01043    0.05876    0.00868      3
   0.07635   -0.01251    0.06696    0.01068    199
   0.07822   -0.01242    0.06149    0.00811      5
   0.11393   -0.01284   -0.01040    0.03163      1
  -0.12240   -0.00736   -0.11677   -0.01620      1
  -0.04529   -0.00833   -0.03594    0.01008      2
  -0.03905   -0.00859   -0.02250   -0.00322     31
  -0.01503   -0.00742   -0.00639    0.00541      2
   0.01542   -0.00648    0.02748    0.01346      1
   0.04090   -0.00726    0.03825    0.00870     98
   0.04263   -0.00864    0.03941    0.00355      2
   0.05116   -0.00895    0.04040    0.03681     28
   0.05488   -0.00867    0.03916    0.04036      4
   0.05942   -0.00839    0.05103    0.03489      2
   0.06921   -0.00712    0.06104    0.01070     86
   0.07148   -0.00781    0.06613    0.01233      8
   0.07725   -0.00903    0.07203   -0.02565      6
   0.07830   -0.00674    0.06804    0.00998     39
  -0.05483   -0.00494   -0.04473   -0.00213      2
  -0.04787   -0.00265   -0.03801    0.01398      1
  -0.03966   -0.00509   -0.02279    0.00130     14
  -0.01631   -0.00577   -0.02310   -0.00374      1
  -0.00298   -0.00291   -0.02406   -0.02797      3
  -0.00102   -0.00366   -0.00105    0.01436      1
   0.01377   -0.00390    0.06163   -0.01256     14
   0.01535   -0.00377    0.05654    0.01945      4
   0.03763   -0.00409    0.12403    0.00277      3
   0.04081   -0.00452    0.03862    0.00566     35
   0.04372   -0.00290    0.03790    0.01829     32
   0.05474   -0.00412    0.04249    0.03744      3
   0.06358   -0.00353    0.05686    0.00786     12
   0.06873   -0.00446    0.06134    0.00924     16
   0.07173   -0.00327    0.06681    0.01028      5
   0.07511   -0.00431    0.06901    0.01195     14
   0.07846   -0.00509    0.06685    0.01369     31
  -0.22148    0.00182   -0.21054   -0.00404      1
  -0.12350   -0.00025   -0.09529    0.03179      2
  -0.05593   -0.00151   -0.05574   -0.00253      1
  -0.03997   -0.00061   -0.04136   -0.00084      4
  -0.01706   -0.00131   -0.05275   -0.00601      1
   0.01376    0.00082    0.07653    0.03492      2
   0.01545    0.00026    0.04976    0.00775      8
   0.03612   -0.00033    0.10957    0.00172      2
   0.04144    0.00000    0.03660    0.00898     60
   0.04327    0.00058    0.03911    0.01546     32
   0.05132    0.00140    0.04716    0.03073     79
   0.06035   -0.00018    0.05470    0.01381      4
   0.06440   -0.00138    0.05596    0.00979      8
   0.06665   -0.00026    0.06141    0.00918      1
   0.07153    0.00059    0.06351    0.00822     11
   0.07457   -0.00168    0.06630    0.01033     20
   0.07939   -0.00043    0.06941    0.01435      6
  -0.22146    0.00257   -0.21703   -0.02685      2
  -0.05952    0.00444   -0.05396    0.00203      2
  -0.04650    0.00470   -0.03509    0.00839      5
  -0.03965    0.00515   -0.03508    0.00148      7
  -0.01411    0.00230   -0.09440   -0.00429      1
   0.01343    0.00306    0.11396   -0.13581      1
   0.04133    0.00416    0.03613    0.01258    123
   0.04506    0.00349    0.03744    0.01616     17
   0.05250    0.00331    0.04714    0.03122     14
   0.06016    0.00466    0.05389    0.01444      3
   0.06256    0.00410    0.05934    0.01412     10
   0.06694    0.00449    0.05883    0.01394     11
   0.07067    0.00252    0.06046    0.00947      1
   0.07761    0.00285    0.07913    0.02990      3
   0.07870    0.00386    0.07477    0.02165      2
  -0.07045    0.00942   -0.07012    0.00331      1
  -0.06786    0.00980   -0.06558    0.00424      3
  -0.06380    0.00933   -0.05627    0.00520     13
  -0.06012    0.00717   -0.05335    0.00473      6
  -0.04895    0.00827   -0.04099    0.00342     11
  -0.03902    0.00895   -0.03223    0.00432      9
  -0.01608    0.00620   -0.01286   -0.00647      1
  -0.01342    0.00933    0.05439   -0.01246      1
   0.01133    0.00877    0.01818    0.01659     58
   0.01462    0.00732   -0.00176    0.00882      1
   0.04072    0.00898    0.03765    0.00182     30
   0.04340    0.00741    0.03924    0.01773     53
   0.04867    0.00780    0.04222    0.01916     24
   0.05202    0.00684    0.04812    0.02998     11
   0.06089    0.00776    0.05377    0.02064      1
   0.06519    0.00716    0.05661    0.01796      1
   0.06679    0.00833    0.05435    0.01837      6
   0.07020    0.00668    0.05715    0.01246      3
   0.07703    0.00702    0.08310    0.03682      1
   0.07802    0.00843    0.07458    0.02068      1
  -0.07288    0.01242   -0.07619    0.00743      6
  -0.06615    0.01017   -0.05962    0.00513      2
  -0.03867    0.01044   -0.01074   -0.00392      6
  -0.03760    0.01359   -0.01159   -0.00783      5
  -0.00695    0.01383   -0.29047   -0.06599      1
   0.00147    0.01371    0.01866    0.09171      1
   0.00420    0.01340    0.01209    0.07462      1
   0.00962    0.01101    0.01478    0.01410      3
   0.01080    0.01087    0.01681    0.02198     34
   0.02336    0.01264    0.02177    0.02093      7
   0.03761    0.01356    0.01807    0.01098     10
   0.03867    0.01181    0.03247    0.01418     14
   0.05122    0.01244    0.04570    0.02543    101
   0.05752    0.01143    0.04756    0.03882      3
   0.06122    0.01253    0.05790    0.02564      6
   0.06242    0.01267    0.05751    0.02112     65
   0.06623    0.01233    0.05883    0.01910     14
   0.07541    0.01219    0.07275    0.02641      4
   0.08094    0.01213    0.07894    0.02780      1
  -0.07304    0.01665   -0.08043    0.00903      2
  -0.04331    0.01569   -0.03987    0.00710      3
  -0.04075    0.01762   -0.03327    0.00792      1
  -0.03706    0.01500   -0.01145   -0.00783     38
   0.01786    0.01772    0.01979    0.02214      1
   0.02559    0.01443    0.02599    0.02545      6
   0.02740    0.01620    0.02624    0.02501      6
   0.03634    0.01667    0.01659    0.01119    167
   0.04166    0.01565    0.04266    0.00260      8
   0.04959    0.01605    0.04456    0.02467      5
   0.05183    0.01646    0.05211    0.02840      2
   0.06180    0.01499    0.05644    0.02381     27
   0.06202    0.01420    0.05396    0.02257      5
   0.06743    0.01561   -0.12592   -0.04613      2
   0.07372    0.01694    0.06597    0.03637      8
   0.07526    0.01556    0.06946    0.03265      4
  -0.12141    0.02191   -0.11048    0.01572      1
  -0.07348    0.02177   -0.07499    0.01724      2
  -0.03955    0.01903   -0.02967    0.01400      2
  -0.03484    0.02043   -0.02764    0.00352      6
  -0.03398    0.02171   -0.02897    0.01817      1
   0.02968    0.01826    0.02661    0.02496      4
   0.03389    0.02122    0.01746    0.01152     76
   0.03499    0.01935    0.01647    0.01010    403
   0.04171    0.02053    0.04483    0.00384      9
   0.04200    0.02159    0.04481    0.00408      1
   0.04767    0.01897    0.04795    0.02935     30
   0.05402    0.02186    0.04630    0.03426      1
   0.06495    0.01844    0.06116    0.02994      3
  -0.12108    0.02369   -0.10670    0.01884     35
  -0.07296    0.02405   -0.07468    0.01837      2
  -0.03299    0.02337   -0.03280    0.01416     11
   0.03184    0.02419    0.01947    0.01813    468
   0.03715    0.02243    0.03409    0.02733     11
   0.04158    0.02445    0.03945    0.00261     52
   0.04209    0.02256    0.03866    0.00226      4
   0.04742    0.02546    0.04655    0.03262     27
   0.05117    0.02220    0.05121    0.02827      1
   0.05602    0.02438    0.04612    0.02625      2
   0.06909    0.02403    0.06475    0.03228      2
   0.07094    0.02446    0.06913    0.03207      5
  -0.07102    0.02943   -0.07620    0.02156      3
  -0.03035    0.02619   -0.02905    0.00961      1
  -0.02865    0.02788   -0.02783    0.01738      3
   0.02810    0.02846    0.02355    0.02640    168
   0.03023    0.02617    0.02280    0.02581     11
   0.03790    0.02629    0.03332    0.02740      4
   0.03845    0.02634    0.03712    0.03064     81
   0.04335    0.02850    0.04109    0.03536     25
   0.04664    0.02654    0.04294    0.03552      2
  -0.07000    0.03146   -0.07166    0.02924      1
  -0.06978    0.03212   -0.07646    0.02063      1
  -0.04628    0.03144   -0.05039    0.00097      1
  -0.02489    0.03129   -0.02418    0.01490      3
   0.01986    0.03334    0.13525    0.02580      1
   0.02347    0.03237    0.01604    0.02188     97
   0.02617    0.03027    0.02352    0.02843     17
   0.04047    0.03281    0.03940    0.03750    268
   0.04271    0.03151    0.04014    0.03579      9
   0.04908    0.03211    0.04619    0.03708      4
   0.05266    0.03263    0.05087    0.04298      1
   0.05572    0.03200    0.05584    0.03949      2
   0.06218    0.03330    0.05825    0.04958      1
   0.06883    0.03310    0.05783    0.04437      1
   0.09154    0.03277    0.08836    0.04659      1
   0.13242    0.03038   -0.02736    0.07814      1
  -0.06756    0.03589   -0.06527    0.03814      3
  -0.06545    0.03780   -0.06391    0.03690      1
  -0.04544    0.03786   -0.04839    0.02954      1
  -0.02407    0.03608   -0.00588   -0.02358      1
  -0.01889    0.03786   -0.02008    0.02763     15
   0.01768    0.03457    0.11305    0.19660      1
   0.02536    0.03580    0.02592   -0.03247      3
   0.03778    0.03770    0.04498   -0.00056      6
   0.03962    0.03474    0.03862    0.03848    207
   0.04276    0.03427    0.03745    0.03505      1
   0.05354    0.03621    0.05064    0.05244      1
   0.06517    0.03599    0.07496    0.04978      2
   0.06707    0.03494    0.06685    0.04460      4
   0.10758    0.03679    0.08057    0.04937      1
  -0.21730    0.04120   -0.21064   -0.00184      8
  -0.06463    0.03948   -0.06175    0.04099     15
  -0.04407    0.04144   -0.05336    0.00313      3
  -0.02483    0.03896   -0.02429    0.00233      2
  -0.02016    0.03820   -0.01765    0.03401      2
  -0.01401    0.04159   -0.05129   -0.04561      2
  -0.00367    0.03981   -0.00753    0.02593      1
   0.00850    0.04071    0.02431   -0.03787      1
   0.01337    0.03996    0.01264   -0.03690      2
   0.01677    0.04129    0.00776   -0.04066      3
   0.02233    0.04007    0.02045   -0.03063      6
   0.03386    0.04184    0.03096    0.04642      1
   0.03721    0.04039    0.03955    0.00388     77
   0.03857    0.03991    0.04184    0.00386     58
   0.04452    0.03886    0.04674    0.03141      2
   0.05891    0.03956    0.06149    0.04550      1
   0.06777    0.03829    0.06686    0.04243      1
  -0.21703    0.04254   -0.20876    0.00895     13
  -0.06275    0.04379   -0.06243    0.03965      3
  -0.03746    0.04257   -0.05956   -0.01749      2
  -0.03359    0.04445   -0.05141   -0.02597      1
  -0.02661    0.04239   -0.02153    0.03641      1
  -0.02463    0.04350   -0.03338   -0.03655      9
  -0.02120    0.04387   -0.02043    0.04009      1
  -0.01228    0.04446   -0.01406    0.03411      3
   0.01981    0.04382    0.02042   -0.03227      2
   0.02253    0.04422    0.02852   -0.03123      5
   0.02974    0.04560    0.03261    0.04964      7
   0.03242    0.04310    0.03051    0.04617    156
   0.03691    0.04369    0.04229    0.00099     59
   0.03819    0.04261    0.04481    0.00393     15
   0.04277    0.04352    0.05715    0.01711      5
   0.05497    0.04431    0.06249    0.05568      1
  -0.06083    0.04896   -0.06269    0.05108      3
  -0.04094    0.04803   -0.05603    0.00538      4
  -0.01208    0.04838   -0.01306    0.04872      2
   0.01264    0.04954    0.01526    0.05086      7
   0.01617    0.04910    0.01660    0.05099     17
   0.02087    0.04898    0.02851   -0.02879      9
   0.02758    0.04848    0.02834    0.04993     17
   0.03144    0.04764    0.03218    0.05022      9
   0.03616    0.04726    0.04463    0.00235     27
   0.04161    0.04816    0.05745    0.01934     15
   0.04300    0.04687    0.05693    0.02265     30
   0.04926    0.04763    0.04719    0.05493      2
   0.05351    0.04636    0.05523    0.05757      3
  -0.03675    0.05384   -0.05650    0.00465      1
  -0.02526    0.05325   -0.04799   -0.03499      1
  -0.01645    0.05226   -0.01410    0.05491      1
  -0.01031    0.05032   -0.00718    0.04849     25
  -0.00081    0.05295    0.00018    0.05307     19
   0.00374    0.05227    0.00697    0.05152     56
   0.00725    0.05107    0.01277    0.04979      6
   0.02145    0.05076    0.02561    0.04735     13
   0.02484    0.05052    0.02662    0.04934     19
   0.02727    0.05154    0.02913    0.05526      2
   0.03589    0.05186    0.05696    0.01119      3
  -0.05497    0.05759   -0.05362    0.06888      1
  -0.03457    0.05640   -0.05801    0.00753      1
  -0.03375    0.05728   -0.05829    0.00489      2
  -0.02160    0.05502   -0.04665   -0.04098      5
  -0.00503    0.05646   -0.00330    0.05568      5
  -0.00037    0.05639    0.00253    0.05662     21
   0.00208    0.05410   -0.00019   -0.04904      2
   0.01639    0.05678    0.02121    0.05644      1
   0.01961    0.05663    0.02674   -0.02717      3
   0.02262    0.05498    0.02350    0.05278      6
   0.03311    0.05533    0.05706    0.00967      8
   0.03453    0.05642    0.05835    0.01753      4
   0.04259    0.05550    0.05320    0.05867      1
   0.11104    0.05437    0.12279    0.06806      1
  -0.05415    0.05955   -0.05521    0.07221      1
  -0.05365    0.06003   -0.05403    0.07137      7
  -0.03066    0.06017   -0.06366    0.00546      1
  -0.00259    0.06177   -0.00300    0.05932      1
   0.00530    0.06056    0.00581    0.05926      5
   0.02736    0.06116    0.05871    0.00898      1
   0.03121    0.05996    0.05981    0.02429      5
   0.03419    0.05827    0.06293    0.02441      1
  -0.04951    0.06419   -0.04740    0.07001      2
  -0.02366    0.06541   -0.06247    0.00811      1
   0.00032    0.06368   -0.00703   -0.06170      1
   0.02089    0.06587    0.06126    0.01014      1
   0.02761    0.06276    0.05475    0.01428      3
   0.07451    0.06404    0.06474    0.06634      1
  -0.04094    0.06902   -0.04255    0.07327     14
   0.00288    0.06629    0.00779   -0.05616      1
   0.00754    0.06937    0.04382   -0.04650      1
   0.01769    0.06766    0.06213    0.01285      4
   0.01914    0.06687    0.06088    0.01110     11
   0.02805    0.06826    0.02371    0.07554      2
   0.07711    0.06755    0.06698   -0.00834      1
  -0.03806    0.07059   -0.03882    0.07211      1
  -0.03575    0.07271   -0.04040    0.07534      1
   0.01270    0.07056    0.06275    0.00560      1
   0.01439    0.07009    0.06653    0.01137      1
   0.01998    0.07179    0.01704    0.07411      2
   0.02255    0.07083    0.01881    0.07600      1
   0.07619    0.07378    0.07804    0.07723      1
  -0.03150    0.07533   -0.03755    0.08277      2
  -0.02648    0.07753   -0.02709    0.08488      1
  -0.00928    0.07748   -0.01133    0.08383      1
   0.00081    0.07715    0.00396    0.07829      3
   0.00205    0.07694   -0.00135    0.07738      1
   0.00857    0.07576    0.01171    0.07741     11
  -0.08329    0.07909   -0.07855    0.06876      1
  -0.07772    0.08042   -0.07827    0.07827      1
  -0.02258    0.07885   -0.02296    0.08212      5
  -0.01884    0.07967   -0.02412    0.08556      4
  -0.01656    0.08025   -0.01854    0.08161      1
  -0.01307    0.07905   -0.01556    0.08315      7
   0.06834    0.07920    0.06127    0.08783      1
   0.06139    0.08490    0.06689    0.08592      1
   0.05711    0.08688    0.05477    0.09411      1
   0.06002    0.09207    0.05197    0.09261      1
  -0.02356    0.09551   -0.02598    0.09832      1
   0.19924    0.09757    0.18007    0.08860      1
  -0.04180    0.10308   -0.06592    0.10842      1
  -0.02174    0.10941   -0.02603    0.09923      1
  -0.02251    0.11074   -0.02315    0.10272      3
   0.01211    0.11217    0.01274    0.11048      3
  -0.01440    0.12244   -0.01793    0.11196      5
  -0.01312    0.12259   -0.01825    0.11646      2
  -0.02782    0.21930   -0.16300    0.12462      1
