  -0.03845   -0.21826   -0.02206   -0.20309      1
  -0.03442   -0.21806   -0.00407   -0.19434      1
  -0.03272   -0.21895   -0.02257   -0.21118      1
  -0.01982   -0.21998   -0.00716   -0.19476      3
  -0.01609   -0.22021   -0.01544   -0.20838     13
  -0.01175   -0.22062   -0.00358   -0.20648      4
  -0.00942   -0.22098   -0.01694   -0.21258      2
  -0.00441   -0.22157    0.01696   -0.21080      1
   0.01079   -0.22135   -0.00146   -0.20878      1
   0.01717   -0.22011    0.02515   -0.21080     11
   0.01828   -0.22005    0.01797   -0.20945      7
   0.02349   -0.21945    0.02307   -0.21464      6
   0.03171   -0.21880    0.03159   -0.22069      2
   0.03549   -0.21874    0.03322   -0.20727     13
  -0.04659   -0.21623   -0.04446   -0.20391      2
  -0.04319   -0.21694   -0.04789   -0.18653      3
  -0.03613   -0.21777   -0.03158   -0.20678      7
   0.04168   -0.21768    0.04303   -0.21106      3
   0.04453   -0.21709    0.04148   -0.20870     35
   0.04693   -0.21656    0.03687   -0.20915      8
   0.05338   -0.21458    0.05755   -0.20249      5
   0.05466   -0.21422    0.04302   -0.18586      8
  -0.06278   -0.21277   -0.06246   -0.17836      1
  -0.06122   -0.21239   -0.05881   -0.19045      4
  -0.05785   -0.21337   -0.05342   -0.21113      1
   0.05577   -0.21393    0.03395   -0.21115      3
   0.06398   -0.21218    0.06736   -0.21936      2
   0.06667   -0.21095    0.06642   -0.20933      4
  -0.08225   -0.20616   -0.09709   -0.24031      1
  -0.08052   -0.20668   -0.06280   -0.18026      2
  -0.07590   -0.20698   -0.05419   -0.17628      4
  -0.07147   -0.20846   -0.04665   -0.21042      2
   0.07171   -0.20925    0.06286   -0.19579      2
   0.07565   -0.20784    0.07949   -0.20077      2
  -0.08860   -0.20232   -0.06416   -0.18635      1
  -0.08317   -0.20579   -0.08801   -0.22935      2
   0.07436   -0.20476    0.14650   -0.26760      1
   0.08954   -0.20283    0.09399   -0.19086     10
   0.09097   -0.20219    0.08703   -0.19469      8
  -0.09207   -0.20165   -0.08601   -0.18529      1
   0.09315   -0.20119    0.08665   -0.19242     34
   0.09491   -0.20037    0.09007   -0.19452     44
   0.09827   -0.19875    0.09043   -0.17852      2
  -0.10496   -0.19493   -0.08840   -0.18616      1
   0.10079   -0.19747    0.09429   -0.19880      4
   0.10504   -0.19524    0.09819   -0.19912      3
  -0.11022   -0.19129   -0.09568   -0.17845      1
   0.10969   -0.19222    0.11444   -0.17031      1
   0.11280   -0.19081    0.07827   -0.15907      1
  -0.12320   -0.18382   -0.11282   -0.19153      1
  -0.13150   -0.17876   -0.11934   -0.16702     50
  -0.12893   -0.18041   -0.12596   -0.17018      3
  -0.13574   -0.17557   -0.12673   -0.16818      7
  -0.13280   -0.17780   -0.11685   -0.17038     20
  -0.14238   -0.17022   -0.12105   -0.15888     11
  -0.14056   -0.17174   -0.12030   -0.16242     72
  -0.13776   -0.17400   -0.12101   -0.16235      1
  -0.14730   -0.16603   -0.12104   -0.14631      1
  -0.14330   -0.16946   -0.11983   -0.16356      6
  -0.15117   -0.16251   -0.13697   -0.15809     11
  -0.14856   -0.16487   -0.12940   -0.16197      2
   0.15433   -0.15950    0.14776   -0.15493      2
   0.15658   -0.15729    0.16255   -0.16636      4
   0.15817   -0.15570    0.15389   -0.15282      1
   0.16458   -0.14891    0.18700   -0.15089      1
  -0.17047   -0.14213   -0.16624   -0.14813      2
  -0.09443   -0.14424   -0.07832   -0.10662      1
   0.00409   -0.14536    0.02516   -0.14269      1
  -0.17231   -0.13989   -0.16138   -0.13775     49
  -0.01292   -0.13900    0.06639   -0.15268      1
  -0.00731   -0.13941    0.03277   -0.11979      1
   0.00877   -0.13873   -0.03229   -0.12541      2
   0.02137   -0.13984    0.01712   -0.10571      1
  -0.17606   -0.13514   -0.16267   -0.14750      3
  -0.17199   -0.13691   -0.23452   -0.23127      1
  -0.03721   -0.13610   -0.06171   -0.10150      1
  -0.18236   -0.12651   -0.16049   -0.12494      1
  -0.18226   -0.12592   -0.16142   -0.12075      1
  -0.01825   -0.12210   -0.00409   -0.13763      1
  -0.01685   -0.12207   -0.02239   -0.11253      2
  -0.01102   -0.12275   -0.00081   -0.11874      4
  -0.00866   -0.12293   -0.00250   -0.11601     24
  -0.00561   -0.12308   -0.00074   -0.11998     10
   0.00093   -0.12325    0.00393   -0.11935      5
   0.00943   -0.12288    0.01118   -0.11877     25
   0.01147   -0.12268    0.00897   -0.11390     25
   0.01432   -0.12234    0.01258   -0.12436      6
   0.01919   -0.12201    0.02656   -0.12279      4
   0.06785   -0.12241    0.06567   -0.15397      1
  -0.18669   -0.11962   -0.14534   -0.11938      1
  -0.18569   -0.11917   -0.10472   -0.13403      1
  -0.03462   -0.11846   -0.02691   -0.12147      9
  -0.03268   -0.11882   -0.02412   -0.11843      6
  -0.02663   -0.12034   -0.02365   -0.11368      5
  -0.02257   -0.12095   -0.01496   -0.11449     16
  -0.02040   -0.12154   -0.01194   -0.11909     28
  -0.01795   -0.12169   -0.00720   -0.12128      1
   0.01742   -0.12194    0.01382   -0.10978      2
   0.02002   -0.12188    0.02704   -0.12358     12
   0.02486   -0.12097    0.02514   -0.10769     56
   0.02955   -0.11976    0.03329   -0.11206     25
   0.03091   -0.11939    0.03329   -0.11378     22
   0.03619   -0.11817    0.04830   -0.15320     10
  -0.18572   -0.11791   -0.11669   -0.14056      1
  -0.04645   -0.11463   -0.04258   -0.12046     17
  -0.04406   -0.11542   -0.03637   -0.11923     29
  -0.03992   -0.11651   -0.03443   -0.12091     14
  -0.02835   -0.11459   -0.02202   -0.11398      2
   0.03721   -0.11767    0.04131   -0.11905      7
   0.03977   -0.11682    0.04965   -0.12093      8
   0.04282   -0.11570    0.05755   -0.12011      1
   0.18919   -0.11593    0.19582   -0.11260      1
  -0.19149   -0.11150   -0.18022   -0.11285      2
  -0.18960   -0.11245   -0.16115   -0.10545      1
  -0.05406   -0.11045   -0.03663   -0.11206      1
  -0.05132   -0.11241   -0.06022   -0.12682      1
  -0.04804   -0.11344   -0.03970   -0.11645      5
   0.04972   -0.11314    0.05499   -0.10395      8
   0.05225   -0.11199    0.05199   -0.10608     88
   0.05437   -0.11098    0.05385   -0.10640     11
  -0.06211   -0.10616   -0.04776   -0.10383      1
  -0.05994   -0.10819   -0.05528   -0.11314      3
  -0.05687   -0.10929   -0.05848   -0.11678      6
   0.05727   -0.10950    0.05171   -0.10192      3
   0.05870   -0.10875    0.04759   -0.10589      3
   0.06288   -0.10637    0.05693   -0.10936      1
   0.19326   -0.10898    0.19785   -0.10804      3
   0.19452   -0.10672    0.20407   -0.10024     26
  -0.19638   -0.10282   -0.14313   -0.09494      2
  -0.19385   -0.10407   -0.16182   -0.09762      1
  -0.06814   -0.10238   -0.05997   -0.10582      4
  -0.06424   -0.10504   -0.06405   -0.10535      1
  -0.03523   -0.10413   -0.03175   -0.11344      3
   0.03747   -0.10496    0.04075   -0.10144      4
   0.03813   -0.10467    0.03829   -0.10577      3
   0.09193   -0.10560    0.08853   -0.11011      1
   0.19573   -0.10447    0.19819   -0.10551     34
  -0.19810   -0.09933   -0.12893   -0.11367      1
  -0.19740   -0.10086   -0.16057   -0.10121      4
  -0.07413   -0.09899   -0.06447   -0.09842     14
  -0.07344   -0.09950   -0.07012   -0.10086     82
  -0.06890   -0.10162   -0.06207   -0.10860      2
   0.00470   -0.09854   -0.00876   -0.08776      1
   0.01034   -0.09805    0.01865   -0.10363      1
   0.19732   -0.10145    0.19752   -0.10579     15
   0.19849   -0.09914    0.20296   -0.10794     18
  -0.19932   -0.09704   -0.17388   -0.10372      5
  -0.07869   -0.09540   -0.07106   -0.10128     87
  -0.07734   -0.09650   -0.06877   -0.09767     39
  -0.02245   -0.09562   -0.02307   -0.10391     10
  -0.02131   -0.09599   -0.01650   -0.10550     26
  -0.01431   -0.09415   -0.00891   -0.10467      2
  -0.01181   -0.09682   -0.01257   -0.09905      2
  -0.00805   -0.09651   -0.00652   -0.10553      2
  -0.00065   -0.09616   -0.00198   -0.08727      1
   0.00397   -0.09793    0.00322   -0.09879      4
   0.00604   -0.09768    0.00981   -0.10574      1
   0.01088   -0.09608    0.00485   -0.09990      2
   0.19942   -0.09726    0.19944   -0.10418     13
  -0.08410   -0.09068   -0.07927   -0.09667     24
  -0.08084   -0.09339   -0.08014   -0.09478      5
  -0.03153   -0.09376   -0.02357   -0.10538    118
  -0.02839   -0.09143   -0.02351   -0.07939      2
  -0.01144   -0.09367   -0.00590   -0.08951      4
   0.02798   -0.09374    0.01316   -0.09629      2
   0.03192   -0.09170    0.02538   -0.09227      2
   0.20138   -0.09322    0.17895   -0.08093      5
   0.20240   -0.09096    0.19669   -0.08922      9
  -0.08505   -0.08977   -0.08792   -0.09623      3
  -0.06739   -0.08691   -0.05611   -0.10163      1
   0.08596   -0.08892    0.10109   -0.10505      1
   0.08721   -0.08769    0.09566   -0.09752     21
   0.20372   -0.08799    0.18713   -0.08795     13
  -0.08856   -0.08528   -0.07140   -0.08693      1
  -0.04712   -0.08290   -0.04087   -0.08615      2
   0.00230   -0.08215    0.00456   -0.07950     24
   0.08938   -0.08547    0.09468   -0.09873      1
   0.09127   -0.08346    0.09871   -0.09599      4
   0.20469   -0.08571    0.21977   -0.09925      4
  -0.09549   -0.07860   -0.09829   -0.08584     61
  -0.09226   -0.08120   -0.07115   -0.07266      1
  -0.05691   -0.08083   -0.06440   -0.09767      1
  -0.02265   -0.07877   -0.03154   -0.08907      1
  -0.01853   -0.07906   -0.00653   -0.07594      6
  -0.01633   -0.07919   -0.01599   -0.07894      6
  -0.01063   -0.07872   -0.00987   -0.08910     48
  -0.00786   -0.07869   -0.01345   -0.08366    108
  -0.00440   -0.07905   -0.00515   -0.07991     34
   0.00064   -0.07848    0.00214   -0.08003     21
   0.00329   -0.07841    0.01181   -0.07279     28
   0.00742   -0.07850    0.00585   -0.07631     10
   0.01207   -0.07873    0.01202   -0.07182      9
   0.01553   -0.07848    0.01365   -0.07940      4
   0.01842   -0.07934    0.02506   -0.07037      3
  -0.09825   -0.07512   -0.09588   -0.07534      2
  -0.09620   -0.07773   -0.09798   -0.08113     60
  -0.03143   -0.07536   -0.01807   -0.08492      4
  -0.02822   -0.07619   -0.01158   -0.06537      7
  -0.02362   -0.07573   -0.00838   -0.07485     22
  -0.02130   -0.07644   -0.01144   -0.07585     38
  -0.01677   -0.07757   -0.01922   -0.06695      2
  -0.01129   -0.07683   -0.01249   -0.07403      2
  -0.00667   -0.07779   -0.00948   -0.08289     28
  -0.00414   -0.07762   -0.00280   -0.07722     62
  -0.00031   -0.07758    0.00503   -0.08101    117
   0.00414   -0.07777    0.00550   -0.07607     27
   0.00792   -0.07769    0.01198   -0.07315      7
   0.01187   -0.07730    0.01383   -0.07295     38
   0.01683   -0.07680    0.01698   -0.07325     13
   0.02078   -0.07541    0.01866   -0.06550    113
   0.02363   -0.07519    0.02294   -0.06985    214
   0.02656   -0.07434    0.02294   -0.06507     27
   0.03077   -0.07512    0.03104   -0.07645      6
  -0.10162   -0.07035   -0.09590   -0.07231      2
  -0.09005   -0.07191   -0.06857   -0.07509      1
  -0.03739   -0.07216   -0.02389   -0.05877      2
  -0.03381   -0.07380   -0.02180   -0.08080      1
  -0.02627   -0.07240   -0.00988   -0.05491      1
  -0.01634   -0.07234    0.00641    0.06741      2
  -0.01022   -0.07169    0.00256    0.06043      2
  -0.00680   -0.07020    0.01221    0.07363      2
  -0.00194   -0.07034    0.00000    0.05760      1
   0.01298   -0.07204    0.01909    0.08026      4
   0.01459   -0.07178    0.01997   -0.07700      2
   0.02339   -0.07384    0.01639   -0.07811      2
   0.02917   -0.07349    0.02828   -0.07686      5
   0.03098   -0.07303    0.03238   -0.06527     11
   0.03545   -0.07060    0.03385   -0.06571     44
   0.04055   -0.07053    0.04633   -0.04189      2
  -0.21003   -0.06942   -0.19357   -0.08740      1
  -0.10366   -0.06668   -0.09265   -0.07290      3
  -0.10140   -0.06886   -0.08006   -0.05668      1
  -0.04390   -0.06946   -0.03975   -0.05676      1
  -0.04028   -0.06842   -0.05870   -0.08464      2
  -0.03627   -0.06880   -0.03175   -0.08228      1
  -0.01988   -0.06617    0.00891    0.05690      1
  -0.01516   -0.06831    0.00235    0.06574      9
  -0.01100   -0.06935    0.00082    0.06456     28
  -0.00740   -0.06887    0.00165    0.06561     25
  -0.00486   -0.06880    0.00545    0.06654     55
  -0.00096   -0.06739    0.01093    0.05876     11
   0.00222   -0.06666    0.01214    0.02208      1
   0.01699   -0.06967    0.01069    0.02218      2
   0.03637   -0.06732    0.02524   -0.07034     43
   0.03828   -0.06866    0.03404   -0.06489     21
   0.04303   -0.06696    0.04108   -0.07194      8
  -0.10676   -0.06216   -0.09902   -0.06804      2
  -0.10498   -0.06413   -0.10003   -0.06862      7
  -0.04959   -0.06227   -0.00990   -0.03085      1
  -0.04276   -0.06443   -0.06431   -0.10413      1
  -0.03252   -0.06377    0.01047    0.05655      3
  -0.02453   -0.06268   -0.00330    0.06577      4
  -0.02049   -0.06559   -0.00983    0.06586      5
  -0.01403   -0.06595    0.01691    0.05975      1
  -0.00722   -0.06502    0.00334    0.06568     25
  -0.00394   -0.06518    0.00169    0.05085      2
   0.00157   -0.06485    0.01969    0.06540     19
   0.00314   -0.06458    0.02163    0.06489     69
   0.00812   -0.06388    0.02506    0.05955     39
   0.01147   -0.06268    0.01527    0.06689     37
   0.01428   -0.06219    0.01478    0.06451      5
   0.01847   -0.06244    0.01473   -0.05455     14
   0.03716   -0.06423    0.04356   -0.06134      6
   0.03990   -0.06356    0.03556   -0.05918     28
   0.04499   -0.06514    0.04851   -0.06676     16
   0.04751   -0.06331    0.04810   -0.06795     12
   0.10543   -0.06461    0.11422   -0.07361      1
   0.12185   -0.06449    0.08985   -0.01375      1
  -0.21233   -0.06189   -0.21797   -0.04356      1
  -0.10788   -0.05893   -0.09802   -0.05608      2
  -0.07623   -0.05908   -0.06799   -0.06882      2
  -0.05544   -0.05915   -0.04277   -0.05620      2
  -0.04604   -0.06141   -0.03880   -0.07920      1
  -0.04533   -0.06198   -0.04110   -0.05964      2
  -0.02615   -0.05969   -0.00735    0.02970      1
  -0.02562   -0.06032   -0.00550    0.06390      2
   0.01582   -0.06109    0.01375    0.05997     30
   0.01994   -0.05984    0.01953    0.05882     52
   0.02348   -0.05826    0.01691    0.06599     20
   0.03318   -0.06023    0.01626    0.05525      1
   0.04093   -0.06003    0.03892   -0.05666     41
   0.04209   -0.05876    0.04007   -0.06316     11
   0.04963   -0.05835    0.04503   -0.04639      3
   0.05038   -0.06086    0.04955   -0.06846      7
   0.05487   -0.05868    0.04594   -0.05067      1
   0.10856   -0.05919    0.11280   -0.06490     51
   0.20975   -0.05995    0.21097   -0.02441      1
  -0.11044   -0.05538   -0.10172   -0.05664      7
  -0.10967   -0.05695   -0.09993   -0.06475      4
  -0.08032   -0.05626   -0.09652   -0.03978      1
  -0.05076   -0.05640   -0.05277   -0.07341      2
  -0.04976   -0.05761   -0.04993   -0.05713      7
  -0.02795   -0.05712   -0.00729    0.06183     22
  -0.01472   -0.05490    0.00000   -0.06480      1
   0.00110   -0.05545    0.00286   -0.06743      2
   0.00385   -0.05496    0.00899   -0.04625     10
   0.00665   -0.05771    0.01429   -0.05486      1
   0.02467   -0.05765    0.02624    0.06277     25
   0.02764   -0.05613    0.02518    0.05185     71
   0.03183   -0.05467    0.03263    0.06081     49
   0.04176   -0.05786    0.04741   -0.06491      7
   0.04376   -0.05577    0.04463   -0.06144    142
   0.04634   -0.05436    0.04932   -0.05330      9
   0.05335   -0.05704    0.05307   -0.05908     13
   0.05453   -0.05682    0.05736   -0.05687      7
   0.10964   -0.05717    0.11221   -0.06613     24
   0.11063   -0.05523    0.11234   -0.06335     37
   0.21087   -0.05579    0.18845   -0.03971      1
  -0.11123   -0.05379   -0.10192   -0.05752      2
  -0.05869   -0.05319   -0.04689   -0.04855      1
  -0.05531   -0.05186   -0.06403   -0.05665      1
  -0.05131   -0.05170   -0.02068   -0.03271      1
  -0.04296   -0.05195   -0.04812    0.06847      1
  -0.03664   -0.05162   -0.01541    0.06571      1
  -0.02871   -0.05063   -0.01902    0.04618      6
  -0.01520   -0.05233   -0.01603   -0.06280      3
   0.00099   -0.05002   -0.00643   -0.02807      1
   0.00226   -0.05144    0.00544   -0.04166      4
   0.00886   -0.05130    0.01204   -0.04392     10
   0.01113   -0.05257    0.01799   -0.04172      4
   0.03338   -0.05359    0.03258    0.06116     51
   0.03504   -0.05254    0.03339    0.01102     46
   0.03862   -0.05107    0.04348    0.05543      8
   0.04555   -0.05000    0.04985   -0.04814      1
   0.04881   -0.05187    0.05198   -0.05662     28
   0.05256   -0.05110    0.04525   -0.05505      6
   0.05590   -0.05098    0.05309   -0.05250      4
   0.08063   -0.05306    0.07143   -0.05621      1
   0.11266   -0.05099    0.11648   -0.05663     22
  -0.05882   -0.04755   -0.06527   -0.05381      1
  -0.05718   -0.04917   -0.04542   -0.06487      1
  -0.04847   -0.04651   -0.02075    0.05565      2
  -0.04582   -0.04677   -0.02084    0.04390      1
  -0.03551   -0.04874   -0.01938    0.05368      2
  -0.03127   -0.04734    0.00082    0.05182      4
  -0.02803   -0.04908   -0.02187    0.06575      5
  -0.01251   -0.04993   -0.00655   -0.04906      1
   0.00024   -0.04778    0.00225   -0.03591      2
   0.00744   -0.04766    0.01123   -0.05878      2
   0.03535   -0.04868    0.03324   -0.04338      9
   0.04072   -0.04970    0.03850    0.04627     10
   0.04477   -0.04804    0.03385    0.06744     19
   0.04780   -0.04720    0.04086    0.00324      8
   0.05253   -0.04699    0.03820    0.04010     21
   0.05682   -0.04828    0.05597   -0.04866     28
   0.08511   -0.04743    0.08862   -0.03278      1
   0.11353   -0.04904    0.11511   -0.05683     17
   0.11407   -0.04776    0.12127   -0.05279      4
  -0.08843   -0.04374   -0.07214   -0.05677      1
  -0.05937   -0.04310   -0.06161   -0.04646      3
  -0.04292   -0.04217   -0.01752    0.05392      1
  -0.04070   -0.04342   -0.03439    0.02040      2
  -0.03438   -0.04203   -0.02893    0.03651      2
  -0.03352   -0.04562   -0.04256    0.06281      2
   0.01555   -0.04370    0.02281   -0.02172      1
   0.03589   -0.04275    0.04131   -0.04255      8
   0.04948   -0.04485    0.04377    0.05478      5
   0.05313   -0.04408    0.04139   -0.01609     63
   0.05459   -0.04374    0.03676   -0.02194     21
   0.06314   -0.04501    0.05596   -0.05216      5
   0.10412   -0.04304    0.11423   -0.04872      1
  -0.11716   -0.03872   -0.08868   -0.03263      1
  -0.04720   -0.03829   -0.01534    0.04038      1
  -0.04436   -0.03936   -0.03872    0.06989      3
  -0.03438   -0.03889   -0.03157    0.02332      6
  -0.03191   -0.03943   -0.02334   -0.02929     11
  -0.02945   -0.03872   -0.00499   -0.00749      1
  -0.01115   -0.03839   -0.00864   -0.04324      1
   0.00085   -0.03997    0.00794   -0.00159      1
   0.00423   -0.03988    0.00426   -0.01602      3
   0.00893   -0.03897    0.00910    0.01530    303
   0.01115   -0.03839    0.00891    0.01133    342
   0.03713   -0.03855    0.02652   -0.03728      2
   0.05350   -0.03898    0.04158    0.06432     63
   0.05447   -0.03915    0.04576    0.05890     28
   0.06098   -0.03859    0.05720   -0.03225     27
   0.06346   -0.03888    0.05776   -0.03250     30
   0.08673   -0.04183    0.07753   -0.01090      1
  -0.21844   -0.03749   -0.16063   -0.07287      1
  -0.11845   -0.03452   -0.10992   -0.03445      1
  -0.04521   -0.03632   -0.02953    0.05462      1
  -0.03460   -0.03529   -0.03063    0.03302     11
  -0.03022   -0.03653   -0.02890   -0.02717      6
  -0.02827   -0.03631   -0.01875   -0.03736      2
  -0.01932   -0.03500   -0.00986   -0.01096      5
  -0.01697   -0.03620   -0.00332    0.02225      1
   0.01249   -0.03774    0.02537    0.01044      3
   0.01699   -0.03619    0.01452    0.00962    160
   0.01969   -0.03480    0.01566    0.00787    346
   0.02876   -0.03427    0.02338   -0.02174      2
   0.03225   -0.03458    0.03348   -0.02665     11
   0.03586   -0.03564    0.03245   -0.02197     11
   0.05338   -0.03765    0.04110    0.05650     32
   0.05541   -0.03586    0.04398    0.05205     43
   0.06120   -0.03728    0.06621   -0.03258      7
   0.06487   -0.03564    0.06668   -0.02847    520
   0.06646   -0.03497    0.06699   -0.02280     66
  -0.21898   -0.03339   -0.16849   -0.07291      1
  -0.11909   -0.03222   -0.10944   -0.05480      1
  -0.05080   -0.03354   -0.03159    0.05415     33
  -0.04625   -0.03288   -0.02064    0.03692      1
  -0.04304   -0.03173   -0.02844    0.03563      6
  -0.03837   -0.03307   -0.03057   -0.03148      4
  -0.03480   -0.03329   -0.02061    0.03289     10
  -0.03164   -0.03180   -0.01976    0.01978      2
  -0.02731   -0.03378   -0.01996   -0.01458      2
  -0.02266   -0.03294   -0.00758   -0.01366    158
  -0.02159   -0.03365   -0.00749   -0.00802      9
   0.00892   -0.03096    0.01939    0.02654     24
   0.01033   -0.03325    0.01637    0.02200      2
   0.02136   -0.03380    0.01674    0.00516     60
   0.02326   -0.03254    0.01620    0.00445     51
   0.02705   -0.03201    0.02353   -0.01870     12
   0.03473   -0.03153    0.03483   -0.00434      1
   0.05371   -0.03256    0.03484    0.05677     93
   0.05507   -0.03109    0.03402    0.05598    151
   0.05984   -0.03032    0.04800    0.05277     10
   0.06446   -0.03313    0.06633   -0.03014    225
   0.06738   -0.03201    0.07071   -0.02417    226
   0.07000   -0.03214    0.06917   -0.02301      1
   0.07501   -0.03365    0.09843   -0.03739      1
   0.10881   -0.03054    0.11315   -0.02184      5
  -0.06829   -0.02746   -0.07256   -0.02846      2
  -0.05505   -0.02680   -0.02790    0.03868      1
  -0.05202   -0.02670   -0.02195    0.04411      2
  -0.04611   -0.02617   -0.05612   -0.02440      1
  -0.04378   -0.02848   -0.01238    0.02188      2
  -0.04128   -0.02761   -0.03425    0.01245      2
  -0.03524   -0.02811   -0.03027    0.03302     33
  -0.03321   -0.02940   -0.02214    0.03283      1
  -0.02844   -0.02810   -0.01082   -0.01259     22
  -0.01998   -0.02654   -0.00985   -0.02425      5
   0.00855   -0.02935    0.01639    0.02580     27
   0.02863   -0.02790    0.02288    0.01089     62
   0.03015   -0.02626    0.01837    0.00857      4
   0.03916   -0.02634    0.04827   -0.01097      1
   0.05627   -0.02864    0.03803    0.05498     73
   0.06051   -0.02911    0.04133    0.05557     36
   0.06470   -0.02917    0.06865   -0.02132     26
   0.06881   -0.02849    0.07578   -0.02167     82
   0.07068   -0.02658    0.08909   -0.02161      5
   0.10907   -0.02953    0.11572   -0.02027      8
  -0.06969   -0.02351   -0.06857   -0.03050      2
  -0.05246   -0.02568   -0.02605    0.03264      2
  -0.04825   -0.02280   -0.05341    0.00612      2
  -0.04426   -0.02582   -0.03148   -0.01087      4
  -0.03880   -0.02238   -0.03740    0.02286     72
  -0.03711   -0.02495   -0.03174    0.03467     11
  -0.03181   -0.02422   -0.01585    0.00241      5
  -0.02042   -0.02545   -0.00265   -0.00980      2
  -0.01668   -0.02441   -0.00869   -0.02042     17
   0.00569   -0.02475    0.01299    0.01412      2
   0.00619   -0.02509    0.00608    0.01383      2
   0.02683   -0.02290    0.06865   -0.07624      3
   0.03172   -0.02434    0.06016    0.03257     17
   0.03738   -0.02290    0.04459    0.02714     15
   0.04038   -0.02318    0.05583    0.02445    143
   0.04235   -0.02244    0.05784    0.02612     86
   0.05717   -0.02474    0.04844    0.04851     68
   0.05961   -0.02309    0.04942    0.04857     29
   0.06316   -0.02449    0.06642   -0.01461     41
   0.06781   -0.02385    0.06904   -0.01204     48
   0.07168   -0.02245    0.07559   -0.01387    205
   0.10691   -0.02490    0.02501    0.08081      1
  -0.22061   -0.02101   -0.19185   -0.04890      1
  -0.12210   -0.01862   -0.10145   -0.04861      1
  -0.12177   -0.02090   -0.10968   -0.04792      1
  -0.07469   -0.01871   -0.06524   -0.00747     16
  -0.07247   -0.01939   -0.05422   -0.02106      7
  -0.06943   -0.01807   -0.06973   -0.00807      1
  -0.04904   -0.02058   -0.05132   -0.01944      5
  -0.03932   -0.02076   -0.03580    0.01558    100
  -0.03487   -0.01956   -0.00831    0.00060      6
  -0.03368   -0.02154   -0.01655   -0.01087      1
   0.03359   -0.02115    0.05543    0.02059      6
   0.03738   -0.02037    0.05563    0.02185     71
   0.03851   -0.02025    0.05702    0.02225     58
   0.04478   -0.02079    0.06554    0.02273    115
   0.04811   -0.02059    0.05932    0.03225    109
   0.05232   -0.01920    0.05599    0.03595    107
   0.05606   -0.01914    0.05576    0.04387    265
   0.05847   -0.01964    0.04360    0.04729    102
   0.06278   -0.01947    0.06661   -0.01405    174
   0.06777   -0.02151    0.06939   -0.00737     28
   0.07197   -0.02160    0.07579   -0.01009     31
   0.07452   -0.01811    0.08726   -0.00229      3
   0.22097   -0.02007    0.25220   -0.01852      1
  -0.22120   -0.01454   -0.13720   -0.04064      1
  -0.12271   -0.01539   -0.11292   -0.02277      1
  -0.07625   -0.01699   -0.05850   -0.02335      4
  -0.06789   -0.01540   -0.06442   -0.03006      4
  -0.05149   -0.01534   -0.04205   -0.02367      2
  -0.04484   -0.01551   -0.03180    0.03107      8
  -0.04074   -0.01715   -0.03809    0.01673     26
  -0.03704   -0.01535   -0.01966   -0.00341     27
   0.00441   -0.01609    0.01125    0.01847      6
   0.00813   -0.01511   -0.00495    0.02735      2
   0.03107   -0.01731    0.10947   -0.03284      3
   0.03673   -0.01594    0.05296    0.00923     24
   0.03826   -0.01414    0.04503    0.01772     15
   0.04518   -0.01697    0.04859    0.00122     29
   0.04833   -0.01539    0.05471   -0.00583    221
   0.05194   -0.01577    0.06012    0.01089    365
   0.05635   -0.01696    0.05688    0.04067    190
   0.05965   -0.01689    0.05405    0.04445     63
   0.06351   -0.01667    0.06426   -0.01091     30
   0.06687   -0.01596    0.06922   -0.00491      7
   0.07278   -0.01665    0.07462   -0.00320     55
   0.07493   -0.01562    0.08964    0.00000      5
  -0.12299   -0.01171   -0.10430   -0.02427      1
  -0.07809   -0.01168   -0.03148    0.01084      1
  -0.07762   -0.01367   -0.07250   -0.02440      1
  -0.06778   -0.01377   -0.07243   -0.00815      2
  -0.06539   -0.01031   -0.05287   -0.00114      3
  -0.05419   -0.01172   -0.05379   -0.01094      1
  -0.05255   -0.01333   -0.03193   -0.00860      3
  -0.04900   -0.01013   -0.03797    0.01060     11
  -0.04482   -0.01150   -0.07108    0.01615      1
  -0.03869   -0.01182   -0.02352    0.00107     42
  -0.03778   -0.01308   -0.02089   -0.00481     23
  -0.01141   -0.01095   -0.02164   -0.02164      1
   0.00320   -0.01352    0.01675    0.00876      1
   0.03783   -0.01279    0.04850    0.01091     18
   0.03863   -0.01092    0.05105    0.00814     77
   0.04455   -0.01246    0.04410   -0.00571    198
   0.04665   -0.01349    0.05197   -0.00240     72
   0.05189   -0.01345    0.04558   -0.00161     10
   0.05635   -0.01302    0.06738    0.03319     56
   0.05900   -0.01192    0.06509    0.00569     92
   0.06223   -0.01245    0.06888    0.00035     10
   0.06716   -0.01309    0.06479   -0.00407      4
   0.07333   -0.01182    0.06598   -0.00410     13
   0.07458   -0.01205    0.07426   -0.00220      5
   0.12314   -0.01118    0.13033   -0.02746      1
  -0.22150   -0.00979   -0.16115   -0.06478      1
  -0.14056   -0.00702   -0.00430    0.13672      1
  -0.12330   -0.00810   -0.08787   -0.01470      1
  -0.07916   -0.00677   -0.05617   -0.00994      3
  -0.06425   -0.00880   -0.05397    0.00110      9
  -0.06046   -0.00869   -0.04512   -0.00367      6
  -0.05500   -0.00972   -0.04092   -0.02126      2
  -0.05059   -0.00693   -0.02909    0.01619      1
  -0.04989   -0.00863   -0.04004    0.01051      1
  -0.04299   -0.00805   -0.03871    0.01081     16
  -0.03932   -0.00741   -0.02247   -0.00239    121
  -0.01274   -0.00794    0.02515    0.06658      4
   0.01295   -0.00706    0.02376    0.02704      3
   0.04100   -0.00746    0.04973    0.00961    460
   0.04396   -0.00683    0.05525    0.01091    265
   0.04609   -0.00649    0.04953    0.01648      1
   0.05655   -0.00685    0.05730    0.03264     30
   0.06010   -0.00900    0.06749    0.02170     23
   0.06482   -0.00845    0.06581   -0.00189     18
   0.06689   -0.00772    0.06748   -0.00153     11
   0.07328   -0.00835    0.07333   -0.00038      4
   0.07436   -0.00924    0.06227    0.00514     14
  -0.12350   -0.00543   -0.09787   -0.01818      2
  -0.07925   -0.00390   -0.05957   -0.01339      4
  -0.06378   -0.00257   -0.05372    0.03623      1
  -0.05111   -0.00286   -0.03689    0.01520      5
  -0.04997   -0.00596   -0.03185    0.02197      1
  -0.04382   -0.00362   -0.03238    0.00590     28
  -0.03961   -0.00547   -0.02113    0.00271     41
  -0.01682   -0.00246    0.00109   -0.00813      3
   0.01393   -0.00394   -0.00554    0.02045      2
   0.01488   -0.00391    0.05563   -0.00434     10
   0.03460   -0.00431    0.05563   -0.01091      1
   0.04021   -0.00373    0.03676   -0.00081    123
   0.04449   -0.00569    0.05530    0.01089    141
   0.04668   -0.00484    0.05590    0.01257     44
   0.05559   -0.00499    0.05730    0.02441     46
   0.05844   -0.00541    0.06544    0.03073     32
   0.06416   -0.00553    0.06600    0.01671      5
   0.06820   -0.00478    0.06709    0.00582      9
   0.07248   -0.00531    0.07351    0.00754      4
   0.07664   -0.00297    0.02301    0.04382      1
   0.07854   -0.00409    0.09267   -0.00210      1
   0.09823   -0.00456    0.11241    0.00432      1
  -0.07912    0.00116   -0.06284   -0.00815      8
  -0.05136   -0.00103   -0.03630    0.01176     14
  -0.04446   -0.00075   -0.03630    0.00660      1
  -0.03996   -0.00098   -0.02164   -0.01082     13
  -0.01638    0.00166   -0.02370   -0.01635      1
  -0.01372    0.00138   -0.02342   -0.05654      1
   0.00581    0.00097    0.04733    0.01101      1
   0.01378    0.00135    0.02321    0.01548      1
   0.01538    0.00142    0.04726    0.00561     12
   0.04115   -0.00061    0.04488    0.00135     90
   0.04572    0.00172    0.05124    0.01572      5
   0.04727    0.00003    0.05530    0.01557     15
   0.05093    0.00197    0.04667    0.01838      2
   0.05550   -0.00057    0.05862    0.02336     28
   0.06131    0.00000    0.06612    0.00242     10
   0.06334    0.00077    0.06729    0.00897     23
   0.06710   -0.00098    0.07024    0.00901     15
   0.07270    0.00023    0.07143    0.00902      1
   0.07766   -0.00073    0.07353    0.01095     18
   0.12367   -0.00050    0.13135   -0.00321      1
   0.13859   -0.00119    0.15013   -0.04055      2
   0.22191   -0.00089    0.21209   -0.01111      1
  -0.12266    0.00463   -0.11339    0.00000      1
  -0.07926    0.00290   -0.07183   -0.00540    139
  -0.05219    0.00552   -0.03922    0.01095     54
  -0.04884    0.00345   -0.04334    0.00378     32
  -0.04364    0.00551   -0.03370    0.00621     28
  -0.04028    0.00551   -0.03277    0.00403     14
  -0.01566    0.00368   -0.02070   -0.01091      1
  -0.00792    0.00561   -0.01445    0.01605      3
   0.00109    0.00362   -0.00647    0.02155      1
   0.01316    0.00580    0.13724   -0.04365      2
   0.01529    0.00269    0.03999    0.00815      7
   0.04118    0.00363    0.04867    0.00440    143
   0.04358    0.00535    0.05541    0.01053     25
   0.04919    0.00360    0.05945    0.01481    103
   0.05136    0.00485    0.05821    0.01874    126
   0.05503    0.00415    0.05132    0.02526     44
   0.06145    0.00407    0.06656    0.00812      5
   0.06367    0.00427    0.06724    0.01095    104
   0.06768    0.00470    0.06798    0.01108     16
   0.07212    0.00246    0.07086    0.01275      1
   0.07761    0.00324    0.05063    0.01334      4
   0.12353    0.00598    0.12773    0.00379      1
  -0.11235    0.00936   -0.08596    0.01788     23
  -0.07985    0.00687   -0.07251    0.00932     46
  -0.05969    0.00936   -0.06369    0.01612      1
  -0.05413    0.00700   -0.04259    0.01635      4
  -0.05315    0.00632   -0.03997    0.01097     41
  -0.04276    0.00856   -0.03916    0.01088     14
  -0.04013    0.00771   -0.03204    0.01084     21
  -0.01218    0.00874   -0.03819    0.03921      4
  -0.00642    0.00683   -0.00724    0.02414      1
  -0.00533    0.00703   -0.00732    0.04895      1
   0.01208    0.00755    0.06754    0.04470      3
   0.01439    0.00908   -0.00475    0.01469      2
   0.04108    0.00710    0.05031    0.01016    339
   0.04349    0.00917    0.05530    0.01099    562
   0.04656    0.00851    0.05625    0.01206     40
   0.05333    0.00657    0.05971    0.02192     62
   0.05441    0.00728    0.05966    0.02728     92
   0.06024    0.00968    0.07781   -0.00873      1
   0.06370    0.00635    0.06890    0.01377     10
   0.06660    0.00795    0.06656    0.01274      3
   0.07261    0.00816    0.08672    0.01003      1
   0.07679    0.00700    0.08457    0.01625      5
   0.12340    0.00824    0.12768    0.00535      1
  -0.12259    0.01129   -0.09821    0.02965      1
  -0.11417    0.01083   -0.09626    0.00235      1
  -0.10974    0.01375   -0.06478    0.02193      1
  -0.09817    0.01091   -0.08782    0.00815      1
  -0.09781    0.01175   -0.08351    0.00813     48
  -0.05020    0.01038   -0.03830    0.01940     13
  -0.04979    0.01262   -0.04396    0.01221      2
  -0.04303    0.01146   -0.04713   -0.00245      2
  -0.03839    0.01230   -0.03000   -0.00313     10
  -0.03774    0.01321   -0.00528   -0.01083     26
  -0.03069    0.01303   -0.01088   -0.01834      7
  -0.02737    0.01233   -0.01080   -0.01664     37
   0.00880    0.01293    0.01204    0.01586     16
   0.01195    0.01237    0.00865    0.01964      3
   0.03757    0.01368    0.03910    0.01404     24
   0.04141    0.01098    0.04501   -0.00244     81
   0.04243    0.01281    0.04451   -0.00653     64
   0.04613    0.01053    0.05849    0.01386      2
   0.05346    0.01222    0.05246    0.02196     18
   0.05421    0.01101    0.04911    0.02757     13
   0.06062    0.01235    0.07777    0.01639      2
   0.06724    0.01334    0.06661    0.01091      1
   0.07128    0.01078    0.05530    0.02167      1
   0.07653    0.01100    0.07664    0.01077      1
   0.10314    0.01302    0.04533    0.10038      2
   0.12309    0.01155    0.13192    0.00992      1
  -0.06654    0.01638   -0.06288    0.02452      1
  -0.05046    0.01501   -0.04508    0.01690      2
  -0.04730    0.01695   -0.03595    0.01168     13
  -0.04371    0.01506   -0.02739    0.02194      1
  -0.04009    0.01534   -0.03116    0.02304      8
  -0.03641    0.01652   -0.00738   -0.01165    282
  -0.03098    0.01405    0.00121   -0.00241      1
   0.00844    0.01454    0.00332    0.01515      9
   0.03654    0.01622    0.02395    0.01297     60
   0.03958    0.01657    0.05663    0.00798      6
   0.04385    0.01633    0.04333   -0.00560    111
   0.05318    0.01590    0.06110    0.02435     25
   0.06069    0.01678    0.04724    0.03295      1
   0.06274    0.01694    0.05525    0.03483      2
   0.06899    0.01714    0.07793    0.02517      1
   0.07545    0.01590    0.08603    0.02995      2
  -0.21954    0.02021   -0.19281    0.01619      1
  -0.11486    0.02154   -0.10382    0.01091      1
  -0.11348    0.02085   -0.09193    0.00632     12
  -0.04604    0.01811   -0.03148    0.01084      1
  -0.04263    0.02018   -0.03228    0.01070      3
  -0.03928    0.02101   -0.03459    0.02159     34
  -0.03532    0.01874   -0.00609   -0.01109     30
   0.01363    0.02164    0.01834    0.01764      3
   0.01405    0.02155    0.01195    0.03294      3
   0.03383    0.02131    0.02056    0.01214     25
   0.03490    0.02026    0.03426    0.01613    176
   0.03845    0.01973    0.05159    0.02751     16
   0.04452    0.02072    0.05127   -0.00402    163
   0.05190    0.01913    0.05858    0.02509     36
   0.05775    0.02128    0.06278    0.00516      3
   0.05954    0.02130    0.06385    0.01859      2
   0.06385    0.01900    0.07831    0.02394      1
   0.06665    0.01912    0.09294    0.01706      1
   0.22086    0.02072    0.18305    0.02932      1
  -0.11203    0.02226   -0.06480    0.00000      1
  -0.07571    0.02562   -0.06372    0.01430      4
  -0.07112    0.02541   -0.03499    0.03873      1
  -0.05085    0.02541   -0.03776    0.00430      2
  -0.04872    0.02516   -0.05327   -0.02008      3
  -0.03837    0.02365   -0.03762    0.01615     41
  -0.03773    0.02390   -0.03714    0.01960     49
  -0.03216    0.02376   -0.00324   -0.00774      5
   0.01399    0.02221    0.01878    0.01678      2
   0.01656    0.02542    0.01512    0.02626     38
   0.03230    0.02356    0.01908    0.01090    110
   0.03744    0.02364    0.04963    0.02417     49
   0.03920    0.02583    0.05425    0.02167     45
   0.04510    0.02361    0.05271   -0.00719    145
   0.04664    0.02460    0.05490   -0.00284    150
   0.05281    0.02392    0.05773    0.03258     49
   0.05712    0.02257    0.06927    0.00520     12
   0.05890    0.02510    0.06679    0.01091     56
   0.06614    0.02542    0.06692    0.04721      1
   0.07134    0.02352    0.07848    0.02423      4
  -0.12030    0.02833   -0.10482    0.02566      2
  -0.11333    0.02967   -0.06159    0.04669      3
  -0.07527    0.02919   -0.08259    0.01831      1
  -0.05216    0.02879   -0.05419    0.00544      2
  -0.04645    0.02767   -0.02074   -0.00872      1
  -0.04382    0.02973   -0.05440   -0.02428      4
  -0.03853    0.02617   -0.03990    0.02445      1
  -0.03516    0.02816   -0.02951    0.03107     19
  -0.03377    0.02977   -0.02613    0.02259      6
  -0.02965    0.02683    0.01714   -0.02201      1
   0.01385    0.02758    0.01267    0.03379      2
   0.01694    0.02722    0.01775    0.03244     56
   0.01824    0.02725    0.01418    0.03012      5
   0.02792    0.02862    0.01559    0.00903   1136
   0.03016    0.02625    0.01569    0.00965     33
   0.03774    0.02643    0.04164    0.02859     14
   0.03961    0.02647    0.05911    0.02725    140
   0.04380    0.02796    0.06535    0.02588    158
   0.04677    0.02841    0.06480    0.02507    237
   0.05077    0.02915    0.06155    0.01258     16
   0.05736    0.02709    0.06629    0.00898     46
   0.05818    0.02628    0.06925    0.01551     19
   0.06524    0.02635    0.00441    0.02206      1
   0.07283    0.02984    0.05767    0.05687      1
   0.07498    0.02689   -0.00774    0.01214      1
  -0.11884    0.03233   -0.10488    0.03247      1
  -0.11310    0.03017   -0.08422    0.00947      4
  -0.06378    0.03085   -0.06512   -0.02091      1
  -0.05281    0.03121   -0.05471   -0.00076      9
  -0.04284    0.03162   -0.03149   -0.01958      5
  -0.04007    0.03211   -0.03607   -0.01536     10
  -0.03466    0.03021   -0.03177    0.05124      1
  -0.03056    0.03305   -0.02064    0.03280     17
  -0.02498    0.03292   -0.02073   -0.00079      3
   0.01584    0.03150    0.05059   -0.02029      2
   0.02136    0.03377    0.01080    0.01132    249
   0.02390    0.03205    0.01204    0.01611    202
   0.02630    0.03018    0.01769    0.01124     28
   0.03242    0.03381    0.02718   -0.04350      1
   0.04577    0.03133    0.05693    0.03491     53
   0.04807    0.03251    0.05730    0.03613    114
   0.05102    0.03259    0.06001    0.01422     87
   0.05555    0.03265    0.06708    0.04102      4
   0.05898    0.03119    0.07383    0.01091      7
   0.06348    0.03180    0.08197    0.02428      1
  -0.06912    0.03725   -0.06254    0.03567      1
  -0.05304    0.03553   -0.05379   -0.01094      1
  -0.04751    0.03405   -0.04425    0.02412      1
  -0.04304    0.03757   -0.03986    0.05713      3
  -0.03938    0.03771   -0.02157    0.05362      2
  -0.03591    0.03527   -0.03456   -0.00810      2
  -0.03157    0.03657   -0.01762    0.03508     10
  -0.02719    0.03479   -0.02627   -0.02734      2
   0.01394    0.03747    0.00897    0.02208      3
   0.01627    0.03652    0.00343    0.01549    317
   0.01944    0.03494    0.00865    0.01209    910
   0.02924    0.03611    0.02529   -0.02688      6
   0.03089    0.03759    0.04330   -0.00879      3
   0.04590    0.03730    0.05324    0.04614      8
   0.04747    0.03600    0.05594    0.04387    268
   0.05124    0.03649    0.06185    0.03694     14
   0.05603    0.03664    0.06652    0.00543     19
   0.05841    0.03533    0.06472    0.01129      3
   0.06568    0.03526    0.02292    0.05674      1
   0.06678    0.03582    0.07695    0.03228     17
  -0.11598    0.04129   -0.07621    0.02875      2
  -0.05232    0.03907   -0.04649   -0.00544      4
  -0.04294    0.04137   -0.03664    0.03758      4
  -0.03715    0.03850   -0.02084    0.04624      5
  -0.03212    0.04043   -0.03450   -0.02684      4
  -0.02768    0.03862   -0.02077   -0.02434     17
  -0.01204    0.03813   -0.01392   -0.04089      1
  -0.00665    0.03942    0.01233    0.00906      1
  -0.00390    0.03979   -0.00990    0.00000      3
   0.00195    0.03993   -0.00872   -0.02074      7
   0.00275    0.03989   -0.01476   -0.02577      1
   0.00733    0.04031    0.03475   -0.02715      1
   0.01162    0.03825    0.00897    0.01770      3
   0.03155    0.03955    0.03911   -0.03141      6
   0.04582    0.04177    0.03481    0.05322      4
   0.04746    0.03960    0.04503    0.04882     97
   0.05237    0.03973    0.06530   -0.00212     11
   0.05461    0.04021    0.06867    0.00592      7
  -0.11459    0.04474   -0.09624    0.04045     13
  -0.06490    0.04386   -0.07025    0.04128      2
  -0.05129    0.04331   -0.06478   -0.02193      1
  -0.03126    0.04565   -0.00989    0.04390      1
  -0.02851    0.04277   -0.03041   -0.00818     16
   0.00202    0.04426    0.01281    0.00426      1
   0.00661    0.04596   -0.00980   -0.03929      1
   0.01129    0.04248    0.01715   -0.03267      1
   0.03112    0.04305    0.03008   -0.02440      6
   0.04448    0.04393    0.04941    0.04821     55
   0.04732    0.04540    0.06592   -0.01530     68
   0.05189    0.04352    0.06432    0.00258     14
   0.05548    0.04263    0.07129    0.01690      2
   0.06614    0.04441    0.03324    0.05666      1
  -0.21618    0.04943   -0.17795    0.04868      1
  -0.11288    0.04848   -0.09413    0.03242     16
  -0.03825    0.04723   -0.03158    0.05560      9
  -0.02811    0.04632   -0.01400    0.06863      2
  -0.02461    0.04985   -0.05586    0.06472      1
  -0.01573    0.04734   -0.00870    0.03771      1
  -0.01016    0.04908    0.00046   -0.05219      1
   0.00073    0.04853    0.00327   -0.04039      2
   0.00294    0.04932   -0.00732   -0.04622      1
   0.00669    0.04768   -0.00546   -0.05372      1
   0.01118    0.04802    0.01953   -0.05704      1
   0.02858    0.04760    0.03914   -0.03284     12
   0.04018    0.04841    0.03373    0.05805    149
   0.04386    0.04672    0.04408    0.04816     16
   0.04679    0.04649    0.06636   -0.00764     46
   0.05077    0.04763    0.06347    0.00442      6
   0.09030    0.04930    0.11287   -0.01087      1
  -0.21549    0.05221   -0.16179    0.04947      1
  -0.11139    0.05263   -0.09465    0.04225     13
  -0.06345    0.05094   -0.06380    0.04843      1
  -0.04694    0.05213   -0.04366   -0.01089      3
  -0.02608    0.05029   -0.00587    0.07351      2
   0.00264    0.05129    0.00609   -0.05184      4
   0.00731    0.05225    0.00762   -0.05230      2
   0.02543    0.05382    0.01694   -0.01614      1
   0.02676    0.05142    0.03405   -0.03257      3
   0.03750    0.05223    0.04242    0.05291      9
   0.03936    0.05177    0.04431    0.05576     35
   0.04391    0.05160    0.06011   -0.00876     17
   0.04841    0.05108    0.06570    0.00000      5
   0.05287    0.05287    0.08210    0.01626      1
   0.05409    0.05368    0.07522    0.03239      1
   0.09100    0.05339    0.12047    0.05465      1
  -0.21285    0.05791   -0.17795    0.04868      1
  -0.11040    0.05471   -0.09033    0.04467     13
  -0.10951    0.05630   -0.09544    0.04357      9
  -0.04459    0.05630   -0.08270   -0.02169      1
  -0.02150    0.05401   -0.00655    0.04906      1
   0.00084    0.05475    0.00049   -0.05669      1
   0.00231    0.05469    0.01532   -0.05398      3
   0.02550    0.05586    0.03910   -0.04813      8
   0.03359    0.05795    0.04472    0.06860      1
   0.03580    0.05559    0.04455    0.05670     47
   0.04021    0.05521    0.05816    0.04047     11
   0.04348    0.05559    0.06569   -0.01037     14
   0.04721    0.05709    0.06839    0.00000      3
   0.08730    0.05472    0.10529    0.00000      1
   0.09151    0.05601    0.10499    0.00055      2
  -0.10804    0.05954   -0.09110    0.05438     10
  -0.04214    0.05973   -0.06452   -0.03939      1
  -0.04070    0.06123   -0.04448   -0.01454      1
  -0.02966    0.06027   -0.01951    0.02643      3
  -0.01786    0.06102   -0.00773    0.07968      4
   0.00512    0.05842    0.01201   -0.04243      1
   0.00997    0.06156    0.00899    0.07324      1
   0.01181    0.06187    0.01939    0.05760     21
   0.01641    0.06065    0.02508    0.06003     33
   0.02062    0.05966    0.03127    0.06414     74
   0.02239    0.05909    0.02866    0.05732     34
   0.02770    0.05933    0.03385    0.05978     25
   0.03229    0.05874    0.03826    0.06793     28
   0.03608    0.06119    0.05254   -0.03230      9
   0.03959    0.06014    0.07085   -0.01621     47
   0.04341    0.06008    0.07330   -0.00155     19
   0.04976    0.05826    0.08238    0.00822      1
   0.05397    0.06186    0.05009    0.08746      1
   0.05500    0.06083    0.04947    0.08366      1
   0.08873    0.06183    0.03361    0.03257      1
  -0.10478    0.06520   -0.08898    0.05249      9
  -0.03945    0.06241   -0.05612   -0.01947      5
  -0.03399    0.06362   -0.06069   -0.04657      1
  -0.01532    0.06385   -0.00161    0.03731      3
  -0.00421    0.06523   -0.00063    0.06545     12
  -0.00045    0.06542    0.01182    0.06585     10
   0.00327    0.06444    0.01989    0.06281     64
   0.00734    0.06326    0.01198    0.06325     22
   0.01095    0.06225    0.01506    0.05466     27
   0.02958    0.06419    0.04845   -0.03291      7
   0.03360    0.06572    0.06668   -0.02948     63
   0.03604    0.06302    0.06684   -0.02866    130
   0.03847    0.06450    0.07421   -0.01086     64
   0.04302    0.06391    0.07099    0.01767      8
   0.04911    0.06448    0.06069    0.07715      2
  -0.10301    0.06800   -0.08223    0.07013     21
  -0.03673    0.06946   -0.06561   -0.01553      9
  -0.00710    0.06973   -0.00436    0.06803      8
  -0.00348    0.06871    0.00261    0.06331     30
  -0.00036    0.06721    0.00580    0.05908     11
   0.02163    0.06759    0.04086   -0.06425     33
   0.02314    0.06725    0.05069   -0.05430     35
   0.02610    0.06985    0.06600   -0.06508      1
   0.03317    0.06630    0.06668   -0.02481    191
   0.03451    0.06631    0.07335   -0.02421     37
   0.04069    0.06853    0.03385    0.06557      1
   0.04392    0.06613    0.03502    0.08290      1
   0.04633    0.06774    0.05250    0.06514      4
  -0.20896    0.07383   -0.17754    0.15379      1
  -0.10083    0.07121   -0.08123    0.06922      5
  -0.03651    0.07041   -0.06968   -0.00785     44
  -0.03202    0.07298   -0.07531   -0.01110     10
  -0.02899    0.07358   -0.01748    0.07632      1
  -0.02325    0.07247   -0.06248   -0.04852      4
  -0.01943    0.07358   -0.05255   -0.04378      1
  -0.01300    0.07374   -0.02337   -0.05558      1
  -0.00890    0.07158   -0.00881    0.06782      1
  -0.00454    0.07023   -0.01861    0.07498      6
   0.00572    0.07270    0.02228    0.08138      3
   0.00688    0.07206   -0.01371    0.02035      2
   0.01001    0.07217    0.00877    0.07146      1
   0.01771    0.07228    0.03820   -0.06908      5
   0.01937    0.07083    0.04305   -0.06674      8
   0.02466    0.07176    0.05481   -0.05424      3
   0.02980    0.07124    0.07630   -0.02435      1
   0.03095    0.07018    0.06610   -0.00812      1
   0.04026    0.07137    0.04472    0.06860      1
  -0.09845    0.07448   -0.07181    0.07539      3
  -0.09666    0.07683   -0.06372    0.07881      9
  -0.03044    0.07421   -0.07089   -0.00545      1
  -0.02837    0.07548   -0.04860    0.00000      1
  -0.01108    0.07593   -0.03171   -0.08133      1
  -0.00675    0.07717   -0.00435   -0.06555      7
  -0.00204    0.07798   -0.00381   -0.07848      2
   0.00039    0.07753    0.00000   -0.08099     45
   0.00581    0.07773    0.01311   -0.06377     12
   0.00697    0.07742    0.02072   -0.08053      2
   0.01294    0.07625    0.04403   -0.06535     14
   0.01478    0.07585    0.05247   -0.06863      5
  -0.20519    0.08073   -0.17944    0.07637      4
  -0.09455    0.07942   -0.06464    0.08168      5
  -0.09314    0.08105   -0.07751    0.08046      6
  -0.00753    0.07891   -0.01082   -0.00258      2
  -0.00248    0.07927   -0.01454   -0.08757     23
  -0.00070    0.07860   -0.00648   -0.07539     26
   0.00563    0.07875    0.01705   -0.06539     14
   0.00675    0.07860    0.02398   -0.06566     38
   0.01173    0.07840    0.05564   -0.06009      3
  -0.20363    0.08464   -0.15837    0.09107      1
  -0.09128    0.08316   -0.06045    0.07674      4
  -0.08914    0.08545   -0.06157    0.07286      1
  -0.00057    0.08201   -0.00286   -0.07456      4
   0.04183    0.08596    0.04469    0.08732      1
   0.04437    0.08423    0.04054    0.08954      4
   0.04682    0.08241    0.05542    0.06628      1
  -0.20122    0.08800   -0.16151   -0.15273      1
  -0.08684    0.08780   -0.05944    0.08015      6
  -0.08561    0.08899   -0.06414    0.08920      3
  -0.05360    0.08889    0.01199    0.13175      1
   0.03491    0.08983    0.04127    0.09083      3
   0.04020    0.08697    0.04132    0.08897      3
  -0.20249    0.09007   -0.16983    0.06485      1
  -0.08251    0.09187   -0.06470    0.07996      7
  -0.08020    0.09390   -0.05488    0.07470      1
  -0.03386    0.09273   -0.02364    0.06033      1
   0.02806    0.09276    0.03383    0.10350      1
   0.03149    0.09140    0.03481    0.08882      1
  -0.07861    0.09523   -0.06174    0.08193      3
  -0.07674    0.09675   -0.05804    0.07871      4
   0.01036    0.09691    0.02597    0.10575      1
   0.02139    0.09637    0.03340    0.09127     17
   0.02229    0.09586    0.03321    0.09442     10
  -0.19754    0.09901   -0.19267    0.09355      1
  -0.07482    0.09825   -0.06298    0.09752      2
  -0.07077    0.10115   -0.05478    0.08510      2
  -0.19550    0.10369   -0.16421    0.09130      2
  -0.06692    0.10297   -0.05737    0.08345      6
  -0.06509    0.10481   -0.05140    0.08355      3
  -0.05627    0.10389   -0.05277    0.07621      1
  -0.03740    0.10562   -0.01948    0.09333      2
  -0.19337    0.10834   -0.15167    0.07748      3
  -0.06040    0.10739   -0.05143    0.08962      7
  -0.05670    0.10971   -0.06015    0.08280      2
  -0.04090    0.10996   -0.02992    0.09153      1
   0.01387    0.10960    0.02597    0.09179      3
   0.01570    0.10964    0.03713    0.03273      1
   0.03497    0.10919    0.03246    0.09066      1
   0.03858    0.10871    0.03325    0.08845      1
  -0.05474    0.11056   -0.05439    0.10357      2
  -0.05198    0.11181   -0.04756    0.08243      2
  -0.04778    0.11361   -0.05139    0.08761      6
   0.00591    0.11283    0.01712    0.10509      3
   0.00694    0.11210    0.02525    0.09244      2
   0.01240    0.11020    0.01621    0.09173      3
  -0.18778    0.11700   -0.14238    0.10310      6
  -0.04633    0.11421   -0.05439    0.08539      5
  -0.04379    0.11505   -0.02648    0.09989     36
  -0.04037    0.11606   -0.02019    0.09850     17
  -0.03629    0.11731   -0.02355    0.10275      6
  -0.03379    0.11785   -0.02358    0.10815      1
  -0.02767    0.11490   -0.00650    0.10058      1
  -0.02447    0.11559    0.00000    0.07649      1
  -0.01937    0.11619   -0.00565    0.09770     19
  -0.01748    0.11663   -0.00033    0.10954      4
  -0.01129    0.11702    0.00267    0.09769      3
  -0.00799    0.11658   -0.00328    0.09894      1
  -0.00298    0.11704   -0.00972    0.08947      3
   0.00054    0.11504    0.00432    0.09860      3
   0.00283    0.11432    0.03068    0.12034      1
  -0.18479    0.12175   -0.14536    0.09762      5
  -0.03207    0.11836   -0.02356    0.10936      9
  -0.02631    0.12027   -0.00722    0.10346      3
  -0.02397    0.12106   -0.01344    0.11038      6
  -0.02124    0.12070   -0.01455    0.12968      1
   0.02286    0.12095    0.02504    0.10042      1
  -0.18384    0.12316   -0.13338    0.12098      6
  -0.01151    0.12293   -0.00712    0.09961      5
  -0.00658    0.12267   -0.00709    0.10956      1
  -0.18100    0.12761   -0.14322    0.11975      2
   0.07237    0.12739    0.09807    0.17405      1
  -0.17918    0.13013   -0.15093    0.11373      1
  -0.17653    0.13356   -0.13590    0.11525      1
   0.06760    0.13069    0.12263    0.14615      1
  -0.17535    0.13518   -0.13733    0.12453      3
  -0.17351    0.13757   -0.14155    0.12111      2
  -0.17210    0.13934   -0.14094    0.13304      4
  -0.16997    0.14192   -0.15328    0.13231      1
   0.00662    0.14031    0.27406    0.05676      1
  -0.16809    0.14417   -0.13707    0.13646      7
  -0.16603    0.14653   -0.12984    0.11939      1
  -0.16395    0.14887   -0.14057    0.11384      3
  -0.16184    0.15119   -0.10482    0.09740      1
  -0.15639    0.15683   -0.13320    0.11546      4
  -0.15458    0.15860   -0.13008    0.11562      2
  -0.15350    0.15965   -0.12936    0.11908      2
  -0.15087    0.16213   -0.12570    0.15412      1
  -0.14736    0.16550   -0.10827    0.13466      3
  -0.14384    0.16841   -0.11269    0.12255      1
   0.05127    0.16951    0.05844    0.19481      1
  -0.14009    0.17152   -0.10315    0.14197      3
  -0.13762    0.17351   -0.11728    0.14706      2
  -0.13571    0.17505   -0.07542    0.15287      2
  -0.12792    0.18060   -0.09719    0.15256      1
  -0.12589    0.18215   -0.10819    0.18589      1
  -0.12010    0.18579   -0.08608    0.18129      1
  -0.11576    0.18846   -0.08663    0.14740      2
  -0.10883    0.19251   -0.08688    0.14517      3
  -0.10619    0.19404   -0.06382    0.14003      1
  -0.10267    0.19672   -0.08038    0.14682      1
  -0.09930    0.19744   -0.08020    0.15406      1
  -0.09695    0.19895   -0.08420    0.14882      1
  -0.08302    0.20450   -0.06432    0.18810      7
  -0.08012    0.20538   -0.06292    0.16984      6
  -0.07790    0.20577   -0.00304    0.19521      2
  -0.07857    0.20618   -0.06745    0.15513      2
  -0.07707    0.20661   -0.05681    0.17470      7
  -0.07117    0.20774   -0.00142    0.19139      2
  -0.06628    0.20971   -0.00302    0.17276      1
  -0.05802    0.21369   -0.05332    0.17661      1
  -0.05661    0.21214   -0.00723    0.12939      1
   0.04224    0.21313   -0.15816   -0.16378      1
   0.04654    0.21222    0.01903    0.08174      2
  -0.04686    0.21627   -0.01704    0.16870      2
  -0.04332    0.21701   -0.00105    0.17886      2
  -0.04158    0.21737   -0.04029    0.21952      1
  -0.03577    0.21583   -0.02109    0.20410      1
  -0.02100    0.21772    0.00983    0.18152      1
   0.02668    0.21606    0.06603    0.20564      1
   0.04093    0.21659    0.04942    0.16369      1
  -0.02039    0.22046   -0.00314    0.17141      2
  -0.01177    0.21948    0.01702    0.19454      1
  -0.00544    0.21851    0.00899    0.18861      2
   0.00038    0.21843   -0.00248    0.20337      1
   0.00425    0.21834   -0.00131    0.08944      2
