  -0.00402   -0.22143    0.00929   -0.18335      1
  -0.00035   -0.22145   -0.01238   -0.20842      1
   0.00875   -0.21873    0.02457   -0.20008      1
  -0.07425   -0.20910   -0.06587   -0.18097      1
   0.07654   -0.20763    0.07421   -0.18936      2
   0.07863   -0.20613    0.06606   -0.18759      1
   0.08087   -0.20545    0.08366   -0.17943      2
   0.08538   -0.20352    0.07579   -0.18511      5
   0.08768   -0.20242    0.07697   -0.18046      1
   0.08958   -0.20147    0.09264   -0.17497      1
   0.09374   -0.20012    0.08914   -0.17879      1
   0.09496   -0.19944    0.09008   -0.17832      3
   0.09671   -0.19550    0.09075   -0.18202      1
   0.10134   -0.19636    0.08744   -0.17577      5
   0.10352   -0.19492    0.09264   -0.17497      3
  -0.11300   -0.19100   -0.08912   -0.12960      2
   0.10837   -0.19280    0.10116   -0.16755      3
  -0.12026   -0.18647   -0.09901   -0.16413      1
   0.11386   -0.18942    0.10960   -0.17239      2
   0.11743   -0.18830    0.10352   -0.16885      3
   0.11907   -0.18654    0.08116   -0.18845      1
  -0.12279   -0.18482   -0.09940   -0.16284      1
   0.12424   -0.17909    0.13563   -0.10559      1
  -0.05899   -0.16883   -0.10182   -0.15921      1
   0.15003   -0.15777    0.13415   -0.15763      1
  -0.16041   -0.15329   -0.16198   -0.11384      1
  -0.16644   -0.14648   -0.13268   -0.12948      1
  -0.16061   -0.14987   -0.14802   -0.13948      1
   0.16338   -0.14882    0.14240   -0.14141      1
   0.01922   -0.13997    0.00918   -0.15001      1
  -0.17350   -0.13604   -0.16831   -0.10764      1
  -0.04656   -0.13369   -0.07353   -0.13210      1
   0.03133   -0.13379    0.32733    0.05595      1
  -0.06037   -0.12738   -0.09580   -0.16395      1
  -0.05652   -0.12937   -0.07416   -0.15006      1
   0.18134   -0.12778    0.14404   -0.10333      2
  -0.00224   -0.12347    0.00213   -0.11067      1
  -0.00019   -0.12348    0.01091   -0.10744      1
   0.05932   -0.12471    0.06846   -0.10036      1
   0.00473   -0.11820    0.00997   -0.10753      1
   0.01964   -0.12126    0.01081   -0.09206      1
   0.03002   -0.11949    0.06809   -0.10170      1
  -0.04351   -0.11576   -0.03175   -0.11073      1
  -0.04138   -0.11652   -0.03924   -0.10638      2
   0.04189   -0.11560    0.00246   -0.07826      1
   0.04390   -0.11508    0.03924   -0.09823      5
   0.07484   -0.11748   -0.06440   -0.28345      1
   0.03551   -0.11298    0.02591   -0.10020      1
   0.04774   -0.11358    0.04388   -0.09523      8
   0.05252   -0.11157    0.04433   -0.09229      5
   0.05461   -0.11088    0.05126   -0.10416      1
   0.19009   -0.11278    0.18512   -0.08203      1
  -0.19315   -0.10910   -0.17235   -0.07411      2
  -0.06297   -0.10643   -0.06207   -0.09378      2
   0.05657   -0.10943    0.05440   -0.09899      8
   0.06030   -0.10759    0.05773   -0.10017      4
  -0.19607   -0.10375   -0.18347   -0.08735      2
  -0.19222   -0.10384   -0.18342   -0.08788      1
  -0.06772   -0.10345   -0.05347   -0.09740      2
   0.04214   -0.10347    0.00726   -0.07976      1
   0.06375   -0.10559    0.06143   -0.09771      5
   0.06641   -0.10404    0.06576   -0.10322      1
   0.09329   -0.10270   -0.06291   -0.27811      2
  -0.01599   -0.10093   -0.07340    0.05511      1
   0.04863   -0.09893    0.05093   -0.09113      1
   0.05019   -0.10140    0.03419   -0.08906      3
   0.06343   -0.09924    0.05947   -0.09648      2
   0.09562   -0.10049    0.06745   -0.09669      1
  -0.07796   -0.09532   -0.06541   -0.07189      1
  -0.02983   -0.09438   -0.02779   -0.09032      1
   0.05959   -0.09698    0.06138   -0.09747      1
   0.19660   -0.09785    0.19251   -0.09182      1
  -0.03220   -0.09223   -0.02655   -0.08221      7
   0.05867   -0.09397    0.06739   -0.09008      1
   0.06407   -0.09211    0.05738   -0.09084      2
   0.06612   -0.09212    0.06649   -0.09185      1
   0.10246   -0.09116    0.09234   -0.10812      1
   0.10536   -0.08645    0.09282   -0.08300      4
  -0.08959   -0.08461   -0.07770   -0.06629      2
  -0.04658   -0.08431   -0.03784   -0.08264      1
  -0.04547   -0.08477   -0.03858   -0.08626      1
   0.09116   -0.08304    0.07949   -0.08828      1
   0.10681   -0.08457    0.10591   -0.07838      2
  -0.20432   -0.08150   -0.18826   -0.07439      2
  -0.09278   -0.08165   -0.07888   -0.06274      1
  -0.02045   -0.07859   -0.02644   -0.07793     21
  -0.01614   -0.07951   -0.01669   -0.08323     19
  -0.01326   -0.08013   -0.00943   -0.08372     10
   0.00918   -0.07969    0.02174   -0.08705     13
   0.01087   -0.07882    0.02087   -0.08741     50
   0.01583   -0.07800    0.02430   -0.09131      1
   0.07646   -0.08041    0.07040   -0.08070      1
   0.11067   -0.08061    0.11704   -0.08692      1
  -0.09688   -0.07597   -0.07730   -0.05741      1
  -0.03026   -0.07403   -0.02256   -0.06742      1
  -0.02632   -0.07594   -0.02602   -0.07076      8
  -0.02542   -0.07690   -0.02410   -0.07789     11
  -0.02149   -0.07797   -0.02935   -0.07452      1
   0.01755   -0.07557    0.02208   -0.07973     29
   0.01849   -0.07572    0.02249   -0.08018     12
   0.08368   -0.07639    0.07620   -0.08336      2
   0.11320   -0.07551    0.10584   -0.07784      2
  -0.20926   -0.07291   -0.14570   -0.03687      1
  -0.08667   -0.07278   -0.06962   -0.06518      2
  -0.03544   -0.07090   -0.03364   -0.06618     20
  -0.03227   -0.07275   -0.03270   -0.06566     31
  -0.02996   -0.07383   -0.03272   -0.06312      1
  -0.00208   -0.07342    0.00571   -0.08169      1
   0.00103   -0.07337    0.00396   -0.08090      1
   0.01377   -0.07314    0.01815   -0.07801      1
   0.01791   -0.07192    0.01854   -0.07054      3
   0.01919   -0.07132    0.02204   -0.07398     17
   0.02559   -0.07044    0.02465   -0.06854      4
   0.02825   -0.07111    0.02159   -0.06715      3
   0.03103   -0.07035    0.02848   -0.06969      5
   0.08797   -0.07348    0.08306   -0.05709      1
   0.10107   -0.07122    0.10025   -0.07553      2
   0.11379   -0.07381    0.10982   -0.08306      1
   0.11445   -0.07300    0.09851   -0.07643      4
  -0.10096   -0.06992   -0.08281   -0.05492      4
  -0.08912   -0.06721   -0.07671   -0.06257      3
  -0.04220   -0.06667   -0.03689   -0.06287      1
  -0.03852   -0.06912   -0.03365   -0.06408      8
  -0.03757   -0.06967   -0.03409   -0.06287      8
  -0.01427   -0.06956   -0.01442   -0.05296      2
   0.02424   -0.06883    0.02369   -0.06759     28
   0.03295   -0.06978    0.03062   -0.06739     13
   0.03499   -0.06896    0.03701   -0.06325      7
   0.04147   -0.06622    0.04230   -0.06230      5
   0.04205   -0.06601    0.04557   -0.05918      1
   0.11621   -0.06976    0.11808   -0.07386      2
  -0.04710   -0.06419   -0.04036   -0.05962      1
  -0.04359   -0.06510   -0.03874   -0.06376     17
  -0.04033   -0.06453   -0.03485   -0.06298      2
  -0.00380   -0.06214   -0.00438   -0.05562      1
   0.02590   -0.06392    0.02841   -0.05858     13
   0.02630   -0.06354    0.02798   -0.06100     36
   0.04168   -0.06590    0.04157   -0.06140      8
   0.04450   -0.06360    0.04586   -0.05577     46
   0.04644   -0.06225    0.04815   -0.05476      4
   0.10606   -0.06292    0.11116   -0.05737      1
  -0.10784   -0.06044   -0.09430   -0.04961      3
  -0.10109   -0.06041   -0.08459   -0.04786      1
  -0.04888   -0.05972   -0.04183   -0.05989     11
  -0.04416   -0.05895   -0.03607   -0.05491      1
   0.02767   -0.06140    0.02793   -0.06243      5
   0.03828   -0.05991    0.03334   -0.05869      1
   0.04914   -0.06047    0.05483   -0.05832      9
   0.05133   -0.05877    0.05408   -0.05015     72
  -0.10946   -0.05747   -0.09561   -0.04622      1
  -0.10360   -0.05522   -0.08082   -0.04895      1
  -0.10149   -0.05483   -0.08245   -0.04875      3
  -0.05260   -0.05445   -0.04370   -0.04929      6
  -0.00707   -0.05518   -0.04843    0.01161      4
  -0.00406   -0.05503   -0.03335    0.04252     10
   0.00092   -0.05547    0.01000    0.05035     34
   0.00676   -0.05671    0.03848   -0.03392      1
   0.01332   -0.05604    0.03151   -0.05253      2
   0.01456   -0.05465    0.03840   -0.04527      2
   0.02989   -0.05760    0.03597   -0.05584      5
   0.03082   -0.05437    0.03123   -0.05423     32
   0.05279   -0.05725    0.04770   -0.04958     65
   0.05496   -0.05465    0.05087   -0.03891      7
   0.10944   -0.05572    0.10934   -0.05190      2
  -0.05437   -0.05340   -0.04679   -0.04713      6
  -0.05368   -0.05372   -0.04347   -0.05163      1
  -0.01621   -0.05193   -0.04568   -0.01358      2
  -0.01034   -0.05059   -0.03416    0.03975      4
  -0.00785   -0.05265   -0.03700    0.03790     18
  -0.00582   -0.05354   -0.03456    0.03668      1
   0.00148   -0.05285    0.00711    0.04758     12
   0.00260   -0.05266    0.01100    0.04717     69
   0.01770   -0.05356    0.03748   -0.04837      2
   0.02003   -0.05113    0.01758   -0.05861      1
   0.02396   -0.05047    0.03982   -0.04407      1
   0.03201   -0.05197    0.03472   -0.04868      7
   0.05697   -0.05094    0.05432   -0.04361     60
   0.05816   -0.05005    0.05360   -0.04248      1
  -0.05718   -0.04834   -0.04888   -0.04917      5
  -0.02733   -0.04677   -0.03800   -0.03446      1
  -0.01903   -0.04825   -0.04500    0.01386      9
  -0.01524   -0.04668   -0.03536    0.03841     11
  -0.01217   -0.04866   -0.03192    0.03989     25
  -0.00777   -0.04786   -0.01395    0.04454      7
  -0.00535   -0.04832   -0.00589    0.04811      9
   0.00531   -0.04890    0.01277    0.04564     50
   0.00711   -0.04647    0.01378    0.04522     59
   0.02959   -0.04804    0.03385   -0.04491      2
   0.03331   -0.04680    0.03641   -0.04413     31
   0.03424   -0.04639    0.03724   -0.04400     12
   0.05680   -0.04923    0.05089   -0.03212      2
   0.05924   -0.04770    0.05105   -0.03517    201
  -0.11419   -0.04549   -0.09365   -0.03644      3
  -0.08730   -0.04525   -0.08256   -0.04596      1
  -0.05838   -0.04349   -0.04984   -0.04638     12
  -0.05713   -0.04315   -0.04656   -0.04604     12
  -0.05399   -0.04311   -0.04909   -0.06329      1
  -0.04484   -0.04400   -0.04028   -0.04365      1
  -0.03248   -0.04251   -0.04062   -0.03278      1
  -0.02869   -0.04573   -0.04421   -0.03967      1
  -0.02421   -0.04441   -0.04967    0.01233      7
  -0.01965   -0.04303   -0.03504    0.03224     26
  -0.01714   -0.04378   -0.02803    0.03805     86
  -0.01342   -0.04405   -0.02147    0.04168     36
   0.00594   -0.04451    0.00966    0.05769      1
   0.00827   -0.04548    0.01312    0.04438     41
   0.01310   -0.04387    0.01856    0.04487     64
   0.01468   -0.04258    0.02048    0.04353     17
   0.03332   -0.04340    0.03878   -0.04208     15
   0.03594   -0.04532    0.03981   -0.04222      4
   0.06108   -0.04468    0.05266   -0.03708     50
   0.06235   -0.04332    0.06168   -0.03833      9
  -0.11666   -0.04065   -0.09655   -0.03726      1
  -0.05722   -0.03908   -0.04796   -0.03729     11
  -0.03342   -0.04167   -0.04383   -0.03452      2
  -0.02738   -0.03854   -0.02717   -0.03412     21
  -0.02293   -0.03953   -0.03386    0.02940    215
  -0.02124   -0.04091   -0.02958    0.03378     44
  -0.01591   -0.04132   -0.01885    0.03546      6
  -0.01087   -0.03977   -0.01583   -0.03938      7
  -0.00754   -0.04014   -0.00250   -0.03663    533
  -0.00580   -0.03959   -0.00093   -0.03600     28
  -0.00056   -0.04088    0.00299   -0.03859     64
   0.00404   -0.04107    0.00792   -0.03921      9
   0.00922   -0.04100    0.00831    0.03842      8
   0.01037   -0.04126    0.01173    0.04805      2
   0.01685   -0.04042    0.01944    0.04232     60
   0.01860   -0.03880    0.02098    0.04114     21
   0.02804   -0.04011    0.02782   -0.03847     15
   0.03212   -0.04118    0.03184   -0.04070     10
   0.03667   -0.03930    0.03774   -0.04290     12
   0.06192   -0.04116    0.04820   -0.02628      1
   0.06387   -0.03954    0.06054   -0.03784    126
  -0.05876   -0.03594   -0.04750   -0.03413     15
  -0.05790   -0.03726   -0.04324   -0.02588      1
  -0.03903   -0.03579   -0.03963   -0.03097      7
  -0.03679   -0.03418   -0.03442   -0.03430      1
  -0.03221   -0.03523   -0.03966    0.01523     12
  -0.02678   -0.03734   -0.03661    0.02769      9
  -0.02469   -0.03717   -0.02975    0.02935     51
  -0.02057   -0.03449   -0.01140   -0.01710     10
  -0.01662   -0.03719   -0.00874   -0.03626      6
  -0.01249   -0.03798   -0.00766   -0.01529      1
   0.01324   -0.03772    0.01011   -0.01210     22
   0.01674   -0.03630    0.01087   -0.01156    719
   0.01957   -0.03504    0.01193   -0.01100    650
   0.02234   -0.03525    0.01958    0.03642     48
   0.02804   -0.03570    0.02368   -0.03827      8
   0.03649   -0.03784    0.03961   -0.03536      2
   0.03976   -0.03563    0.02991   -0.04498      2
   0.06373   -0.03739    0.06104   -0.03449    232
   0.06610   -0.03430    0.06275   -0.02940     11
  -0.06074   -0.03328   -0.04945   -0.03226     21
  -0.04650   -0.03026   -0.04223   -0.03159      5
  -0.04409   -0.03134   -0.04081   -0.03203      3
  -0.04122   -0.03151   -0.03767   -0.03363     16
  -0.03578   -0.03359   -0.03595   -0.03242      5
  -0.03264   -0.03289   -0.04087    0.01716     12
  -0.02617   -0.03031   -0.01016   -0.01216     14
  -0.02457   -0.03154   -0.00745   -0.01608     68
   0.01234   -0.03047    0.01797   -0.03015      7
   0.01473   -0.03093    0.01761   -0.02829     12
   0.02136   -0.03379    0.01301   -0.01223     39
   0.02341   -0.03251    0.01282   -0.01110    295
   0.02625   -0.03018    0.01680   -0.01067     59
   0.03062   -0.03042    0.02962   -0.02348      1
   0.06575   -0.03291    0.06260   -0.02917     64
   0.06654   -0.03060    0.06326   -0.02429    192
   0.07151   -0.03087    0.07584   -0.03748      1
  -0.06252   -0.02833   -0.05357   -0.02721     25
  -0.06177   -0.02962   -0.05518   -0.02848      1
  -0.05060   -0.02750   -0.04464   -0.03053     11
  -0.04835   -0.02830   -0.04278   -0.03174     23
  -0.04193   -0.02981   -0.03338   -0.03580      3
  -0.03553   -0.02796   -0.03997    0.01602     10
  -0.03227   -0.02676   -0.03128    0.02622     53
  -0.02778   -0.02876   -0.01016   -0.01649     41
   0.01604   -0.02780    0.01998   -0.02885     27
   0.01887   -0.02645    0.02146   -0.03552      6
   0.02805   -0.02860    0.01627   -0.01106    133
   0.03109   -0.02651    0.02119    0.03143     22
   0.04458   -0.02842    0.03757   -0.04871      4
   0.04954   -0.02720    0.05259   -0.02761      1
   0.06767   -0.02805    0.06457   -0.02017    661
  -0.06268   -0.02328   -0.05573   -0.01880     18
  -0.05428   -0.02268   -0.05038   -0.02498      9
  -0.05302   -0.02440   -0.04777   -0.02713     42
  -0.04560   -0.02250   -0.00631   -0.05453      1
  -0.03553   -0.02386   -0.03644    0.01915     16
  -0.03134   -0.02482   -0.01540   -0.01611     34
   0.01183   -0.02522    0.02171   -0.02871      1
   0.01604   -0.02466    0.01990   -0.02521     13
   0.01935   -0.02556    0.01787   -0.02189      5
   0.03245   -0.02365    0.01805   -0.00811    123
   0.04716   -0.02304    0.03206   -0.04119      5
   0.06835   -0.02414    0.06430   -0.01621    961
   0.07007   -0.02358    0.06720   -0.01177      6
   0.13453   -0.02201    0.10076   -0.05002      1
  -0.06247   -0.02134   -0.05427   -0.02012     15
  -0.06099   -0.01862   -0.05554   -0.01837     69
  -0.05641   -0.02106   -0.05230   -0.02017     27
  -0.04711   -0.01868   -0.03061   -0.02973      4
  -0.03895   -0.01916   -0.03680    0.01148      7
  -0.03673   -0.01963   -0.03413    0.02409     43
  -0.03348   -0.02023   -0.02845   -0.06897      2
  -0.02355   -0.02063   -0.02332    0.02501      1
  -0.02132   -0.01831   -0.01611   -0.01697      1
   0.01598   -0.01997    0.02108   -0.02228      4
   0.01819   -0.01830    0.02183   -0.01955      6
   0.02941   -0.01955    0.10209   -0.07662      7
   0.03378   -0.02126    0.02808   -0.01571     39
   0.03515   -0.01906    0.02785   -0.01444    435
   0.04841   -0.01933    0.03448   -0.04615      8
   0.06908   -0.02118    0.06342   -0.01036    272
   0.07043   -0.01944    0.06477   -0.00715     40
   0.07504   -0.02053    0.06839    0.00107      1
  -0.06243   -0.01601   -0.05649   -0.01403      2
  -0.06076   -0.01603   -0.05425   -0.01534     43
  -0.04724   -0.01760   -0.03276   -0.03278      2
  -0.03863   -0.01594   -0.03479    0.02262     62
  -0.03778   -0.01746   -0.03464    0.02553      6
  -0.00294   -0.01610    0.00913   -0.06364      6
   0.00110   -0.01440   -0.00645    0.02249      3
   0.00558   -0.01601    0.00777   -0.01303     10
   0.00684   -0.01555    0.00673   -0.00049      4
   0.01954   -0.01678    0.02940   -0.01563      1
   0.02992   -0.01744    0.10986   -0.07124      3
   0.03285   -0.01499    0.12381   -0.05622     51
   0.03657   -0.01615    0.02762   -0.01370    159
   0.04924   -0.01649    0.03144   -0.03839      9
   0.06944   -0.01542    0.06650   -0.00512    145
   0.07204   -0.01539    0.06651   -0.00346    386
   0.13754   -0.01605    0.15210   -0.03095      2
   0.13823   -0.01654    0.12678   -0.00508      3
  -0.05897   -0.01186   -0.05464   -0.00445     46
  -0.05773   -0.01056   -0.05847   -0.00163      1
  -0.04722   -0.01238   -0.03425   -0.03020      2
  -0.04464   -0.01170   -0.04079   -0.00595      5
  -0.04000   -0.01191   -0.03662    0.02044     36
  -0.03782   -0.01295   -0.03039    0.00631      2
  -0.01055   -0.01089   -0.01612   -0.00158      1
  -0.00850   -0.01222   -0.02688    0.02920      2
   0.01027   -0.01188    0.02256   -0.01999      9
   0.03339   -0.01306    0.12726   -0.04605     35
   0.03505   -0.01248    0.10955   -0.02141     84
   0.03836   -0.01128    0.02083   -0.00723     41
   0.04476   -0.01315    0.03571   -0.00930      1
   0.04991   -0.01333    0.04230   -0.03638      1
   0.05022   -0.01130    0.03324   -0.03357      4
   0.06953   -0.01280    0.06897   -0.00459    291
   0.07221   -0.01250    0.06630   -0.00580    704
   0.07731   -0.01020    0.08070   -0.00582     51
   0.13800   -0.01343    0.15025   -0.00341      1
   0.13862   -0.01239    0.14980    0.01044     10
  -0.07333   -0.00949   -0.06738   -0.00388      1
  -0.05942   -0.00653   -0.05395    0.00000     33
  -0.04888   -0.00833   -0.03175   -0.03367      2
  -0.04413   -0.00817   -0.03859   -0.00591      6
  -0.04042   -0.00776   -0.03382    0.02476     21
  -0.01432   -0.00638   -0.03233    0.01113      1
  -0.01195   -0.00991   -0.02818    0.03109      2
  -0.00614   -0.00816    0.00283    0.00406      2
  -0.00468   -0.00791   -0.01231   -0.02983     13
  -0.00132   -0.00661   -0.00276   -0.03588      2
   0.00817   -0.00605    0.01189   -0.00601      8
   0.01297   -0.00835    0.02256   -0.01105      8
   0.02650   -0.00913    0.03493   -0.01666      1
   0.03532   -0.00702    0.13437   -0.01918    287
   0.03930   -0.00736    0.01803   -0.00422    157
   0.05045   -0.00793    0.03601   -0.04502      3
   0.06899   -0.00813    0.07348   -0.00300    227
   0.07157   -0.00750    0.07111   -0.00396    965
   0.07765   -0.00901    0.08271   -0.00028    627
   0.07826   -0.00685    0.08115    0.00587    211
   0.13966   -0.00773    0.14383   -0.00174      4
  -0.07661   -0.00418   -0.06897    0.00664      1
  -0.07243   -0.00325   -0.06745    0.00236      1
  -0.05871   -0.00400   -0.05467    0.00201     47
  -0.05764   -0.00283   -0.04944    0.01673      1
  -0.04903   -0.00293   -0.03552   -0.03807      2
  -0.04276   -0.00565   -0.04126    0.00930      1
  -0.04144   -0.00476   -0.03695    0.01196     48
  -0.01466   -0.00573   -0.05537    0.02606      1
   0.00021   -0.00332    0.00558   -0.00455      3
   0.00551   -0.00521    0.03381   -0.02229      1
   0.00753   -0.00291    0.01169   -0.00420     36
   0.01309   -0.00438   -0.18145   -0.29727      1
   0.01555   -0.00235    0.02457   -0.00690     17
   0.02532   -0.00320    0.02631   -0.00504     13
   0.02627   -0.00256    0.02520   -0.00453     12
   0.03671   -0.00386    0.13930   -0.00752    531
   0.03975   -0.00410    0.01978   -0.00340    414
   0.05068   -0.00343    0.02791   -0.05141      1
   0.06549   -0.00514    0.06928    0.00145      1
   0.06866   -0.00340    0.07558    0.00227    428
   0.07151   -0.00309    0.07468    0.00219   1164
   0.07625   -0.00510    0.07870    0.00828     43
   0.07862   -0.00434    0.08068    0.00842    282
   0.13980   -0.00356    0.14727    0.01002      9
  -0.22144   -0.00159   -0.21593   -0.00490      1
  -0.12348   -0.00088   -0.11067    0.00232      1
  -0.05859    0.00066   -0.05370    0.00625     23
  -0.04881   -0.00018   -0.03284   -0.03882      3
  -0.04164   -0.00107   -0.03225    0.01016     11
  -0.00017    0.00034    0.00354    0.00852      5
   0.00908   -0.00163    0.01737   -0.00649     25
   0.01010   -0.00154    0.00958   -0.00086      5
   0.01682    0.00151    0.04239    0.00832      1
   0.02743   -0.00192    0.02303   -0.00347      8
   0.03699   -0.00144    0.13858    0.00318    315
   0.03996   -0.00078    0.01973   -0.00020    258
   0.05057   -0.00015    0.02601   -0.04366      4
   0.06575   -0.00086    0.07603    0.00280      7
   0.06828   -0.00083    0.07192    0.00394    559
   0.07172   -0.00111    0.07289    0.00280    418
   0.07474   -0.00025    0.07946    0.00842     29
   0.07870    0.00068    0.07939    0.00891    238
   0.13969    0.00146    0.15387    0.01936      7
  -0.12358    0.00419   -0.11215    0.02200      1
  -0.07142    0.00218   -0.06797    0.00762      1
  -0.05841    0.00314   -0.05529    0.00834     47
  -0.05796    0.00565   -0.05294    0.00717      7
  -0.04863    0.00301   -0.02849   -0.03184      2
  -0.04436    0.00309    0.03427   -0.04172      1
  -0.03982    0.00371   -0.01809    0.00672     50
  -0.00324    0.00525   -0.01756    0.03494      9
  -0.00182    0.00341   -0.01592    0.00981      7
   0.03354    0.00262    0.03629    0.00257      2
   0.03977    0.00409    0.01885   -0.00109     71
   0.04987    0.00455    0.01981   -0.05043      3
   0.05019    0.00243    0.02486   -0.03804      2
   0.07134    0.00228    0.07542    0.00784     40
   0.07486    0.00296    0.08075    0.01173     20
   0.07879    0.00472    0.07685    0.01157    283
   0.13968    0.00300    0.15206    0.02466     13
  -0.06307    0.00622   -0.06331   -0.01380      1
  -0.05690    0.00779   -0.05357    0.01244     59
  -0.05114    0.00986   -0.04473    0.00616      2
  -0.04769    0.00785   -0.02651   -0.03333      4
  -0.04090    0.00818   -0.03941    0.01251     80
  -0.01472    0.00827   -0.01229    0.01367      5
  -0.01223    0.00955   -0.05491    0.05071      3
  -0.00631    0.00790   -0.01815    0.01656      2
  -0.00556    0.00710   -0.01665    0.00683      3
   0.01274    0.00781   -0.29720    0.15604      1
   0.03941    0.00675    0.01885    0.00423     35
   0.04918    0.00735    0.02541   -0.03928      4
   0.06279    0.00797    0.05929    0.01099      1
   0.07382    0.00981    0.08070    0.01394      1
   0.07572    0.00887    0.08121    0.01748     23
   0.07866    0.00666    0.07701    0.01515    141
   0.12243    0.00976    0.11956    0.01574      1
   0.13972    0.00813    0.13628    0.03064      5
  -0.12298    0.01110   -0.10586    0.02111      2
  -0.07621    0.01210   -0.06861    0.01876     11
  -0.07157    0.01359   -0.06597    0.01805      1
  -0.06349    0.01334   -0.06478    0.00124      1
  -0.05449    0.01051   -0.05152    0.01458     17
  -0.05122    0.01047   -0.04892    0.01364     62
  -0.04822    0.01099   -0.04115    0.01281     31
  -0.04341    0.01337   -0.04139    0.01622     41
  -0.04112    0.01102   -0.03879    0.01659     20
  -0.03592    0.01255   -0.03954    0.02663      2
  -0.01087    0.01027   -0.04018    0.04336      8
  -0.00702    0.01315   -0.02649    0.02821      1
   0.00183    0.01351    0.01763    0.03445      1
   0.00363    0.01380    0.01736    0.06055      5
   0.00795    0.01350    0.01741    0.03717      5
   0.03793    0.01265    0.01911    0.00347      7
   0.03839    0.01117    0.01802    0.00232     16
   0.04700    0.01301    0.03924   -0.03304      1
   0.07774    0.01269    0.08077    0.01897    445
   0.07814    0.01092    0.08023    0.01978     78
   0.13948    0.01121    0.09487    0.02186      2
  -0.07188    0.01423   -0.06250    0.01710      1
  -0.04609    0.01425   -0.02370   -0.03609      2
  -0.04488    0.01590   -0.02447   -0.03424     17
  -0.03733    0.01585   -0.02138    0.01083     16
  -0.03125    0.01670   -0.11422    0.05834     55
  -0.00176    0.01610    0.00179   -0.05761      2
   0.00323    0.01409    0.01383    0.08120      2
   0.03656    0.01619    0.01786    0.00456     27
   0.04586    0.01540    0.02481   -0.04086      3
   0.04611    0.01503    0.03095   -0.03028      2
   0.07702    0.01589    0.08184    0.02289    221
   0.07870    0.01416    0.08334    0.02596      1
   0.13550    0.01633    0.14011    0.02059      7
   0.13875    0.01787    0.15093    0.02499      1
  -0.22055    0.01990   -0.21186    0.00361      2
  -0.12163    0.01818   -0.10478    0.02612      1
  -0.07645    0.02101   -0.06577    0.02928      1
  -0.06622    0.01869   -0.06270    0.02493      5
  -0.06479    0.02097   -0.05955    0.02978      2
  -0.04320    0.01953   -0.02304   -0.03865      7
  -0.03913    0.02160   -0.03744    0.02472      3
  -0.03527    0.01955   -0.01423    0.01166    294
  -0.03355    0.02124   -0.01236    0.01150    143
  -0.02952    0.01804   -0.12404    0.07133      1
  -0.02582    0.02145   -0.01613    0.01569      1
   0.03366    0.02157    0.03065    0.01046      2
   0.03516    0.01904    0.01997    0.00546     23
   0.04335    0.02020    0.04470    0.01063     17
   0.07601    0.02039    0.08169    0.02769    305
   0.09690    0.01979    0.08754    0.03048      1
   0.12179    0.02069    0.13400    0.02751      1
   0.13617    0.02029    0.14754    0.03067     12
   0.13855    0.02041    0.14272    0.02399     12
  -0.12070    0.02447   -0.10935    0.03322      1
  -0.06871    0.02499   -0.05862    0.02849     10
  -0.06440    0.02468   -0.06356    0.03082      2
  -0.03900    0.02548   -0.03751    0.02732     38
  -0.03643    0.02269   -0.03534    0.02592     22
  -0.03280    0.02420   -0.02327    0.02264    157
   0.03205    0.02390    0.02123    0.00914     17
   0.03741    0.02564    0.02045   -0.02944      2
   0.03873    0.02421    0.02165   -0.03265      4
   0.06680    0.02254    0.06412    0.03072      1
   0.07527    0.02340    0.08180    0.03601    719
   0.12017    0.02541    0.11908    0.03527      1
   0.13774    0.02457    0.14173    0.02516     14
   0.13821    0.02276    0.14949    0.02800      7
  -0.07460    0.02885   -0.06773    0.02794      2
  -0.07125    0.02922   -0.06612    0.03069      1
  -0.06990    0.02774   -0.01975    0.01077      1
  -0.06332    0.02944   -0.06010    0.03408     84
  -0.06179    0.02915   -0.05853    0.03039     27
  -0.05569    0.02931   -0.05122    0.03090      4
  -0.04827    0.02736   -0.04383    0.03136      3
  -0.04256    0.02696   -0.03977    0.03005      5
  -0.03852    0.02667   -0.03757    0.02803     17
  -0.03677    0.02930   -0.03588    0.02958     47
  -0.03036    0.02653   -0.02436    0.01273     30
  -0.02698    0.02950   -0.00980    0.01436     19
   0.02865    0.02789    0.01922    0.01768      5
   0.03656    0.02659    0.02340   -0.03798      3
   0.07391    0.02975    0.08001    0.03949     47
   0.07475    0.02748    0.08121    0.03410    224
   0.11954    0.02815    0.11145    0.02532      1
   0.13660    0.02820    0.13708    0.03238     23
  -0.21772    0.03254   -0.21920    0.01302      1
  -0.07529    0.03094   -0.06306    0.03656      1
  -0.07235    0.03305   -0.06533    0.03678    128
  -0.06890    0.03337   -0.06210    0.03280    168
  -0.06296    0.03250   -0.06022    0.03139     98
  -0.06146    0.03335   -0.05902    0.03293     58
  -0.05718    0.03218   -0.05282    0.03753      1
  -0.04091    0.03189   -0.04322    0.02998      2
  -0.03464    0.03239   -0.03477    0.03111     86
  -0.03305    0.03160   -0.03280    0.02954    492
  -0.02970    0.03298   -0.02917    0.03078     14
  -0.02305    0.03267   -0.01743    0.02809     10
  -0.02180    0.03351   -0.02406    0.01741      5
  -0.01218    0.03254   -0.04108    0.13186     16
  -0.00994    0.03326   -0.02826    0.18686      1
   0.02160    0.03382    0.02608    0.03626      5
   0.02418    0.03245    0.01904    0.01585     29
   0.02640    0.03002    0.01902    0.01653      1
   0.07317    0.03259    0.08009    0.04150    210
   0.07412    0.03008    0.08468    0.03177      2
   0.13548    0.03359    0.13404    0.03651      5
  -0.11308    0.03468   -0.10302    0.03527      1
  -0.07100    0.03554   -0.06487    0.03921    332
  -0.06805    0.03514   -0.06135    0.03457    442
  -0.06391    0.03566   -0.06084    0.03464    493
  -0.05979    0.03595   -0.06001    0.03492    463
  -0.05677    0.03684   -0.05411    0.03746    268
  -0.05384    0.03775   -0.04933    0.03504      7
  -0.04366    0.03562   -0.04201    0.03772      5
  -0.03861    0.03686   -0.03893    0.03890     68
  -0.03545    0.03706   -0.03546    0.03693     80
  -0.03189    0.03585   -0.03159    0.03612    111
  -0.02957    0.03654   -0.02846    0.03824    185
  -0.02518    0.03454   -0.01832   -0.03537      3
  -0.02002    0.03460   -0.00691    0.01707     48
  -0.01589    0.03669   -0.00491    0.01783     30
  -0.01125    0.03570   -0.01633    0.15850     48
  -0.00823    0.03738   -0.01547    0.15863     10
   0.00590    0.03781    0.04173    0.15527      2
   0.00771    0.03657    0.05918    0.16658     37
   0.01063    0.03496    0.05653    0.16003     39
   0.01509    0.03703    0.01325    0.01590      3
   0.02136    0.03592    0.02204    0.03714    162
   0.02219    0.03513    0.02096    0.03525     21
   0.06430    0.03531    0.07124    0.03247      1
   0.07203    0.03533    0.07949    0.03945    117
   0.13475    0.03755    0.14341    0.05824      1
   0.21845    0.03710    0.21596    0.05264      1
  -0.11708    0.03968   -0.10993    0.04131      2
  -0.07080    0.03959   -0.06870    0.04393     95
  -0.06892    0.03932   -0.06257    0.03833     86
  -0.06239    0.03878   -0.05973    0.03506     96
  -0.06021    0.03894   -0.05887    0.03703     95
  -0.05522    0.03899   -0.05129    0.03701    392
  -0.05218    0.04047   -0.04822    0.03834    200
  -0.04883    0.04176   -0.04588    0.04018      4
  -0.04354    0.04011   -0.04451    0.03889      4
  -0.03957    0.03950   -0.03940    0.03995    277
  -0.03502    0.04046   -0.03526    0.04107     75
  -0.03252    0.03942   -0.03341    0.03905     24
  -0.02862    0.03931   -0.02725    0.03961     64
  -0.02567    0.04090   -0.02407    0.04163      7
  -0.02148    0.04064   -0.02015    0.04237     57
  -0.01540    0.03864   -0.01481   -0.05262      2
  -0.01068    0.03853   -0.00207    0.01709    112
  -0.00851    0.03907   -0.00352    0.02062    922
  -0.00459    0.04062   -0.00231   -0.03630    234
  -0.00028    0.04089    0.00282   -0.03396     34
   0.00432    0.03925    0.03420    0.12912     81
   0.00762    0.03909    0.01726    0.04561     14
   0.01125    0.04130    0.00785    0.04094     16
   0.02047    0.04068    0.01943    0.04367    204
   0.06974    0.04111    0.07531    0.03895     35
   0.07059    0.03941    0.07556    0.03813     97
   0.13373    0.04059    0.22631    0.11986      3
   0.13428    0.03858    0.14263    0.18321      1
  -0.21619    0.04383   -0.21144    0.01999      1
  -0.11504    0.04274   -0.10219    0.04254      3
  -0.08410    0.04466   -0.07446    0.04891      3
  -0.07013    0.04255   -0.06640    0.04423     43
  -0.06893    0.04408   -0.06651    0.04406     88
  -0.06584    0.04526   -0.05890    0.04246      6
  -0.05559    0.04351   -0.04956    0.04174      1
  -0.05141    0.04287   -0.04474    0.04050     19
  -0.04752    0.04459   -0.04409    0.04424     37
  -0.04331    0.04465   -0.04098    0.04548     84
  -0.04080    0.04508   -0.03950    0.04629    182
  -0.03435    0.04457   -0.03458    0.04659     35
  -0.03341    0.04459   -0.03235    0.04692     50
  -0.02928    0.04450   -0.02780    0.04616     16
  -0.02403    0.04310   -0.02289    0.04342     10
  -0.01981    0.04291   -0.01722    0.04544      7
  -0.01713    0.04528   -0.01407    0.05119     13
   0.00517    0.04280    0.00857    0.04921      4
   0.00867    0.04401    0.00822    0.04149      1
   0.01311    0.04498    0.01237    0.04523    159
   0.01432    0.04399    0.01343    0.04295     94
   0.01873    0.04264    0.01738    0.04216     18
   0.03149    0.04433    0.03066    0.04445      1
   0.06762    0.04488    0.07277    0.04175    218
   0.07025    0.04255    0.07458    0.03797     15
   0.13370    0.04308    0.14292    0.07033      5
  -0.11295    0.04899   -0.10506    0.04266      1
  -0.08223    0.04690   -0.07120    0.04379     28
  -0.08178    0.04757   -0.07037    0.04424     27
  -0.06699    0.04662   -0.06569    0.04640      7
  -0.06506    0.04900   -0.05947    0.04743     19
  -0.06189    0.04957   -0.05556    0.05126      1
  -0.04346    0.04667   -0.04082    0.04971     11
  -0.03970    0.04745   -0.03825    0.04809    106
  -0.03589    0.04694   -0.03430    0.04751     82
  -0.03275    0.04806   -0.03274    0.04920     52
  -0.02865    0.04862   -0.02877    0.05002     93
  -0.02592    0.04994   -0.02351    0.05159     13
  -0.02089    0.04773   -0.01930    0.04932      6
  -0.01517    0.04699   -0.01063    0.04943      8
  -0.01281    0.04697   -0.00531    0.04981     18
  -0.00921    0.04705   -0.00455    0.04901      9
  -0.00436    0.04938    0.00088    0.04567      3
   0.00432    0.04943    0.00370    0.05297      1
   0.00976    0.04811    0.00807    0.04383     15
   0.01315    0.04778    0.01200    0.04543    257
   0.01446    0.04918    0.01340    0.04653     63
   0.06535    0.04842    0.06940    0.04173    299
   0.06640    0.04690    0.07098    0.04082    178
   0.08026    0.04965    0.07398    0.03513      1
   0.13229    0.04946    0.14281    0.03350      3
  -0.13138    0.05399   -0.17401    0.12642      1
  -0.11223    0.05060   -0.09920    0.06031      1
  -0.08231    0.05049   -0.07917    0.05184      4
  -0.07947    0.05139   -0.06691    0.04505     28
  -0.06379    0.05128   -0.05899    0.04877      6
  -0.04098    0.05020   -0.03629    0.05042     21
  -0.03656    0.05087   -0.03350    0.05034     56
  -0.03191    0.05242   -0.03025    0.05289    159
  -0.02900    0.05307   -0.02565    0.05249    332
  -0.02413    0.05213   -0.02325    0.05324     25
  -0.02030    0.05221   -0.01687    0.05382     15
  -0.01692    0.05147   -0.01371    0.05228      3
  -0.01115    0.05229   -0.00469    0.05034      3
  -0.00641    0.05274   -0.00116    0.01616      1
  -0.00217    0.05304   -0.00583    0.05368      1
  -0.00115    0.05262   -0.00746    0.04711      1
   0.00530    0.05248    0.00205    0.04928     16
   0.00869    0.05325    0.00418    0.04795     38
   0.01309    0.05207    0.01116    0.04936    612
   0.01419    0.05153    0.01407    0.04868    155
   0.06121    0.05357    0.06668    0.04478    250
   0.06299    0.05141    0.06885    0.04470    272
   0.08029    0.05188    0.07995    0.04205     15
   0.13080    0.05354    0.08654    0.03322      3
   0.21383    0.05035    0.15909    0.03498      1
  -0.07963    0.05603   -0.07637    0.04878     37
  -0.07696    0.05705   -0.06650    0.04646     23
  -0.06115    0.05504   -0.05261    0.04859      9
  -0.05692    0.05738   -0.05273    0.04867      2
  -0.04165    0.05759   -0.04097    0.05711     28
  -0.03126    0.05430   -0.03006    0.05400     51
  -0.02840    0.05507   -0.02717    0.05231      6
  -0.02478    0.05718   -0.02280    0.05829      4
  -0.01998    0.05440   -0.01655    0.05684     10
  -0.01762    0.05646   -0.01578    0.05197      6
  -0.01293    0.05721   -0.00278    0.09963      3
  -0.00971    0.05495   -0.01065    0.05477      1
  -0.00268    0.05702   -0.00685    0.05534      2
  -0.00016    0.05744   -0.00378    0.05738      5
   0.00535    0.05670    0.00347    0.05045     64
   0.00793    0.05711    0.00775    0.05200    282
   0.01125    0.05476    0.01119    0.05250    158
   0.05761    0.05741    0.06253    0.04697     64
   0.05986    0.05547    0.06668    0.04553    857
   0.07706    0.05590    0.07193    0.04045      4
   0.07819    0.05617    0.07919    0.04159      2
   0.10957    0.05523    0.10744    0.07247      1
  -0.12651    0.06116   -0.12357    0.06850      1
  -0.12388    0.06048   -0.12352    0.05888     30
  -0.12148    0.06134   -0.11982    0.06641     14
  -0.10710    0.06057   -0.09371    0.05367      1
  -0.07852    0.05961   -0.08211    0.06691     15
  -0.07497    0.06017   -0.06527    0.05324     39
  -0.07325    0.06152   -0.06301    0.05227     81
  -0.05174    0.06109   -0.04610    0.06046      2
  -0.03464    0.05853   -0.03039    0.05614      2
  -0.03057    0.06104   -0.02286    0.05384      1
  -0.02872    0.06138   -0.02846    0.06710      3
  -0.01546    0.05974   -0.01263    0.05701      2
  -0.01175    0.05978   -0.00588    0.06270      5
  -0.00916    0.05871   -0.03272    0.05277      1
  -0.00413    0.05851    0.00073    0.06119     11
   0.00113    0.06120    0.00168    0.06027     43
   0.00334    0.06110    0.01186    0.06595    422
   0.00786    0.06021    0.01040    0.05952   1907
   0.01024    0.05984    0.00976    0.06363     51
   0.05371    0.06126    0.05752    0.04595     16
   0.05595    0.05923    0.06202    0.04690    254
   0.05811    0.05814    0.06600    0.04468      9
   0.07165    0.06151    0.06733    0.05042      2
   0.07596    0.05982    0.07671    0.04868      4
   0.12859    0.05934    0.13547    0.07853      1
  -0.13092    0.06363   -0.18059    0.11683      1
  -0.12882    0.06584   -0.17871    0.07861      3
  -0.12334    0.06309   -0.12469    0.06143     44
  -0.12069    0.06375   -0.12343    0.06179     38
  -0.10632    0.06228   -0.09363    0.05559      1
  -0.07479    0.06376   -0.06950    0.06809     45
  -0.07150    0.06491   -0.06264    0.05483    135
  -0.06957    0.06481   -0.05242    0.04885      7
  -0.05017    0.06441   -0.04424    0.05702      7
  -0.04856    0.06529   -0.04178    0.06265      8
  -0.04537    0.06548   -0.04412    0.05894      3
  -0.02666    0.06238   -0.01863    0.05734      3
  -0.02284    0.06443   -0.01894    0.06196      4
  -0.01843    0.06599   -0.01480    0.05938      2
  -0.00617    0.06500    0.00535    0.12126     17
  -0.00336    0.06447    0.01264    0.09234    208
  -0.00173    0.06400    0.02095    0.10830     78
   0.00415    0.06364    0.01755    0.08348    350
   0.00827    0.06372    0.00551    0.06059   1318
   0.01066    0.06528    0.00623    0.05660    146
   0.01467    0.06574    0.01001    0.05855      1
   0.04927    0.06519    0.04859    0.04729     13
   0.05207    0.06307    0.05405    0.04736     34
   0.06900    0.06534    0.06611    0.04423     17
   0.07238    0.06444    0.07012    0.04715      9
   0.07475    0.06239    0.08166    0.04380      4
   0.12560    0.06522    0.12737    0.08146      1
   0.12642    0.06394    0.11738    0.06294      1
  -0.21059    0.06969   -0.13267    0.03332      1
  -0.13012    0.06803   -0.17452    0.06769      1
  -0.12957    0.06766   -0.18702    0.11841      4
  -0.12339    0.06773   -0.12923    0.05688      8
  -0.11878    0.06809   -0.12122    0.05939      7
  -0.10380    0.06610   -0.09515    0.05296      1
  -0.08543    0.06940   -0.07830    0.06548      2
  -0.07115    0.06726   -0.06408    0.05999     62
  -0.06871    0.06848   -0.05847    0.05668     48
  -0.04685    0.06678   -0.03933    0.06799     12
  -0.04375    0.06843   -0.03995    0.06891    195
  -0.04110    0.06944   -0.03834    0.08427     27
  -0.02748    0.06907   -0.02414    0.05753     75
  -0.02320    0.06901   -0.02165    0.05900    222
  -0.01916    0.06723   -0.01773    0.06082    499
  -0.01655    0.06706   -0.01481    0.06530    457
  -0.01113    0.06730   -0.00692    0.07946    287
  -0.00767    0.06784    0.00000    0.08419    250
  -0.00492    0.06642    0.01529    0.11559    178
   0.00538    0.06665   -0.00182    0.05216      3
   0.00807    0.06674    0.00327    0.05757    206
   0.01275    0.06637    0.01197    0.06141    481
   0.01504    0.06909    0.01763    0.07139    297
   0.01953    0.06923    0.01768    0.06352    596
   0.02297    0.06881    0.02577    0.06703    259
   0.02641    0.06963    0.02726    0.05974      2
   0.04528    0.06847    0.04759    0.05396     16
   0.04728    0.06709    0.04492    0.05304     15
   0.06531    0.06903    0.06648    0.04732     53
   0.06703    0.06720    0.06638    0.04796     64
   0.07208    0.06668    0.07455    0.05298      5
   0.12451    0.06738    0.12600    0.06037      3
  -0.20958    0.07270   -0.20660    0.07438      1
  -0.12684    0.07267   -0.17955    0.10869     20
  -0.12450    0.07223    0.08025    0.14592      2
  -0.12126    0.07149   -0.11738    0.05904      3
  -0.08473    0.07205   -0.08347    0.07767      4
  -0.07532    0.07239   -0.07897    0.06593      2
  -0.06703    0.07063   -0.05911    0.06154     81
  -0.06488    0.07318   -0.05219    0.05780     53
  -0.04233    0.07031   -0.04396    0.05920      5
  -0.03894    0.07155   -0.03608    0.09772     56
  -0.03607    0.07287   -0.03628    0.10207    254
  -0.03195    0.07329   -0.02694    0.06116     65
  -0.02674    0.07054   -0.02281    0.05899    142
  -0.02502    0.07109   -0.02185    0.06038     86
  -0.02082    0.07276   -0.01736    0.06263    126
  -0.01754    0.07386   -0.01022    0.06307     11
   0.01672    0.07189    0.02532    0.08586      2
   0.02113    0.07325    0.03321    0.09616    273
   0.02304    0.07188    0.03318    0.08779    222
   0.02672    0.07221    0.02401    0.06112     25
   0.03043    0.07110    0.03174    0.05020      3
   0.03452    0.07056    0.03676    0.05661      1
   0.04012    0.07118    0.04462    0.06116     10
   0.06175    0.07365    0.06305    0.05079     30
   0.06312    0.07193    0.06538    0.05045    128
   0.06665    0.07111    0.06673    0.04805      9
  -0.12687    0.07414   -0.17178    0.14377      2
  -0.12365    0.07536   -0.17445    0.11081     11
  -0.12016    0.07630   -0.12551    0.06796      4
  -0.09572    0.07765   -0.08404    0.07204      1
  -0.08390    0.07582   -0.07736    0.07976      2
  -0.08047    0.07576   -0.07712    0.07744     24
  -0.07520    0.07410   -0.08071    0.05886      3
  -0.06331    0.07497   -0.05627    0.08470     39
  -0.06090    0.07702   -0.05866    0.08724     40
  -0.03442    0.07412   -0.03125    0.07369     28
  -0.03215    0.07494   -0.02987    0.06709    145
  -0.02751    0.07639   -0.02416    0.06619    311
  -0.02415    0.07746   -0.02142    0.06789    812
  -0.01958    0.07670   -0.01621    0.06306   1428
  -0.01739    0.07673   -0.01222    0.06329   1108
  -0.01341    0.07750   -0.01222    0.07004      1
   0.00973    0.07710    0.03244    0.10677      1
   0.01148    0.07688    0.03126    0.10511     37
   0.01699    0.07515    0.03502    0.10368     51
   0.01898    0.07437    0.03718    0.10046     70
   0.02753    0.07419    0.03854    0.07531      1
   0.03357    0.07415    0.04992    0.10281      1
   0.05325    0.07789    0.05119    0.06277      1
   0.05754    0.07732    0.05586    0.05027     77
   0.05945    0.07594    0.06122    0.04988    269
   0.06229    0.07457    0.06484    0.06030     16
   0.11932    0.07660    0.05015    0.14921      2
  -0.12278    0.07964   -0.17361    0.11516      8
  -0.12144    0.08111   -0.17392    0.11497      2
  -0.11668    0.08002   -0.11277    0.06202      7
  -0.09448    0.07844   -0.07970    0.06880      1
  -0.08469    0.07882   -0.07709    0.07467      2
  -0.07864    0.08121   -0.07424    0.08349      7
  -0.07592    0.07992   -0.07346    0.08116      6
  -0.07379    0.08172   -0.05658    0.06648      1
  -0.05894    0.07894   -0.06024    0.08581     49
  -0.05711    0.08061   -0.05607    0.09086     21
  -0.05350    0.08065   -0.04663    0.08833      7
  -0.04757    0.08155   -0.03841    0.06777      4
  -0.02309    0.07823   -0.02375    0.08941    147
  -0.02088    0.07822   -0.01542    0.06672    666
  -0.01687    0.07932   -0.00902    0.07024    365
  -0.01370    0.08097   -0.01165    0.08225     10
  -0.00419    0.08131    0.00319    0.09624      5
   0.00075    0.07964    0.01456    0.08516      3
   0.00359    0.07927    0.01954    0.08773      4
   0.00874    0.07883    0.03214    0.10478      7
   0.01055    0.07822    0.03295    0.10508      8
   0.04888    0.08158    0.05302    0.06817      6
   0.05204    0.08071    0.04895    0.05688     47
   0.05565    0.07910    0.05387    0.05326    164
   0.05838    0.07823    0.06081    0.05212      5
   0.11615    0.08136    0.11822    0.07591      5
  -0.12077    0.08356   -0.16807    0.09586      3
  -0.11452    0.08353   -0.09410    0.09778      2
  -0.11310    0.08557   -0.10272    0.07938      3
  -0.08330    0.08301   -0.07687    0.09292      3
  -0.07550    0.08499   -0.07148    0.08424      2
  -0.07316    0.08366   -0.06977    0.08362     12
  -0.05192    0.08271   -0.04915    0.07584     10
  -0.04760    0.08487   -0.04400    0.09599     18
  -0.04556    0.08521   -0.04888    0.07940      4
   0.04088    0.08594    0.03642    0.06624      1
   0.04455    0.08538    0.04969    0.07833     49
   0.04870    0.08424    0.05080    0.07489     98
   0.05064    0.08261    0.05400    0.07469     31
   0.05406    0.08207    0.05736    0.06934      1
   0.11309    0.08559    0.10718    0.07312      7
   0.11468    0.08346    0.08539    0.07931      2
  -0.20227    0.08774   -0.17422    0.16020      1
  -0.11877    0.08688    0.05969   -0.06981      2
  -0.11734    0.08869   -0.13106    0.10981      2
  -0.11229    0.08663   -0.11232    0.07962      6
  -0.08745    0.08699   -0.08054    0.07329      1
  -0.08446    0.08981   -0.07710    0.07942      2
  -0.07603    0.08936   -0.07687    0.08022      2
  -0.07181    0.08800   -0.07068    0.07864     10
  -0.06810    0.08841   -0.06693    0.08474     27
  -0.06552    0.08898   -0.05909    0.08726      6
  -0.04728    0.08678   -0.03537    0.07065     15
  -0.04381    0.08807   -0.04008    0.09118     18
  -0.04113    0.08887   -0.04099    0.08040     27
  -0.03562    0.08853   -0.02888    0.09541      8
  -0.03142    0.08945   -0.03301    0.08716     69
  -0.02927    0.08986   -0.02354    0.08697      6
   0.03329    0.08995    0.04602    0.08765      5
   0.03690    0.08899    0.04645    0.08324     34
   0.04072    0.08766    0.04793    0.08125     69
   0.04361    0.08703    0.05080    0.07937    139
   0.04684    0.08654    0.04942    0.07621     43
   0.10958    0.08985    0.10642    0.07692      3
   0.11152    0.08760    0.10679    0.07512     11
  -0.20098    0.09062   -0.18923    0.09642      1
  -0.15026    0.09204   -0.18162    0.09738      1
  -0.14968    0.09291   -0.18482    0.12985      2
  -0.11475    0.09092   -0.15456    0.12516      3
  -0.11226    0.09219   -0.14192    0.08490      2
  -0.08314    0.09003   -0.07951    0.07571      1
  -0.07611    0.09058   -0.07705    0.09969      1
  -0.07118    0.09236   -0.07086    0.08067     47
  -0.06894    0.09086   -0.06746    0.08062     22
  -0.06397    0.09242   -0.06494    0.08339     82
  -0.06116    0.09231   -0.05414    0.09035     20
  -0.03865    0.09110   -0.03033    0.06030      1
  -0.03541    0.09066   -0.03040    0.09194     15
  -0.03185    0.09204   -0.02891    0.09741     48
  -0.02758    0.09241   -0.02557    0.09674     89
  -0.02443    0.09352   -0.02168    0.10131     43
  -0.02147    0.09270   -0.02045    0.10329      5
  -0.01718    0.09276   -0.01214    0.09099      5
  -0.01365    0.09356   -0.01073    0.09569      1
   0.01690    0.09376    0.02969    0.09292      2
   0.02105    0.09341    0.03121    0.08795     12
   0.02396    0.09347    0.03242    0.08475    148
   0.02796    0.09258    0.03936    0.08131    127
   0.03060    0.09118    0.04307    0.07737    128
   0.03514    0.09058    0.04517    0.08571     10
   0.03927    0.09023    0.04517    0.07775      4
   0.10844    0.09138    0.10784    0.07157      6
   0.11057    0.09089    0.11384    0.07421      1
  -0.15003    0.09665   -0.17534    0.10829      1
  -0.14817    0.09523   -0.18102    0.06304      1
  -0.14452    0.09594   -0.16621    0.09366      1
  -0.11174    0.09581   -0.16338    0.11654      1
  -0.10870    0.09744   -0.10773    0.08633      6
  -0.07694    0.09549   -0.07012    0.07733      3
  -0.07009    0.09426   -0.07042    0.07767      2
  -0.06831    0.09564   -0.06740    0.08089     13
  -0.06305    0.09621   -0.06519    0.07886     12
  -0.05994    0.09660   -0.06456    0.07793     26
  -0.05631    0.09638   -0.05555    0.08500     28
  -0.05228    0.09707   -0.03806    0.08335     16
  -0.04921    0.09521   -0.04096    0.22763      1
  -0.03034    0.09422   -0.02835    0.09953      1
  -0.02652    0.09451   -0.02443    0.09755     21
  -0.02341    0.09490   -0.01981    0.09775     90
  -0.02015    0.09528   -0.01881    0.09339    124
  -0.01552    0.09638   -0.01521    0.09342     70
  -0.01248    0.09699   -0.01235    0.09374     26
  -0.00743    0.09460   -0.00715    0.08850     17
  -0.00407    0.09489   -0.00068    0.09869     76
   0.00018    0.09626    0.01166    0.10448    100
   0.00275    0.09664    0.01239    0.10197     49
   0.00798    0.09753    0.01603    0.09880     54
   0.01248    0.09614    0.02027    0.09746     47
   0.01530    0.09638    0.02514    0.09005     37
   0.02082    0.09446    0.03309    0.08947    142
   0.02306    0.09453    0.03049    0.08357     44
   0.02693    0.09440    0.03402    0.07524     11
   0.10456    0.09616    0.10090    0.10000     38
   0.10606    0.09483    0.10116    0.12527      6
  -0.15015    0.09991   -0.15819    0.11451      1
  -0.14661    0.09896   -0.16564    0.12710      1
  -0.14319    0.09929   -0.17172    0.10813      6
  -0.14183    0.09997    0.03867   -0.18039      1
  -0.10806    0.09810   -0.11127    0.09139      5
  -0.09995    0.10054   -0.16660   -0.12283      1
  -0.07010    0.10151   -0.06887    0.09008      1
  -0.06257    0.09890   -0.06352    0.07651      4
  -0.05894    0.10007   -0.06034    0.07664      4
  -0.05617    0.09928   -0.05766    0.07638      6
  -0.05087    0.09940   -0.04300    0.09458     14
  -0.04857    0.09993   -0.03977    0.08322     24
  -0.04416    0.10134   -0.03701    0.08781      7
  -0.01246    0.09812   -0.01541    0.07695      6
  -0.00655    0.09846   -0.01109    0.08715      3
  -0.00225    0.09830    0.00534    0.09924     30
   0.00000    0.09870    0.00619    0.10169     99
   0.00448    0.09836    0.01218    0.09709     39
   0.00664    0.09823    0.01334    0.09563      8
   0.01086    0.09818    0.02322    0.08788      1
   0.10063    0.10104    0.09366    0.08359     10
   0.10427    0.09967    0.10185    0.12312     52
   0.10692    0.09890    0.11291    0.14851      5
   0.19591    0.09875    0.09401    0.06656      1
  -0.14769    0.10330   -0.17311    0.09669      6
  -0.14460    0.10280   -0.17130    0.11295      3
  -0.14142    0.10415   -0.17257    0.10416      4
  -0.06441    0.10470   -0.06368    0.07223      1
  -0.05441    0.10496   -0.05539    0.07432      3
  -0.05188    0.10303   -0.05234    0.08899      2
  -0.04688    0.10369   -0.04548    0.07509     11
  -0.04275    0.10471   -0.03787    0.09347     44
  -0.04094    0.10540   -0.03702    0.09565     72
  -0.03601    0.10491   -0.02905    0.10020     39
  -0.03252    0.10571   -0.02619    0.09928     23
  -0.02948    0.10587   -0.02521    0.10501      1
   0.01586    0.10217    0.03657    0.11860      2
   0.09656    0.10460    0.09421    0.11011      3
   0.10097    0.10488    0.09262    0.11707     23
   0.10309    0.10303    0.10945    0.12906     23
  -0.19177    0.10845   -0.17181    0.08085      1
  -0.13941    0.10724   -0.16574    0.10157      1
  -0.06128    0.10714   -0.06073    0.07473      1
  -0.05668    0.10866   -0.06081    0.06996      1
  -0.05155    0.10645   -0.05689    0.07204      1
  -0.04898    0.10665   -0.04544    0.07541      6
  -0.04311    0.10686   -0.04173    0.08152      8
  -0.03920    0.10661   -0.03497    0.08914     64
  -0.03587    0.10782   -0.03247    0.08428    133
  -0.03134    0.10876   -0.02767    0.08599    158
  -0.02792    0.10917   -0.02423    0.08629    275
  -0.02428    0.10898   -0.02053    0.08895    291
  -0.02041    0.10935   -0.01768    0.08850     77
  -0.01692    0.10928   -0.01485    0.08557     15
  -0.01244    0.10982   -0.01236    0.09773      2
  -0.00302    0.10996    0.00782    0.10093      2
   0.00093    0.10991    0.01031    0.09890      2
   0.01277    0.10713   -0.02026    0.04615      1
   0.01490    0.10923    0.02903    0.11578      4
   0.09383    0.10711    0.08423    0.11678      1
   0.09713    0.10830    0.09030    0.10929     14
   0.09979    0.10703    0.09588    0.15169     24
  -0.19049    0.11158   -0.16822    0.10268      1
  -0.13871    0.11035   -0.16624    0.10034      3
  -0.13670    0.11267   -0.16120    0.11690      7
  -0.13337    0.11222   -0.15555    0.11820     15
  -0.04917    0.11228   -0.03681    0.07716      1
  -0.04006    0.11042   -0.03901    0.07675      8
  -0.03623    0.11158   -0.03676    0.07948     10
  -0.03142    0.11057   -0.03013    0.07808     13
  -0.02746    0.11034   -0.02654    0.08253     51
  -0.02421    0.11068   -0.02441    0.08819     74
  -0.02059    0.11075   -0.01881    0.09073     42
  -0.01647    0.11124   -0.01457    0.09464     25
  -0.01246    0.11186   -0.00797    0.10712     12
  -0.00865    0.11233   -0.01309    0.11579      7
  -0.00339    0.11146    0.00219    0.11061      9
  -0.00043    0.11054    0.00597    0.10146     24
   0.00210    0.11026    0.00706    0.08972      1
   0.09111    0.11102    0.06351    0.13910      2
   0.09674    0.11066    0.09272    0.15852      7
   0.13714    0.11397    0.14463    0.18849      1
  -0.13715    0.11680   -0.15783    0.12605     13
  -0.13249    0.11549   -0.15202    0.12604      4
  -0.12967    0.11657   -0.13335    0.08971      2
  -0.07501    0.11662   -0.08382    0.09883      1
  -0.02759    0.11497   -0.02303    0.08577     15
  -0.02503    0.11551   -0.02309    0.08244      5
  -0.01168    0.11402   -0.02240    0.10104      1
  -0.00311    0.11725    0.00834    0.11256      4
   0.08643    0.11570    0.08422    0.15907      1
   0.13226    0.11776    0.12141    0.13771      1
  -0.18586    0.11836   -0.17434    0.09192      1
  -0.13526    0.11864   -0.16090    0.12511      7
  -0.13097    0.12025   -0.14963    0.11856     29
  -0.12905    0.11978   -0.14509    0.12849      8
  -0.07314    0.12143   -0.05099    0.18385      1
  -0.02884    0.11910   -0.02705    0.12949      1
   0.08153    0.12069    0.11765    0.17574      1
   0.08335    0.11877    0.08439    0.10880      1
   0.12385    0.12154    0.11412    0.12854      1
   0.13344    0.12070    0.16662    0.16294      2
  -0.13144    0.12254   -0.16209    0.12408      5
  -0.12855    0.12473   -0.14078    0.13671     19
  -0.12549    0.12466   -0.13060    0.14153      3
  -0.07141    0.12235   -0.04759    0.19032      2
  -0.06796    0.12440   -0.04890    0.19516      2
  -0.06592    0.12557   -0.06333    0.16848      3
  -0.00509    0.12353   -0.00165    0.09448      1
   0.00090    0.12364    0.01369    0.13160      4
   0.00287    0.12361    0.00996    0.12935      3
   0.00732    0.12286    0.00960    0.12472      1
   0.07226    0.12272    0.24283   -0.00848      1
   0.07788    0.12410    0.09291    0.10283      1
   0.07919    0.12293    0.10519    0.17090      2
  -0.17550    0.12770   -0.16589    0.11106      7
  -0.12658    0.12671   -0.14097    0.17534      1
  -0.12433    0.12865   -0.11792    0.14822     31
  -0.12147    0.12847   -0.09563    0.16060      2
  -0.07045    0.12763   -0.07199    0.09449      1
  -0.06445    0.12633   -0.04580    0.20650      5
  -0.06037    0.12877   -0.04761    0.14917     16
  -0.05615    0.12961   -0.04655    0.12038     13
  -0.04818    0.12839   -0.03722    0.17176      2
   0.03944    0.12979    0.04239    0.15821      3
   0.06929    0.12657    0.11735    0.14235      1
   0.07520    0.12631    0.07612    0.14197      1
   0.11678    0.12907    0.10466    0.17166     14
   0.11834    0.12883    0.10927    0.14189      1
   0.12525    0.12783    0.12610    0.15144      2
   0.12722    0.12706    0.11755    0.15094      2
  -0.17224    0.13231   -0.16336    0.12299      3
  -0.12272    0.13056   -0.11934    0.14287     14
  -0.12096    0.13236   -0.12085    0.15839     19
  -0.11768    0.13376   -0.08024    0.21692      1
  -0.06386    0.13012   -0.05127    0.16596      3
  -0.05960    0.13082   -0.03584    0.21589      4
  -0.05540    0.13115   -0.04185    0.16903     14
  -0.05241    0.13168   -0.04266    0.14176     20
  -0.04757    0.13251   -0.03001    0.19012     23
  -0.04541    0.13264   -0.03709    0.17397      7
  -0.03858    0.13143   -0.04396    0.10159      1
  -0.03511    0.13302   -0.03959    0.14904      8
  -0.03246    0.13327   -0.04750    0.14448      7
   0.03696    0.13159    0.05327    0.15843      2
   0.03817    0.13062    0.05932    0.18700      1
   0.06764    0.13027    0.10271    0.10599      1
   0.11255    0.13276    0.09995    0.16100     18
   0.11481    0.13120    0.10850    0.16426     20
   0.12004    0.13164    0.12086    0.16706      6
   0.12241    0.13035    0.12737    0.18327      1
  -0.16884    0.13716   -0.16473    0.15386      2
  -0.11931    0.13504   -0.13380    0.14348      3
  -0.11744    0.13451   -0.09090    0.16286      7
  -0.05686    0.13533   -0.04971    0.18046      1
  -0.05226    0.13432   -0.05284    0.16167      7
  -0.04824    0.13454   -0.02907    0.14531      6
  -0.04355    0.13555   -0.03882    0.17022     74
  -0.04004    0.13589   -0.03632    0.16981     71
  -0.03689    0.13676   -0.03252    0.15892    105
  -0.03232    0.13617   -0.02420    0.15748     83
  -0.02939    0.13534   -0.03815    0.12479      1
   0.10843    0.13739    0.10126    0.16774     19
   0.11202    0.13607    0.10394    0.15389     47
   0.11482    0.13476    0.10505    0.16058      4
  -0.17151    0.13913   -0.16567    0.10841      1
  -0.16709    0.13919   -0.15976    0.12852      4
  -0.16479    0.14109   -0.16284    0.12631      3
  -0.11159    0.14087   -0.12794    0.15107      4
  -0.04821    0.13831   -0.03852    0.10556      2
  -0.04465    0.13920   -0.04474    0.18313      2
  -0.04009    0.13907   -0.04079    0.15741      5
  -0.03611    0.13865   -0.04271    0.16227      2
  -0.03109    0.13840   -0.02424    0.17542     16
  -0.02950    0.13870   -0.01777    0.16197     15
   0.10515    0.14031    0.09438    0.15007     45
   0.10719    0.13925    0.09343    0.15846     77
   0.11135    0.13878    0.10116    0.16328     10
  -0.16370    0.14274   -0.15368    0.12852      7
  -0.16160    0.14530   -0.16240    0.12269      4
  -0.10906    0.14346   -0.12389    0.14152      3
  -0.03444    0.14278   -0.03420    0.14357      1
  -0.03335    0.14307   -0.03921    0.18211      2
  -0.02657    0.14351   -0.04038    0.17750      6
  -0.01002    0.14591   -0.00420    0.17183      1
  -0.00809    0.14598   -0.02406    0.24992      1
   0.01250    0.14551    0.02584    0.17084      1
   0.02181    0.14556    0.03398    0.19824      2
   0.03118    0.14371    0.04500    0.19188      1
   0.10067    0.14538    0.09259    0.16695     22
   0.10421    0.14270    0.09392    0.16213     20
   0.10683    0.14253    0.10082    0.16248     12
  -0.15892    0.14854   -0.15759    0.13809     13
  -0.15747    0.14931   -0.15479    0.13998      6
  -0.01677    0.14604   -0.03242    0.19166      1
  -0.01089    0.14622   -0.00743    0.19334      7
  -0.00712    0.14640   -0.00118    0.21100      8
  -0.00476    0.14683   -0.00473    0.19244      7
  -0.00169    0.14705    0.00393    0.24594      2
   0.01230    0.14642    0.02590    0.17538      3
   0.09176    0.14976    0.05904    0.12969      3
   0.09593    0.14810    0.07287    0.18879      2
   0.10076    0.14693    0.10161    0.15828      5
  -0.15632    0.15117   -0.15418    0.15155      7
  -0.15367    0.15388   -0.14105    0.13765      1
  -0.09589    0.15168   -0.09875    0.23378      1
   0.08452    0.15192    0.08094    0.16477      2
   0.08806    0.15301    0.07815    0.15813      5
   0.09100    0.15094    0.09005    0.15167      7
   0.09909    0.15074    0.09468    0.19838      2
  -0.15675    0.15593   -0.16103    0.10062      1
  -0.15212    0.15573   -0.15545    0.14610      6
  -0.08682    0.15503   -0.13520    0.13333      1
   0.07546    0.15779    0.07092    0.15381      3
   0.07993    0.15733    0.08105    0.17866      5
   0.08423    0.15513    0.07573    0.15287      7
   0.08743    0.15466    0.09260    0.21095      1
  -0.15135    0.16095   -0.15180    0.14743      2
  -0.14810    0.15997   -0.15117    0.14113      2
  -0.07969    0.16181   -0.05771    0.17048      1
  -0.07573    0.16163   -0.05179    0.18028      4
   0.06897    0.16137    0.07371    0.18183      6
   0.07248    0.16019    0.08414    0.20080      5
   0.07540    0.16013    0.07587    0.20674      8
   0.07927    0.15881    0.07961    0.22517     29
  -0.14264    0.16441   -0.14525    0.14943      9
  -0.14138    0.16472   -0.11617    0.15360      7
  -0.07608    0.16301   -0.07443    0.15193      1
  -0.07123    0.16375   -0.05116    0.15951      2
  -0.06820    0.16544   -0.05029    0.18715      2
  -0.06239    0.16431   -0.04082    0.15024      1
  -0.05880    0.16530   -0.06555    0.20296      1
  -0.05796    0.16598   -0.04929    0.16748      1
   0.05608    0.16559    0.05256    0.25379      1
   0.06073    0.16471    0.05925    0.24306      1
   0.06419    0.16337    0.08435    0.16433      5
   0.06733    0.16403    0.06909    0.23563      5
   0.07081    0.16343    0.07576    0.18593      7
   0.07649    0.16306    0.07578    0.22517      3
   0.07807    0.16243    0.10079    0.21812      1
  -0.13945    0.16669   -0.12692    0.14279     14
  -0.13591    0.16952   -0.13416    0.15481      7
  -0.06777    0.16624   -0.03247    0.22535      1
  -0.06426    0.16720   -0.07245    0.17644      2
  -0.05903    0.16922   -0.04478    0.18869      4
  -0.05537    0.16782   -0.04938    0.18540      7
  -0.05153    0.16901   -0.04079    0.17530      9
  -0.04834    0.16869   -0.03913    0.17766      8
  -0.04454    0.16904   -0.04013    0.17314      4
  -0.03993    0.16996   -0.03764    0.18336      1
   0.04176    0.16980    0.05842    0.22500      4
   0.04324    0.16966    0.04910    0.22034      6
   0.04887    0.16904    0.05682    0.22768      8
   0.05137    0.16808    0.05964    0.21923     32
   0.05545    0.16881    0.06005    0.20030     26
   0.05916    0.16756    0.06397    0.21620      6
   0.06382    0.16637    0.07121    0.21365      2
  -0.13492    0.17173   -0.14123    0.14016     29
  -0.13318    0.17306   -0.13252    0.15324     25
  -0.12995    0.17383   -0.12465    0.15727      1
  -0.05672    0.17001   -0.03331    0.18328      1
  -0.05276    0.17108   -0.06484    0.20319      1
  -0.04790    0.17187   -0.03822    0.18853     15
  -0.04367    0.17196   -0.03723    0.18740     19
  -0.03920    0.17293   -0.03266    0.17745     16
  -0.03726    0.17344   -0.02999    0.17812     18
  -0.00844    0.17355   -0.02845    0.12535      2
  -0.00200    0.17345    0.00923    0.22029      1
   0.00564    0.17359    0.03435    0.21688      1
   0.02298    0.17256    0.05217    0.21677      2
   0.02742    0.17290    0.03968    0.17785      2
   0.03335    0.17285    0.04251    0.20349      1
   0.03599    0.17252    0.04490    0.20247     42
   0.03969    0.17254    0.05102    0.21638     48
   0.04407    0.17126    0.05817    0.21702     40
   0.04724    0.17110    0.05922    0.21079     21
   0.05108    0.17031    0.05783    0.22933     10
   0.05564    0.17124    0.05931    0.21982      1
  -0.13186    0.17421   -0.13380    0.14178     15
  -0.12847    0.17628   -0.13133    0.14688     29
  -0.12539    0.17790   -0.12370    0.14475      4
  -0.04371    0.17439   -0.03452    0.19083      4
  -0.04073    0.17532   -0.03484    0.17100      8
  -0.03497    0.17450   -0.03159    0.16696     13
  -0.03303    0.17498   -0.02926    0.17743     13
  -0.02758    0.17662   -0.02024    0.18530     23
  -0.02499    0.17777   -0.02030    0.20507      4
  -0.02167    0.17695   -0.01512    0.18387      1
  -0.01084    0.17781   -0.00653    0.24919      1
  -0.00814    0.17780   -0.00045    0.25558      1
  -0.00402    0.17629    0.01365    0.16685      6
   0.00051    0.17555    0.01664    0.20595     18
   0.00300    0.17538    0.01559    0.20277     14
   0.00636    0.17593    0.02053    0.21044      2
   0.01173    0.17567    0.02684    0.19343      1
   0.01588    0.17505    0.02491    0.24446      2
   0.02070    0.17666    0.03414    0.23331      7
   0.02367    0.17610    0.04175    0.20468     10
   0.02749    0.17642    0.03432    0.22829      7
   0.03270    0.17574    0.04167    0.18640      7
   0.03517    0.17461    0.04592    0.20643      6
   0.04038    0.17457    0.05384    0.19836      4
   0.04250    0.17498    0.05563    0.20812      3
  -0.12415    0.17933   -0.13096    0.14634     25
  -0.12039    0.18154   -0.12260    0.14972     13
  -0.02352    0.17814   -0.01562    0.24158      5
  -0.01882    0.17933   -0.03594    0.20384      1
  -0.01644    0.17958   -0.01591    0.23344      1
  -0.00430    0.18030   -0.00373    0.23833      4
   0.00000    0.18021   -0.02669    0.23427      1
   0.00340    0.17862    0.00586    0.25821      1
   0.00856    0.17931    0.03536    0.23381      3
   0.01299    0.17945    0.01985    0.24815      6
   0.01537    0.17931    0.02345    0.24179     11
   0.01961    0.17865   -0.01418    0.01532      2
   0.02290    0.17879    0.01626    0.25145      1
   0.12020    0.18071    0.11667    0.14948      2
   0.12419    0.17816    0.11765    0.18327      1
  -0.11897    0.18267   -0.13156    0.14285      4
  -0.11717    0.18414   -0.11774    0.14137     15
  -0.11356    0.18534   -0.08152    0.17595      2
   0.11792    0.18214    0.09412    0.22499      1
  -0.11528    0.18738   -0.12841    0.16917      1
  -0.11210    0.18699   -0.11775    0.12839     14
  -0.10832    0.18911   -0.08257    0.16701     15
   0.10815    0.18819    0.08086    0.18770      6
  -0.10837    0.19129   -0.12258    0.15728      2
  -0.10381    0.19112   -0.05632    0.18384     16
  -0.09960    0.19340   -0.06117    0.18180     14
   0.09772    0.19396    0.07600    0.24402      1
   0.09956    0.19280    0.08429    0.22811     15
   0.10289    0.19117    0.07724    0.21688      7
  -0.09866    0.19431   -0.11754    0.13026      8
  -0.09590    0.19524   -0.07323    0.16230     11
  -0.09252    0.19720   -0.08085    0.17485     11
   0.09622    0.19456    0.08419    0.22535      6
  -0.09101    0.19838   -0.09628    0.12235      7
  -0.08759    0.19970   -0.07504    0.17671     13
  -0.08414    0.20095   -0.06248    0.17645     15
  -0.08186    0.20179   -0.05814    0.21548      1
   0.08660    0.19898    0.07114    0.23043      2
  -0.08223    0.20202   -0.11514    0.13675      4
  -0.07994    0.20286   -0.09690    0.14786     65
  -0.07605    0.20455   -0.07542    0.18091     54
  -0.07255    0.20569   -0.05752    0.16941     46
  -0.06862    0.20591   -0.03394    0.18865      1
  -0.07062    0.20631   -0.06626    0.18458     23
  -0.06825    0.20715   -0.05790    0.20004     85
  -0.06391    0.20843   -0.05155    0.18378     60
  -0.05995    0.20955   -0.04659    0.19563     82
  -0.05774    0.20971   -0.04427    0.18352      4
   0.05493    0.20997    0.06029    0.19886      2
   0.05951    0.20863    0.04262    0.25200      3
   0.06367    0.20741    0.06745    0.18516      2
  -0.05875    0.21012   -0.04916    0.21835     19
  -0.05597    0.21074   -0.04770    0.21649    104
  -0.05196    0.21169   -0.03942    0.22011    148
  -0.04831    0.21245   -0.03273    0.21717    141
  -0.04468    0.21327   -0.03237    0.22550     95
  -0.04185    0.21383   -0.03259    0.23366     17
  -0.03654    0.21398   -0.01331    0.23811      1
   0.03778    0.21385    0.03500    0.25226      1
   0.03960    0.21344    0.00245    0.23151      2
   0.04587    0.21213   -0.01296    0.23182      1
   0.04989    0.21120    0.03490    0.19397      1
   0.05149    0.21073    0.05559    0.21178      2
  -0.04627    0.21400   -0.04094    0.21665      1
  -0.04269    0.21404   -0.03714    0.22079      3
  -0.03943    0.21421   -0.03016    0.23848     21
  -0.03697    0.21455   -0.02151    0.23941     16
  -0.03210    0.21550   -0.02286    0.22940     13
  -0.02820    0.21607   -0.01503    0.24583      6
  -0.02430    0.21663   -0.00505    0.24476      2
  -0.02020    0.21727   -0.01419    0.24617      3
  -0.01609    0.21755   -0.00904    0.25674      2
  -0.01051    0.21757   -0.17235    0.09275      2
  -0.00681    0.21724   -0.00495    0.24428      4
  -0.00516    0.21741   -0.00345    0.23651     10
   0.00042    0.21734   -0.00459    0.22766     17
   0.00247    0.21753   -0.00459    0.23726      7
   0.00743    0.21701    0.02922    0.24809      4
   0.01218    0.21673    0.01680    0.24861      6
   0.01484    0.21657    0.04072    0.25140      1
   0.02140    0.21594   -0.04064    0.10586      1
   0.02389    0.21575    0.03651    0.25023      1
   0.02959    0.21491    0.01131    0.24902      1
   0.03329    0.21453    0.00921    0.22930      1
   0.03493    0.21418    0.02741    0.23693      3
  -0.00952    0.21986    0.00342    0.24826      2
  -0.00496    0.21853   -0.00676    0.23300      3
  -0.00058    0.22186    0.01576    0.26094      2
   0.00476    0.22181    0.00940    0.25707      5
