  -0.03576   -0.21885   -0.02981   -0.21210      3
  -0.02353   -0.22049    0.04545   -0.22953      1
  -0.02152   -0.22067    0.00046   -0.26098      1
  -0.01548   -0.22132   -0.05874    0.14321      1
   0.00948   -0.22154    0.06600   -0.16842      1
   0.03233   -0.21921   -0.00715   -0.14725      2
  -0.05512   -0.21475   -0.00904   -0.19413      2
  -0.05010   -0.21598   -0.04108   -0.20011      1
   0.05382   -0.21521    0.05568   -0.16737      1
  -0.06791   -0.21114   -0.02455   -0.17921      1
  -0.06421   -0.21226   -0.04925   -0.20679      3
  -0.06041   -0.21334   -0.04337   -0.25370      1
   0.06098   -0.21322    0.01567   -0.20368      1
  -0.07883   -0.20730   -0.03999   -0.18193      3
   0.07520   -0.20866    0.04626   -0.14258      2
  -0.09037   -0.20260   -0.14160   -0.20584      2
  -0.08887   -0.20323   -0.01005   -0.13371      3
  -0.08454   -0.20512   -0.05464   -0.13127      1
   0.08335   -0.20547    0.07527   -0.20478      2
   0.08798   -0.20361    0.01977   -0.15848      2
   0.09086   -0.20237    0.09332   -0.19478      1
  -0.09915   -0.19846   -0.08446   -0.19917      2
  -0.09476   -0.20056   -0.04501   -0.13772      3
  -0.09392   -0.20095   -0.04168   -0.16907      2
   0.09295   -0.20134    0.08550   -0.15831      2
   0.09919   -0.19843    0.08050   -0.18146      6
  -0.10680   -0.19443   -0.09924   -0.21090      1
  -0.10461   -0.19560   -0.09142   -0.19413      3
   0.10057   -0.19771    0.07903   -0.21832      1
   0.10444   -0.19571    0.12938   -0.18793      4
   0.10703   -0.19432    0.09349   -0.20631      8
  -0.11184   -0.19154   -0.09337   -0.20600      4
  -0.10841   -0.19350   -0.10223   -0.21147      1
   0.10809   -0.19373    0.10478   -0.19393      9
   0.11148   -0.19180    0.10634   -0.17402      8
   0.11446   -0.19004    0.07902   -0.13029      3
  -0.11950   -0.18692   -0.10482   -0.19575      3
  -0.11580   -0.18921   -0.07643   -0.21518      4
   0.11615   -0.18901    0.08297   -0.19453      1
   0.12054   -0.18625    0.09073   -0.11868      1
  -0.12334   -0.18438   -0.12009   -0.20890      3
  -0.12127   -0.18567   -0.08077   -0.22469      2
   0.12099   -0.18595    0.07897   -0.14246      1
   0.12357   -0.18428    0.10585   -0.13926      4
  -0.13143   -0.17879   -0.08614   -0.20393      1
   0.12884   -0.18062    0.03913   -0.16665      3
   0.13179   -0.17847    0.10637   -0.19005      4
  -0.13603   -0.17530   -0.09719   -0.16834      3
  -0.13293   -0.17724   -0.09919   -0.18576      1
   0.13334   -0.17733    0.11027   -0.14902      7
   0.13491   -0.17613    0.16479   -0.17733      1
  -0.14034   -0.17188   -0.12090   -0.18141      3
  -0.13768   -0.17377   -0.10494   -0.18771      2
   0.13783   -0.17387    0.12175   -0.17735      2
   0.14055   -0.17174    0.12544   -0.18862      8
  -0.14634   -0.16645   -0.14021   -0.19513      1
  -0.14371   -0.16903   -0.11739   -0.19614      5
   0.14389   -0.16889    0.11319   -0.19337      5
   0.14715   -0.16608    0.10484   -0.17363      2
  -0.15010   -0.16285   -0.14254   -0.19220      3
  -0.14855   -0.16464   -0.13280   -0.18768      7
   0.14802   -0.16531    0.13128   -0.20766      3
   0.15118   -0.16241    0.16074   -0.16879      1
  -0.15440   -0.15900   -0.12322   -0.18713      2
  -0.15331   -0.16026   -0.12318   -0.18653      9
   0.15278   -0.16091    0.12398   -0.17492      4
   0.15449   -0.15926    0.14595   -0.08909      1
  -0.15820   -0.15445   -0.12149   -0.20742      3
  -0.15706   -0.15635   -0.13218   -0.19042      5
   0.15715   -0.15671    0.13616   -0.23208      1
   0.15924   -0.15451    0.18967   -0.15252      2
  -0.16230   -0.15077   -0.13268   -0.18418      6
  -0.16119   -0.15196   -0.12594   -0.18257     11
   0.16070   -0.15301    0.11282   -0.16653      4
   0.16226   -0.15133    0.04108   -0.16088      2
  -0.16615   -0.14632   -0.12090   -0.15548      3
  -0.16523   -0.14735   -0.13618   -0.14517     12
   0.16551   -0.14778    0.12773   -0.16820      5
   0.16651   -0.14667    0.15743   -0.15709     12
  -0.16805   -0.14401   -0.12715   -0.16258     24
  -0.09648   -0.14287   -0.06837   -0.15574      1
  -0.09369   -0.14472   -0.06928   -0.14143      1
   0.09637   -0.14297    0.09408   -0.12854      1
   0.16834   -0.14457    0.14592   -0.16808     18
  -0.17180   -0.13953   -0.12267   -0.18809     13
  -0.16980   -0.14181   -0.12822   -0.15555      3
   0.17254   -0.13957    0.17875   -0.17810     15
  -0.17507   -0.13595   -0.14201   -0.16326     12
  -0.17361   -0.13763   -0.13264   -0.16741      8
  -0.10657   -0.13552   -0.08287   -0.14647      1
   0.17577   -0.13548    0.18851   -0.17915     20
  -0.17885   -0.13030   -0.15151   -0.16454      2
  -0.17684   -0.13292   -0.14201   -0.12097     14
   0.17723   -0.13355    0.17343   -0.16969     11
   0.17905   -0.13114    0.18772   -0.16644     11
  -0.18243   -0.12613   -0.06554   -0.10015      1
  -0.18041   -0.12822   -0.14546   -0.15561     16
   0.18054   -0.12907    0.17214   -0.16452      5
   0.18232   -0.12650    0.16353   -0.12966      4
  -0.18324   -0.12441   -0.13246   -0.15099     18
  -0.01906   -0.12211   -0.01069   -0.13714      3
  -0.01474   -0.12271   -0.01008   -0.13100      1
  -0.01227   -0.12295   -0.01747   -0.13267      4
  -0.00863   -0.12334   -0.03693   -0.11857      1
  -0.00239   -0.12328    0.00378   -0.12611      2
  -0.00198   -0.12299   -0.00254   -0.09086      1
   0.00474   -0.12319   -0.00457   -0.14255      4
   0.00937   -0.12262    0.04986   -0.22123      1
   0.01127   -0.12280    0.00314   -0.12404      6
   0.01684   -0.12239    0.01129   -0.14259      2
   0.01860   -0.12213    0.02065   -0.13734      3
   0.06966   -0.12278    0.03451   -0.17756      1
   0.18416   -0.12384    0.18126   -0.13290      8
  -0.18705   -0.11915   -0.17349   -0.14829      7
  -0.18536   -0.12112   -0.14715   -0.17594      6
  -0.03579   -0.11831   -0.03155   -0.12760      3
  -0.03205   -0.11937   -0.03038   -0.13610      8
  -0.02793   -0.12036   -0.02811   -0.13938      5
  -0.02250   -0.12152   -0.10457    0.04732      2
  -0.01999   -0.12193   -0.01787   -0.12370      2
   0.01972   -0.12155    0.03412   -0.12674      2
   0.02255   -0.12087    0.03453   -0.14164      3
   0.02759   -0.12048    0.01019   -0.13934      3
   0.03321   -0.11906    0.05642   -0.14842      4
   0.03583   -0.11831    0.05484   -0.13993      1
   0.18559   -0.12168    0.18541   -0.15284      1
   0.18679   -0.11973    0.15671   -0.12964      5
  -0.19020   -0.11401   -0.15496   -0.15174      1
  -0.18889   -0.11604   -0.16376   -0.14723     20
  -0.04692   -0.11438   -0.02749   -0.14471      2
  -0.04394   -0.11554   -0.05557   -0.14254      3
  -0.03785   -0.11768   -0.02124   -0.13877      1
   0.04078   -0.11670    0.05681   -0.13786      9
   0.04531   -0.11502    0.02831   -0.12998      5
   0.04667   -0.11454    0.03256   -0.14073      5
   0.18890   -0.11645    0.19016   -0.14286      9
   0.19029   -0.11416    0.19196   -0.13845      1
  -0.19137   -0.11167   -0.16098   -0.15718      8
  -0.18998   -0.11357   -0.13219   -0.19524      1
  -0.05502   -0.11072   -0.04180   -0.13304      4
  -0.05234   -0.11200   -0.03865   -0.11842      8
  -0.04953   -0.11326   -0.05128   -0.11683      3
   0.04903   -0.11347    0.02276   -0.12946      2
   0.05270   -0.11183    0.03504   -0.13069     10
   0.05532   -0.11057    0.04421   -0.13061     28
   0.19076   -0.11338    0.18388   -0.12804     14
  -0.19424   -0.10659   -0.20083   -0.13192      3
  -0.19321   -0.10887   -0.15835   -0.13440     13
  -0.06248   -0.10667   -0.05944   -0.11818      3
  -0.05952   -0.10836   -0.05375   -0.12481      5
  -0.05757   -0.10943   -0.03221   -0.14772      1
   0.05725   -0.10958    0.03884   -0.12316     16
   0.05996   -0.10812    0.04198   -0.12345     61
   0.06265   -0.10659    0.04526   -0.11629     14
   0.19333   -0.10889    0.19816   -0.13934     11
   0.19443   -0.10693    0.18923   -0.13966     10
  -0.19536   -0.10443   -0.16628   -0.15524     11
  -0.06759   -0.10349   -0.06810   -0.12169      8
  -0.06456   -0.10544   -0.04910   -0.12720      5
   0.06440   -0.10554    0.05037   -0.11561     17
   0.06752   -0.10361    0.04581   -0.10957     25
   0.19251   -0.10253    0.05732   -0.03390      1
   0.19566   -0.10461    0.18408   -0.12969     13
  -0.19851   -0.09824   -0.18505   -0.11312      2
  -0.19690   -0.10150   -0.12815   -0.14133      3
  -0.07411   -0.09882   -0.08194   -0.10953      1
  -0.07324   -0.09963   -0.07652   -0.09087      1
   0.06993   -0.10195    0.05288   -0.10938      1
   0.07224   -0.10030    0.05544   -0.10676     28
   0.07442   -0.09874    0.04646   -0.11155     14
   0.19224   -0.10191    0.04530   -0.02209      1
   0.19738   -0.10135    0.17272   -0.12956      5
   0.19856   -0.09896    0.15681   -0.10222      5
  -0.19887   -0.09710   -0.18998   -0.09715      2
  -0.07858   -0.09529   -0.07654   -0.10532      7
  -0.07639   -0.09724   -0.08197   -0.10570      5
   0.02363   -0.09468    0.01378   -0.11793      4
   0.07699   -0.09676    0.04784   -0.11031     10
   0.07881   -0.09527    0.06734   -0.11089     20
   0.20029   -0.09545    0.21050   -0.18170      1
  -0.14472   -0.09372   -0.10606   -0.12244      1
  -0.08358   -0.09106   -0.09120   -0.10466     13
  -0.08105   -0.09317   -0.08402   -0.10134      3
   0.02477   -0.09372    0.02681   -0.11517      2
   0.02749   -0.09081    0.03607   -0.09700      1
   0.08113   -0.09332    0.07710   -0.10896      8
   0.08299   -0.09168    0.08045   -0.10902     16
   0.15134   -0.09055    0.14838   -0.09200      3
   0.20175   -0.09228    0.14514   -0.08566      2
   0.20262   -0.09036    0.15959   -0.09723      4
  -0.20222   -0.08961    0.12241    0.29996      1
  -0.08798   -0.08688   -0.09371   -0.09518     11
  -0.08566   -0.08911   -0.08373   -0.09471      6
   0.03063   -0.08976    0.04023   -0.08550      1
   0.08534   -0.08948    0.08644   -0.10640      8
   0.08747   -0.08741    0.09243   -0.11312     16
   0.20415   -0.08682    0.19878   -0.12363      6
  -0.09082   -0.08373   -0.08508   -0.10090     20
  -0.08956   -0.08509   -0.09006   -0.10479      8
   0.08947   -0.08535    0.09586   -0.12101     20
   0.09198   -0.08265    0.10061   -0.11486     38
   0.11362   -0.08261   -0.02205   -0.10112      1
   0.15319   -0.08458    0.09179   -0.05355      2
   0.20511   -0.08450    0.15664   -0.07505      3
  -0.09478   -0.07903   -0.07806   -0.07982     29
  -0.09328   -0.08080   -0.08203   -0.09066     28
   0.00732   -0.08012   -0.00995   -0.07766      3
   0.01713   -0.07985    0.01801   -0.07619      1
   0.01923   -0.07936    0.01466   -0.08689     39
   0.02288   -0.07854    0.02668   -0.08783      3
   0.09338   -0.08107    0.10669   -0.11061     60
   0.09471   -0.07950    0.10339   -0.11195     55
   0.20722   -0.07917    0.18600   -0.12932      9
  -0.20840   -0.07524   -0.17916   -0.07200      4
  -0.15446   -0.07658   -0.12807   -0.08034      1
  -0.09850   -0.07431   -0.09607   -0.08941     22
  -0.09705   -0.07626   -0.08762   -0.09064     55
  -0.02882   -0.07564   -0.01112   -0.08930      1
  -0.00749   -0.07477   -0.00549   -0.08932      6
  -0.00521   -0.07647    0.00294   -0.07644      4
  -0.00001   -0.07473    0.00974   -0.07698      2
   0.00563   -0.07784   -0.00264   -0.07555      1
   0.00747   -0.07755    0.01438   -0.06870      2
   0.01645   -0.07759    0.00968   -0.10357      2
   0.02037   -0.07783    0.01110   -0.08930     16
   0.02881   -0.07434    0.03459   -0.07714     48
   0.09705   -0.07663    0.10965   -0.11079     83
   0.09858   -0.07468    0.10963   -0.11115     66
   0.15751   -0.07604    0.01328   -0.04111      3
   0.15898   -0.07781   -0.09889    0.21206      1
   0.20905   -0.07432    0.15762   -0.10151      2
  -0.21026   -0.07027   -0.17878   -0.05843      1
  -0.20918   -0.07338   -0.09655   -0.01117      1
  -0.10051   -0.07181   -0.08693   -0.08686     45
  -0.01639   -0.07262   -0.00771   -0.07658      2
  -0.01212   -0.07257   -0.01022   -0.08968      6
  -0.00859   -0.07231   -0.00198   -0.08097     13
  -0.00456   -0.07066   -0.00781   -0.07523      4
   0.00154   -0.07207    0.01339   -0.07475      4
   0.00226   -0.07161    0.00508   -0.08461     38
   0.00751   -0.07327   -0.00783   -0.10410      1
   0.01151   -0.07187    0.01799   -0.07435      1
   0.02987   -0.07386    0.03849   -0.07330      2
   0.03304   -0.07246    0.04383   -0.09301      2
   0.03721   -0.07034    0.04043   -0.07360     34
   0.07414   -0.07090   -0.00522    0.04379      1
   0.09274   -0.07151    0.09128   -0.07763      2
   0.10028   -0.07237    0.11233   -0.11129    119
   0.20937   -0.07328    0.16191   -0.08588      3
  -0.21075   -0.06880   -0.11918   -0.01106      3
  -0.10306   -0.06778   -0.09427   -0.08134     69
  -0.10174   -0.06977   -0.09428   -0.07911      8
  -0.01062   -0.06762   -0.00932   -0.09475      2
  -0.00914   -0.06952   -0.00285   -0.07283      5
  -0.00515   -0.06930   -0.00153   -0.08053      4
   0.00117   -0.06770    0.00514   -0.08426      3
   0.00691   -0.06958    0.00000   -0.08909      1
   0.01158   -0.06669    0.01553   -0.05453      1
   0.03786   -0.06997    0.03435   -0.07434      1
   0.03913   -0.06930    0.03450   -0.07634     53
   0.04365   -0.06653    0.03492   -0.07816      5
   0.09654   -0.06707    0.09311   -0.06471      1
   0.10151   -0.06971    0.09025   -0.08937      2
   0.10307   -0.06830    0.10720   -0.11062     63
   0.21055   -0.06980    0.18298   -0.09083      1
   0.28086   -0.06809    0.21718   -0.12237      1
  -0.21187   -0.06388   -0.15353   -0.09286      4
  -0.10627   -0.06254   -0.10765   -0.07945     21
  -0.10513   -0.06464   -0.10258   -0.07549    128
  -0.01792   -0.06498   -0.02476   -0.07806      1
  -0.01244   -0.06490    0.00104   -0.07755      2
  -0.00667   -0.06370    0.00043   -0.08189      1
  -0.00228   -0.06499   -0.00646   -0.07532      1
   0.00173   -0.06558    0.00624   -0.07777      2
   0.00251   -0.06412    0.01411   -0.03214      1
   0.01049   -0.06330    0.00520   -0.08639      3
   0.01656   -0.06392    0.01951   -0.08903      2
   0.04495   -0.06562    0.03503   -0.07025     12
   0.04764   -0.06371    0.04147   -0.06944      6
   0.07247   -0.06583    0.06628   -0.09089      1
   0.10539   -0.06461    0.10952   -0.10067     34
   0.10635   -0.06311    0.11170   -0.10538     26
   0.21306   -0.06206    0.17929   -0.14467      1
  -0.10788   -0.05999   -0.10297   -0.07282     80
  -0.03932   -0.05918   -0.02235   -0.07221      5
  -0.03356   -0.05987    0.01225   -0.08825      1
  -0.02186   -0.06123   -0.01126   -0.08112      1
  -0.01197   -0.06103   -0.02124   -0.07816      1
  -0.00052   -0.06123    0.00980   -0.06423     11
   0.00505   -0.05996    0.01221   -0.08916      1
   0.00950   -0.06119    0.00327   -0.08903      1
   0.05084   -0.06049    0.05572   -0.06061      8
   0.09740   -0.05836    0.07925   -0.06372      1
   0.09829   -0.06001    0.04209   -0.06479      2
   0.10831   -0.05964    0.11427   -0.09740    116
   0.21341   -0.06087    0.15195   -0.08677      2
  -0.11054   -0.05474   -0.10745   -0.06808     21
  -0.10962   -0.05689   -0.11008   -0.07003     23
  -0.01739   -0.05514   -0.01020   -0.07853      1
  -0.00686   -0.05706    0.00269   -0.06964      5
  -0.00543   -0.05768    0.00196   -0.07017      1
   0.01666   -0.05559    0.00086   -0.09809      1
   0.05121   -0.05606    0.04553   -0.06658     21
   0.05560   -0.05597    0.04626   -0.06443     24
   0.05911   -0.05409    0.05714   -0.07638      1
   0.08271   -0.05423    0.07939   -0.06498      3
   0.09368   -0.05790    0.08954   -0.09738      1
   0.09731   -0.05562    0.08236   -0.07547     21
   0.10008   -0.05488    0.08941   -0.06931     18
   0.10322   -0.05593    0.10140   -0.07427      6
   0.10941   -0.05750    0.10707   -0.07770     36
   0.11058   -0.05522    0.10532   -0.07747     44
   0.21439   -0.05707    0.15119   -0.06443      2
  -0.21574   -0.05112   -0.15401   -0.08539      3
  -0.11191   -0.05165   -0.09906   -0.06692     36
  -0.00924   -0.05082    0.00433    0.04312      2
   0.00038   -0.05117   -0.00040    0.03870      3
   0.00309   -0.05027    0.00151    0.03887     15
   0.00848   -0.05233    0.02940    0.07049      2
   0.01336   -0.05215    0.00637    0.02905      6
   0.01869   -0.05067    0.01210    0.05080      2
   0.05061   -0.05192    0.04573   -0.06297     52
   0.05771   -0.05322    0.06619   -0.07050      2
   0.05839   -0.05269    0.07068   -0.06802      3
   0.08171   -0.05101    0.07989   -0.06450      9
   0.08338   -0.05133    0.08003   -0.07410     63
   0.09741   -0.05183    0.08642   -0.06703      8
   0.09948   -0.05222    0.09615   -0.07509     13
   0.10571   -0.05072    0.08943   -0.07962      7
   0.10659   -0.05075    0.08885   -0.05130      1
   0.11219   -0.05177    0.10440   -0.07229    107
  -0.21664   -0.04807   -0.19900   -0.07919      1
  -0.11415   -0.04643   -0.11636   -0.05360      5
  -0.11327   -0.04865   -0.11008   -0.06234     27
  -0.00382   -0.04916   -0.00515    0.03103      9
   0.00013   -0.04810    0.00189    0.02709      6
   0.00385   -0.04781    0.00529    0.02628     55
   0.00778   -0.04782    0.01420   -0.05392     10
   0.01193   -0.04820    0.01214   -0.05307      2
   0.01685   -0.04835    0.01218   -0.06489     13
   0.01991   -0.04848    0.01584   -0.06560     13
   0.02364   -0.04799    0.02719   -0.04742     10
   0.02622   -0.04614    0.01879   -0.05498      2
   0.03191   -0.04769    0.02719   -0.05579     22
   0.03595   -0.04831    0.03462   -0.05075     36
   0.04110   -0.04806    0.04554   -0.05963     11
   0.04325   -0.04720    0.04831   -0.05412     26
   0.04732   -0.04679    0.04873   -0.05595     31
   0.05121   -0.04722    0.05288   -0.06637     29
   0.06342   -0.04726    0.06755   -0.06888      5
   0.08391   -0.04785    0.08238   -0.07515    238
   0.08632   -0.04725    0.09065   -0.07237      6
   0.09963   -0.04978    0.08860   -0.06546      6
   0.10548   -0.04681    0.05841   -0.06487      1
   0.10743   -0.04814    0.09017   -0.06593     11
   0.11356   -0.04865    0.09211   -0.05140     59
   0.11442   -0.04683    0.09310   -0.05369     45
  -0.21438   -0.04237    0.15710   -0.23380      1
  -0.11489   -0.04465   -0.11460   -0.05285     22
  -0.03932   -0.04338   -0.02961   -0.05149      1
  -0.01920   -0.04375   -0.01167    0.02363      7
  -0.00734   -0.04300   -0.00170    0.02600     39
   0.00139   -0.04554    0.00426    0.02850     14
   0.00579   -0.04500    0.01096    0.01905     31
   0.00742   -0.04432    0.01207    0.02195     90
   0.01180   -0.04277    0.00784    0.02186     74
   0.01430   -0.04241    0.01423    0.02245     11
   0.02310   -0.04508   -0.00455    0.03933      1
   0.02972   -0.04362    0.02451   -0.05081     17
   0.03087   -0.04453    0.02787   -0.05148     32
   0.04562   -0.04343    0.07881   -0.06427      1
   0.04614   -0.04237    0.05828   -0.06944      2
   0.06772   -0.04235    0.06802   -0.07193      1
   0.08471   -0.04509    0.08092   -0.06823     45
   0.08625   -0.04291    0.08647   -0.07194     34
   0.09286   -0.04382    0.02736    0.03907      1
   0.11548   -0.04410    0.08549   -0.05239    131
  -0.21860   -0.03811   -0.14356   -0.01105      1
  -0.11656   -0.04024   -0.12061   -0.05080     22
  -0.04498   -0.04057   -0.00238    0.02550      3
  -0.03691   -0.03832   -0.02445   -0.03366      7
  -0.01519   -0.03883   -0.01026    0.01253      1
  -0.01136   -0.03836   -0.00898   -0.02375     20
  -0.00784   -0.04061    0.00256    0.01672      8
  -0.00529   -0.04112    0.01225   -0.04809     11
   0.00157   -0.03995    0.00857   -0.01739      4
   0.00466   -0.03971    0.01220    0.01443      1
   0.00811   -0.03915    0.02340   -0.00386      9
   0.01238   -0.03830    0.01229    0.01209      5
   0.01610   -0.04161    0.01423    0.02203     43
   0.02067   -0.04088    0.01739    0.02119     58
   0.02453   -0.03973    0.01675    0.01832     10
   0.02825   -0.03923    0.02343    0.00516     23
   0.03029   -0.03892    0.02438    0.02233     16
   0.07025   -0.03923    0.06973   -0.06641      1
   0.08660   -0.04104    0.08102   -0.06416     73
   0.09031   -0.03927    0.08079   -0.06177      3
   0.10457   -0.04072    0.08443   -0.06659      2
   0.10878   -0.03863    0.13137   -0.05201      1
   0.11668   -0.04084    0.10006   -0.04833     49
   0.16755   -0.04062    0.06336   -0.21118      1
  -0.21875   -0.03586   -0.19403   -0.05126      1
  -0.11822   -0.03494   -0.11355   -0.04412     23
  -0.11768   -0.03695   -0.11465   -0.04084     13
  -0.05154   -0.03440   -0.03232   -0.04558     12
  -0.04787   -0.03462   -0.03783   -0.03884     51
  -0.04387   -0.03478   -0.01904   -0.05125      7
  -0.04070   -0.03632   -0.02493   -0.05395     11
  -0.03707   -0.03792   -0.01984   -0.05180     49
  -0.03176   -0.03676   -0.02130   -0.05171      7
  -0.02931   -0.03578   -0.02220   -0.03796      6
  -0.02319   -0.03424   -0.00582   -0.04261      4
  -0.01950   -0.03490   -0.01235   -0.01430     29
  -0.01570   -0.03677   -0.00837   -0.02140     25
  -0.01281   -0.03787   -0.00775   -0.02553     11
   0.01288   -0.03785    0.01811   -0.00805     17
   0.01689   -0.03624    0.01803   -0.03344     29
   0.01925   -0.03505    0.02266   -0.03324     32
   0.02510   -0.03612    0.02723   -0.04807      7
   0.02759   -0.03728    0.02724   -0.04662     19
   0.03259   -0.03764    0.02249    0.01152      7
   0.03643   -0.03528    0.02463    0.02384     44
   0.03941   -0.03585    0.01900    0.02512     19
   0.07442   -0.03479    0.08259   -0.05405      2
   0.08788   -0.03693    0.08249   -0.05087     26
   0.09027   -0.03463    0.09953   -0.05138      2
   0.11774   -0.03767    0.10446   -0.05802      2
   0.11847   -0.03517    0.11171   -0.04936     10
  -0.21898   -0.03226   -0.11426   -0.01167      3
  -0.11889   -0.03272   -0.11283   -0.03330     13
  -0.05320   -0.03197   -0.04726   -0.04220     17
  -0.02612   -0.03027   -0.00550   -0.01996      1
  -0.02345   -0.03240   -0.00871   -0.02208     43
  -0.02149   -0.03372   -0.01670   -0.00781     10
   0.02156   -0.03367    0.02326   -0.02822     10
   0.02372   -0.03246    0.02183   -0.02594     17
   0.02612   -0.03027    0.03067   -0.02278      2
   0.03769   -0.03232    0.00740    0.00657      1
   0.03936   -0.03197    0.02152    0.02345    144
   0.05086   -0.03387    0.04570   -0.05563      1
   0.07353   -0.03228    0.06821   -0.04491      3
   0.07528   -0.03178    0.08437   -0.04644      8
   0.09138   -0.03069    0.09832   -0.05321      9
   0.10011   -0.03063   -0.01988   -0.08075      2
   0.11929   -0.03248    0.11242   -0.04888     18
  -0.21993   -0.02815   -0.14474   -0.00878      2
  -0.21702   -0.02669   -0.15447    0.08882      1
  -0.12024   -0.02828   -0.11998   -0.03657     21
  -0.11307   -0.02992   -0.12153   -0.04232      1
  -0.09505   -0.02654   -0.10375   -0.04576      1
  -0.05439   -0.02780   -0.04970   -0.02902     12
  -0.05342   -0.02969   -0.04296   -0.03254      4
  -0.03068   -0.02651   -0.00744    0.00660      4
  -0.02789   -0.02864   -0.01007   -0.02088     36
   0.02821   -0.02833    0.01967   -0.02483     21
   0.03105   -0.02620    0.02315   -0.00078     14
   0.04095   -0.02766    0.02696    0.01801    131
   0.04235   -0.02683    0.02545    0.02039     46
   0.04971   -0.02653    0.03370    0.03502      1
   0.05134   -0.02724    0.04474   -0.03851      5
   0.07684   -0.02899    0.08093   -0.04917     16
   0.09301   -0.02886    0.09194   -0.05105     15
   0.09443   -0.02834    0.09532   -0.04496      2
   0.10026   -0.02742    0.01836    0.00037      2
   0.10422   -0.02966    0.04009    0.02584      3
   0.11423   -0.02655    0.11892   -0.03104      2
   0.12038   -0.02721    0.11151   -0.04409     12
  -0.22053   -0.02364   -0.09927   -0.01114      1
  -0.12101   -0.02400   -0.11824   -0.03085     10
  -0.11471   -0.02265   -0.08907   -0.02505     19
  -0.11307   -0.02249   -0.08988   -0.02469     30
  -0.06301   -0.02577   -0.03871   -0.03365      1
  -0.05409   -0.02544   -0.04335   -0.02813      5
  -0.05334   -0.02231   -0.04532   -0.04254      3
  -0.03542   -0.02375   -0.02261    0.01844      2
  -0.03279   -0.02292   -0.01823   -0.02608     21
   0.02805   -0.02594    0.12723   -0.03624      1
   0.03231   -0.02468    0.02968    0.00395     67
   0.03430   -0.02339    0.02761    0.00542     22
   0.04164   -0.02573    0.02434    0.01539      1
   0.04308   -0.02493    0.03285    0.01782    122
   0.04714   -0.02343    0.01861    0.01822     24
   0.05191   -0.02304    0.04958   -0.04309      2
   0.05476   -0.02219    0.05495   -0.04214      3
   0.06053   -0.02299    0.05467   -0.04273      2
   0.06878   -0.02415    0.06668   -0.04102      1
   0.07724   -0.02506    0.07029   -0.05047      8
   0.07874   -0.02250    0.06750   -0.01105      1
   0.09515   -0.02529    0.09212   -0.03975      2
   0.11495   -0.02359    0.12407   -0.02935      2
   0.12118   -0.02397    0.11436   -0.03670     24
  -0.22003   -0.02049   -0.19326   -0.03373      1
  -0.12209   -0.01818   -0.11192   -0.03035      9
  -0.12166   -0.02004   -0.11296   -0.02900     21
  -0.11498   -0.02152   -0.10070   -0.03283      6
  -0.11340   -0.02167   -0.09700   -0.02199      7
  -0.05420   -0.01970   -0.03613   -0.02896      4
  -0.05315   -0.02172   -0.03102   -0.03711      4
  -0.03523   -0.01926   -0.01572   -0.00843     30
  -0.03387   -0.02124   -0.00896   -0.03300      7
   0.02100   -0.02026    0.01223   -0.04237      1
   0.03372   -0.02149    0.02906   -0.02242      6
   0.03627   -0.01931    0.02797   -0.00414     50
   0.03928   -0.01894    0.02875    0.00203     97
   0.04519   -0.02090    0.03389    0.01035     51
   0.04643   -0.01937    0.02815    0.01105     38
   0.05029   -0.02118    0.04756   -0.04018      4
   0.05505   -0.02000    0.04562   -0.03953    130
   0.05864   -0.01964    0.04127   -0.04268      2
   0.07686   -0.02062    0.06914   -0.03309     19
   0.07834   -0.02004    0.06619   -0.03888      4
   0.09379   -0.01917    0.07437   -0.02467     10
   0.11092   -0.02086    0.11784   -0.03625      1
   0.12166   -0.02138    0.11554   -0.03507      8
   0.12206   -0.01949    0.13834   -0.00822      1
  -0.12235   -0.01507   -0.11360   -0.02229     72
  -0.12197   -0.01729   -0.10264   -0.03899      3
  -0.11649   -0.01432   -0.07559    0.00000      1
  -0.09759   -0.01663   -0.10396   -0.02922      1
  -0.07167   -0.01404   -0.06570    0.00000      1
  -0.05414   -0.01402   -0.04350   -0.03014      2
  -0.05371   -0.01630   -0.04378   -0.02919     16
  -0.03888   -0.01605   -0.03304    0.01130      7
  -0.03695   -0.01533   -0.00776   -0.02590    227
   0.00249   -0.01486    0.01187   -0.00423      1
   0.03614   -0.01710    0.02719   -0.02982    126
   0.04103   -0.01718    0.03597    0.00002     44
   0.04420   -0.01540    0.03426   -0.00233    212
   0.04765   -0.01494    0.03824   -0.00767    243
   0.05293   -0.01548    0.04681   -0.03894    153
   0.05637   -0.01575    0.04957   -0.03811    301
   0.05914   -0.01505    0.05508   -0.03598    156
   0.07783   -0.01715    0.07316   -0.00448      2
   0.07832   -0.01495    0.05612   -0.04465      2
   0.09694   -0.01626    0.08832   -0.03352      7
   0.10090   -0.01438    0.12471   -0.02788      1
   0.11623   -0.01503    0.12796    0.02557      1
   0.12172   -0.01466    0.06618   -0.04669      1
   0.12245   -0.01676    0.13005   -0.01763      4
   0.22037   -0.01727    0.20312   -0.01029      1
  -0.22085   -0.01199   -0.15285   -0.02782      3
  -0.12271   -0.01190   -0.11114   -0.02063     58
  -0.12193   -0.01314   -0.10268    0.01297      1
  -0.09697   -0.01241   -0.08471   -0.01840      2
  -0.07230   -0.01198   -0.07183   -0.02464     13
  -0.05456   -0.01205   -0.03627   -0.02248     18
  -0.05040   -0.01142   -0.03809    0.03300      1
  -0.03842   -0.01128   -0.01038   -0.01908     58
  -0.03759   -0.01361   -0.00903   -0.02495     82
  -0.01263   -0.01182   -0.01013   -0.01264      1
   0.03787   -0.01283    0.02687   -0.02628     78
   0.03823   -0.01174    0.02787   -0.02604    113
   0.04490   -0.01280    0.03783   -0.00909    335
   0.04772   -0.01225    0.03329   -0.00016    445
   0.05281   -0.01346    0.04875   -0.03338     55
   0.05645   -0.01384    0.05216   -0.03447     33
   0.06000   -0.01252    0.05550   -0.03344    370
   0.06230   -0.01030    0.05554   -0.03337     19
   0.07859   -0.01112    0.07057   -0.03555      4
   0.09550   -0.01262    0.07898   -0.03500      1
   0.11365   -0.01082    0.09702   -0.01872      2
   0.11487   -0.01144    0.10349   -0.01899      3
   0.12291   -0.01145    0.11785   -0.03158     43
   0.22145   -0.01095    0.19685   -0.09729      1
  -0.12300   -0.00913   -0.10708   -0.02019     34
  -0.11814   -0.00826   -0.11413   -0.01563      1
  -0.11324   -0.00864   -0.08104   -0.01851      2
  -0.09836   -0.00843   -0.11501   -0.02592      1
  -0.06401   -0.00692   -0.05124   -0.01704      1
  -0.05558   -0.00824   -0.04962   -0.01291      9
  -0.04811   -0.00825   -0.03744    0.01289      1
  -0.04337   -0.00852   -0.03237    0.01113      9
  -0.03915   -0.00809   -0.01108   -0.02519     35
  -0.01584   -0.00673    0.00503   -0.03212      2
  -0.00497   -0.00823   -0.00929   -0.03085     29
  -0.00120   -0.00854   -0.00360   -0.01790     10
   0.01327   -0.00852    0.00754   -0.03612      1
   0.03951   -0.00742    0.03360   -0.02389    118
   0.04286   -0.00932    0.04467   -0.03349     27
   0.04849   -0.00919    0.03584   -0.00055     92
   0.05132   -0.00813    0.03303    0.01090     30
   0.06081   -0.00935    0.05333   -0.03337     33
   0.06250   -0.00926    0.05623   -0.03344     42
   0.06652   -0.00663    0.06945   -0.02750      1
   0.07170   -0.00799    0.06149   -0.02952      4
   0.07578   -0.00916    0.07241   -0.03423      1
   0.07877   -0.00851    0.07422   -0.03092      9
   0.09475   -0.00622    0.07381   -0.02717     32
   0.11230   -0.00642    0.09080   -0.01551      2
   0.11534   -0.00873    0.09805   -0.03276      2
   0.12305   -0.00886    0.11720   -0.02401     79
   0.14645   -0.00935    0.01703   -0.00583      3
  -0.22155   -0.00335   -0.18531   -0.01279      6
  -0.12326   -0.00285   -0.10967   -0.01807     30
  -0.11685   -0.00226   -0.12099   -0.01101      1
  -0.09894   -0.00238   -0.10258   -0.00125      1
  -0.09628   -0.00299   -0.08579   -0.03004      3
  -0.05459   -0.00535   -0.04477   -0.01009     13
  -0.05388   -0.00363   -0.05346   -0.00716      2
  -0.04601   -0.00250   -0.04587    0.02297      3
  -0.04308   -0.00352   -0.04020   -0.00262     21
  -0.03972   -0.00453   -0.01771   -0.01137     65
  -0.01682   -0.00399   -0.02116   -0.01301      3
   0.01367   -0.00409   -0.01526    0.02261     10
   0.01507   -0.00358    0.06024   -0.02218     12
   0.04017   -0.00432    0.03341   -0.02117    210
   0.04206   -0.00508    0.03318   -0.02277      3
   0.04938   -0.00516    0.03576   -0.00795     22
   0.05114   -0.00338    0.03591   -0.00298     64
   0.05487   -0.00536    0.04677    0.02940      4
   0.06190   -0.00530    0.05103   -0.02737      8
   0.06384   -0.00407    0.06517   -0.02235     17
   0.06912   -0.00417    0.06333   -0.03855      3
   0.07650   -0.00472    0.08177   -0.03538      1
   0.07959   -0.00240    0.07241   -0.03600     21
   0.09472   -0.00570    0.07941   -0.02581     53
   0.09844   -0.00361    0.09086   -0.00254      1
   0.11302   -0.00395    0.10406   -0.02710      4
   0.11411   -0.00363    0.11374   -0.01115      1
   0.12336   -0.00285    0.12183   -0.02218     10
   0.14124   -0.00375    0.15110   -0.00501      1
  -0.22133    0.00052   -0.00581    0.02497      2
  -0.12325   -0.00048   -0.10880   -0.01248     28
  -0.09652    0.00062   -0.08712   -0.01107     11
  -0.07897   -0.00135   -0.06988   -0.01031      2
  -0.07751   -0.00101   -0.05221   -0.01443      4
  -0.05431   -0.00056   -0.04122   -0.01064      4
  -0.05313    0.00110   -0.04137   -0.00879      1
  -0.04647    0.00045   -0.04370    0.00591      3
  -0.04580    0.00112   -0.02877    0.00442      2
  -0.03996   -0.00103   -0.00996   -0.01610     17
   0.01530    0.00052    0.01566    0.01296     15
   0.04172   -0.00036    0.03800   -0.01747    516
   0.04267    0.00131    0.03952   -0.01300    191
   0.04920    0.00175    0.03254   -0.02766      2
   0.05132   -0.00077    0.03818    0.00000     15
   0.06525   -0.00016    0.06424   -0.00556     17
   0.06632    0.00102    0.06707   -0.01300     15
   0.07200    0.00146    0.05993   -0.02233     52
   0.07461    0.00080    0.06819   -0.02164     28
   0.07955    0.00089    0.07953   -0.02053     17
   0.09741    0.00156    0.06754   -0.02220      1
   0.09887    0.00059    0.10723    0.00000      7
   0.11047    0.00056    0.09351   -0.01822      7
   0.12356    0.00040    0.12311   -0.01148     10
  -0.22124    0.00336   -0.20631   -0.00463      2
  -0.12322    0.00389   -0.10847   -0.00727     34
  -0.11833    0.00475   -0.07688   -0.00523      3
  -0.09542    0.00258   -0.09097   -0.00749      2
  -0.07945    0.00479   -0.07315   -0.00670      8
  -0.05324    0.00213   -0.04928   -0.01056      5
  -0.04661    0.00379   -0.03668    0.00170     10
  -0.04565    0.00521   -0.04048    0.00106      5
  -0.03985    0.00321   -0.02010   -0.00332     13
  -0.01475    0.00239    0.04038   -0.04952      1
   0.01282    0.00495    0.01517   -0.00265     21
   0.01527    0.00346    0.01701   -0.00754     14
   0.02531    0.00596    0.01329   -0.01090      3
   0.03977    0.00424    0.02356   -0.01684    411
   0.04374    0.00290    0.03772   -0.01187    741
   0.04974    0.00514    0.04408   -0.00086      5
   0.05043    0.00511    0.04423   -0.00512     33
   0.05440    0.00297    0.03870    0.01470      5
   0.06264    0.00324    0.06504   -0.01491     25
   0.06639    0.00366    0.06087   -0.02103     46
   0.07162    0.00363    0.05797   -0.01903     23
   0.07747    0.00393    0.07181   -0.01105     31
   0.07894    0.00513    0.07218   -0.01060    117
   0.09545    0.00555    0.07478   -0.00773      4
   0.11155    0.00414    0.08911   -0.02425      2
   0.12333    0.00316    0.12170   -0.02078     13
   0.14106    0.00596    0.06721    0.02580      1
  -0.22143    0.00735   -0.21041   -0.00845      1
  -0.12303    0.00827   -0.10237   -0.00817     48
  -0.11804    0.00697   -0.08456   -0.00221      1
  -0.11800    0.00637   -0.09542   -0.01290      1
  -0.07904    0.00994   -0.07303   -0.02275      1
  -0.07787    0.00992   -0.04322    0.05531      1
  -0.05353    0.00833   -0.04318    0.01223      7
  -0.04636    0.00756   -0.03730   -0.00788      8
  -0.04467    0.00749   -0.03943   -0.00351     17
  -0.03899    0.00884   -0.02489   -0.00384     13
  -0.00234    0.00677    0.01223   -0.01780      1
   0.01263    0.00696    0.02225   -0.00449     47
   0.02557    0.00634    0.03229    0.00132      5
   0.02945    0.00933    0.02703   -0.00265     32
   0.03022    0.00945    0.02454    0.01012      6
   0.03915    0.00814    0.02352   -0.01112    791
   0.04579    0.00637    0.04411   -0.00908     19
   0.04941    0.00912    0.04478   -0.00439     92
   0.05080    0.00799    0.04558   -0.00266    106
   0.05718    0.00882    0.04025   -0.01300      1
   0.06135    0.00732    0.02999    0.02234      5
   0.06404    0.00806    0.06149   -0.01651     30
   0.06661    0.00700    0.06276   -0.02604     13
   0.07223    0.00754    0.06544   -0.01471     10
   0.07496    0.00885    0.07836   -0.01211     30
   0.07923    0.00814    0.07771   -0.01290    247
   0.11190    0.00769    0.12027    0.02447      3
   0.12326    0.00862    0.11967    0.00163     17
   0.14007    0.00906   -0.09744    0.08910      2
  -0.22131    0.01236   -0.13200   -0.00966      6
  -0.12246    0.01145   -0.10339   -0.00729     12
  -0.12195    0.01355   -0.09987   -0.00156      2
  -0.11743    0.01262   -0.09177   -0.00200      4
  -0.08011    0.01194   -0.06660    0.00000      1
  -0.07215    0.01114   -0.06115    0.00224      1
  -0.05542    0.01291   -0.04461   -0.00416      8
  -0.05350    0.01014   -0.02450    0.01678      1
  -0.04664    0.01097   -0.04424    0.00999      2
  -0.04534    0.01253   -0.02845   -0.00047      5
  -0.03824    0.01179   -0.02072    0.00209     40
  -0.03786    0.01284   -0.01783    0.00627     12
  -0.01336    0.01071   -0.00813   -0.00565      1
   0.00539    0.01390   -0.11886   -0.26822      1
   0.00783    0.01117    0.07886    0.03300      3
   0.02520    0.01083    0.00127    0.00127      1
   0.02872    0.01123    0.02304   -0.00221      7
   0.03089    0.01077    0.02678    0.00368     25
   0.03774    0.01319    0.02346   -0.00628    459
   0.03835    0.01139    0.02303   -0.00909    685
   0.04290    0.01312    0.03672    0.00360      1
   0.04829    0.01173    0.04024   -0.01090    107
   0.05071    0.01186    0.04291    0.01342      8
   0.05451    0.01131    0.03997    0.01639      1
   0.06087    0.01246    0.05301    0.02549      9
   0.06362    0.01259    0.06768   -0.01848      4
   0.06742    0.01206    0.06069   -0.00527     42
   0.07218    0.01241    0.06754    0.00000     27
   0.07575    0.01183    0.06807   -0.00789     57
   0.07861    0.01240    0.07083   -0.00916    132
   0.11381    0.01322    0.10633   -0.01437      2
   0.11430    0.01137    0.10818   -0.02764      2
   0.12189    0.01361    0.10064    0.03096      1
   0.12291    0.01131    0.11774   -0.00416      8
   0.14070    0.01380    0.10907   -0.02575      2
  -0.22056    0.01453   -0.21531    0.02800      3
  -0.12246    0.01450   -0.10207    0.00415     11
  -0.12193    0.01712   -0.09519    0.00015      8
  -0.11686    0.01678   -0.09662   -0.01050      1
  -0.07536    0.01514   -0.06231    0.02594      1
  -0.05689    0.01693   -0.03977    0.00447     35
  -0.04342    0.01453   -0.03303    0.01343      8
  -0.03876    0.01649   -0.03507    0.01115     36
  -0.03699    0.01516   -0.01154   -0.00100     99
   0.00109    0.01494    0.05626    0.01039      2
   0.03641    0.01654    0.02559   -0.01028   1032
   0.04101    0.01515    0.04233   -0.02819     24
   0.04382    0.01581    0.03519   -0.01556      2
   0.04907    0.01678    0.04524   -0.00524    453
   0.05239    0.01572    0.05213    0.02576      3
   0.06160    0.01701    0.05771   -0.00683     82
   0.06282    0.01643    0.05660   -0.00972     38
   0.06899    0.01424    0.06766   -0.00667     21
   0.07343    0.01587    0.06989    0.00188     21
   0.07736    0.01611    0.06880    0.00018     68
   0.07821    0.01502    0.07106    0.00000     65
   0.09324    0.01605    0.07739    0.00000      1
   0.11383    0.01533    0.09222    0.00937      1
   0.12148    0.01714    0.09980    0.00395      4
   0.12225    0.01623    0.11233    0.01842      6
  -0.12215    0.01867   -0.09764   -0.00829      4
  -0.12140    0.01999   -0.10167    0.00520     11
  -0.11670    0.01972   -0.09150    0.00736      1
  -0.06834    0.02097   -0.05979    0.01304      1
  -0.06248    0.02133   -0.04666   -0.00448      2
  -0.05935    0.02008   -0.04228    0.00444     31
  -0.05761    0.01834   -0.04583   -0.00428      6
  -0.03452    0.02032   -0.01980    0.01022     20
  -0.03359    0.02169   -0.01558    0.00335     18
   0.03372    0.02148    0.02054    0.00401    125
   0.03509    0.01928    0.02551   -0.00173   1170
   0.04038    0.02072    0.04242   -0.03349     45
   0.04591    0.02146    0.04450   -0.00261     12
   0.04943    0.01859    0.04573   -0.00745    228
   0.05193    0.02131    0.03477    0.01483      7
   0.06097    0.01890    0.05832   -0.00905     54
   0.06494    0.01915    0.06204   -0.00596     49
   0.06634    0.02122    0.06569   -0.00497     11
   0.07137    0.02143    0.07738    0.00000      9
   0.07653    0.01970    0.07192    0.00015     88
   0.07836    0.02060    0.06660    0.00296      5
   0.09345    0.01957    0.06144    0.02216      3
   0.09448    0.01976    0.07912   -0.00332      1
   0.12117    0.01874    0.10318    0.02542      8
   0.12200    0.01913    0.11807    0.01303      1
   0.13997    0.01858    0.09305    0.03873      1
  -0.22003    0.02402   -0.08924    0.03107      1
  -0.12080    0.02436   -0.10376    0.00668     10
  -0.09207    0.02540   -0.07631    0.01291      1
  -0.07805    0.02476   -0.05656    0.00386      1
  -0.07757    0.02590   -0.07696    0.01440      1
  -0.06663    0.02361   -0.07172    0.02226      3
  -0.06426    0.02371   -0.04493    0.01121      6
  -0.03189    0.02412   -0.01140    0.00000     13
  -0.02846    0.02447   -0.15195    0.07635      2
   0.03181    0.02422    0.01809   -0.00070    769
   0.03713    0.02344    0.03338   -0.00043     78
   0.03965    0.02474    0.03676   -0.00285    242
   0.04546    0.02368    0.04561    0.00110     61
   0.04627    0.02383    0.04696   -0.00718     16
   0.05611    0.02465    0.06474   -0.00260      1
   0.06171    0.02435    0.04965   -0.00779      7
   0.06338    0.02467    0.06562   -0.00573     37
   0.06731    0.02275    0.06494   -0.00325      8
   0.07269    0.02528    0.07728    0.00000     52
   0.07454    0.02353    0.07464    0.00000    358
   0.12078    0.02389    0.10509    0.01571     17
  -0.21962    0.02679   -0.04742   -0.04511      2
  -0.12025    0.02816   -0.10939    0.01262     14
  -0.11505    0.02756   -0.08947    0.04021      1
  -0.06452    0.02749   -0.05265    0.01951     16
  -0.05276    0.02715   -0.04184    0.02645      1
  -0.03035    0.02602   -0.03905   -0.00654      1
  -0.02888    0.02765   -0.01041   -0.00229     13
   0.02849    0.02805    0.01948    0.00810     10
   0.03798    0.02897    0.04455   -0.01752      3
   0.03893    0.02741    0.03480   -0.00723    277
   0.04271    0.02715    0.03538    0.00130      9
   0.04938    0.02776    0.04315    0.00655      2
   0.05245    0.02810    0.05187    0.01870      2
   0.05551    0.02842    0.03814   -0.00363      4
   0.05919    0.02777    0.06790    0.00520      5
   0.06505    0.02636    0.06750    0.01105      1
   0.06878    0.02803    0.07344   -0.01890      5
   0.07229    0.02662    0.07472   -0.00261     30
   0.07582    0.02701    0.07684    0.00277      2
   0.09074    0.02700    0.07536    0.00593      1
   0.11988    0.02925    0.11833    0.01783      5
  -0.21888    0.03223   -0.13227    0.03244      2
  -0.11914    0.03299   -0.10751    0.01289      8
  -0.11793    0.03399   -0.05194    0.01104      1
  -0.11339    0.03192   -0.15189    0.02980      1
  -0.06331    0.03309   -0.05190    0.02019     28
  -0.04341    0.03252   -0.04307    0.00076      6
  -0.04154    0.03352   -0.04660   -0.00769      2
  -0.02652    0.03156   -0.00835   -0.03835     10
  -0.02436    0.03225   -0.01196   -0.01022     11
   0.02420    0.03396    0.02736   -0.03907      1
   0.02707    0.03127    0.01340   -0.04597      4
   0.03750    0.03182    0.03404   -0.00130    153
   0.03852    0.03063    0.03428   -0.00137    190
   0.04582    0.03174    0.02866    0.01072      1
   0.04896    0.03221    0.03771    0.00518      7
   0.05479    0.03211   -0.09265    0.07136      2
   0.05894    0.03237    0.05665    0.02603      3
   0.06501    0.03054    0.06903    0.02349      3
   0.06882    0.03070    0.06001    0.00103     18
   0.07101    0.03151    0.05735    0.01430      7
   0.11918    0.03191    0.10369    0.01460      6
  -0.21888    0.03581   -0.08737   -0.00901      4
  -0.11815    0.03480   -0.07711    0.02471      2
  -0.11789    0.03710   -0.12229    0.01656      3
  -0.11194    0.03563   -0.10286    0.02416      2
  -0.10887    0.03495   -0.05443    0.01227      1
  -0.09071    0.03792   -0.06378    0.01673      2
  -0.07322    0.03578   -0.06116    0.03057      2
  -0.06290    0.03500   -0.04349    0.02337     15
  -0.06186    0.03749   -0.04387    0.01450      2
  -0.04756    0.03581   -0.02910    0.01205      1
  -0.04178    0.03721   -0.04627    0.00000      5
  -0.02363    0.03416   -0.02299   -0.05278      6
  -0.01931    0.03497    0.00994    0.00445      2
  -0.01688    0.03623   -0.00534    0.03054      2
   0.02226    0.03779    0.02629   -0.03042      5
   0.03324    0.03722    0.03108    0.01771     35
   0.03624    0.03588    0.03457    0.00674    107
   0.03892    0.03525    0.03231    0.01923     11
   0.04567    0.03529    0.04184    0.03269      1
   0.04778    0.03513    0.04264    0.03908      2
   0.05280    0.03797    0.01206    0.03296      1
   0.05644    0.03543    0.05579    0.00088      3
   0.06108    0.03592    0.05445    0.01372      4
   0.06352    0.03681    0.05701    0.01551      6
   0.06770    0.03600    0.05838    0.01074      4
   0.11765    0.03660    0.08797    0.04155      2
   0.11801    0.03545    0.09715    0.00271      1
  -0.11658    0.03959   -0.10729    0.03383      3
  -0.11139    0.03892   -0.11654    0.02965      4
  -0.10826    0.03846   -0.07998    0.03834      5
  -0.10521    0.04077   -0.07937    0.03464      4
  -0.05974    0.04052   -0.05171    0.02671      8
  -0.03982    0.04181   -0.05288    0.00000      5
  -0.03743    0.03932   -0.05072   -0.02101      5
  -0.02317    0.04058   -0.00370   -0.05145      2
  -0.01153    0.03899   -0.00843    0.01552      8
  -0.00811    0.03987   -0.00778    0.04158      3
  -0.00347    0.04147    0.00545   -0.06930      8
   0.00547    0.03889    0.06851    0.02213      1
   0.01309    0.04181    0.00720    0.01247      1
   0.01657    0.04183    0.00142    0.00427      1
   0.02169    0.04074    0.03684   -0.04862      6
   0.02221    0.03851    0.02782   -0.06430      4
   0.02936    0.03976    0.02449    0.01688     71
   0.03083    0.03910    0.03433    0.01271    124
   0.03484    0.03920    0.04009    0.00063     23
   0.04498    0.03843    0.06096    0.03296      1
   0.05670    0.03966    0.05220    0.01294      5
   0.06178    0.04164    0.05301    0.01807      5
   0.06429    0.04016    0.04689    0.01568      4
   0.07082    0.04051    0.07550    0.01701      3
   0.11686    0.03899    0.10656    0.02819      6
  -0.21751    0.04358   -0.12802   -0.03335      3
  -0.11506    0.04381   -0.08088    0.02821      4
  -0.10882    0.04443   -0.09921    0.04468      7
  -0.10568    0.04417   -0.08832    0.03384      3
  -0.10151    0.04441   -0.06105    0.06785      3
  -0.08776    0.04580   -0.06369    0.03903      1
  -0.05519    0.04503   -0.04895    0.03055     27
  -0.05296    0.04572   -0.03967    0.03571     20
  -0.03485    0.04302   -0.05193   -0.01282      6
  -0.03231    0.04582   -0.03977   -0.02106      1
  -0.02230    0.04360   -0.00996   -0.03385      3
  -0.01346    0.04575   -0.00773    0.02208      1
  -0.00651    0.04311   -0.00252    0.02339     37
  -0.00542    0.04495    0.01219    0.04425      1
   0.00122    0.04568    0.00000    0.01842     25
   0.00480    0.04498    0.01081    0.02441     42
   0.00786    0.04380    0.01215    0.02236     72
   0.01249    0.04267    0.01400    0.02157     30
   0.01519    0.04254    0.01682    0.02043     43
   0.01961    0.04365    0.02288    0.01774     21
   0.02439    0.04516    0.01820    0.02473     44
   0.02741    0.04330    0.02354    0.02238     36
   0.03133    0.04440    0.04872   -0.03346     42
   0.03460    0.04383    0.04583    0.02305      1
   0.03941    0.04216    0.03035    0.04895      1
   0.04392    0.04382    0.02719    0.05179      3
   0.05133    0.04499    0.04401    0.02314      7
   0.05600    0.04348    0.06128    0.02250     18
   0.06071    0.04275    0.06358    0.01209     28
   0.06234    0.04245    0.05659    0.02555      5
   0.11506    0.04449    0.10251    0.01891      6
  -0.21685    0.04689   -0.17667    0.02441      5
  -0.11411    0.04657   -0.09052    0.05548      2
  -0.11350    0.04816   -0.09725    0.02973      3
  -0.10185    0.04803   -0.09396    0.04456      2
  -0.08389    0.04945   -0.06318    0.01800      1
  -0.05204    0.04688   -0.04056    0.03382    628
  -0.04968    0.04996   -0.03607    0.03322      2
  -0.04145    0.04758   -0.02106    0.02219      1
  -0.03467    0.04885   -0.04410    0.00023      3
  -0.03081    0.04682   -0.03700   -0.02222      8
  -0.02873    0.04800   -0.04198   -0.03009      4
  -0.01970    0.04936   -0.02218   -0.04477     15
  -0.01083    0.04652   -0.01013    0.04569      1
  -0.00361    0.04817   -0.00331    0.03145      7
   0.00163    0.04935    0.01021    0.02159      6
   0.00312    0.04762    0.00235    0.03076     18
   0.00817    0.04967    0.01047   -0.06412      2
   0.01037    0.04786    0.01770   -0.02600      2
   0.01754    0.04796    0.02247   -0.00114      3
   0.02063    0.04949    0.02104    0.02942     10
   0.02289    0.04623    0.02539    0.03228      9
   0.02880    0.04768    0.04699   -0.03954     48
   0.03052    0.04623    0.04685   -0.03411      6
   0.03449    0.04962    0.04062   -0.01180      1
   0.03984    0.04971    0.04024    0.02724      1
   0.04501    0.04912    0.04211    0.03777      8
   0.04729    0.04782    0.04099    0.03119      8
   0.05359    0.04955    0.04009    0.02584      1
   0.05732    0.04857    0.04902    0.02580      3
   0.11333    0.04887    0.06404    0.06841      6
  -0.21411    0.05310    0.19364    0.22753      1
  -0.08465    0.05082   -0.06355    0.05583      1
  -0.04946    0.05058   -0.03745    0.03976    128
  -0.04126    0.05387   -0.03501    0.05453      1
  -0.03131    0.05249   -0.04358    0.01119      5
  -0.02654    0.05012   -0.04051   -0.02998      1
  -0.02342    0.05233   -0.04598   -0.02893      9
  -0.01912    0.05177   -0.02278   -0.05325      7
   0.00136    0.05039   -0.00207    0.03332      6
   0.00932    0.05126    0.01218   -0.05537      7
   0.01219    0.05155    0.01958   -0.05850     17
   0.01535    0.05052    0.03023   -0.03549      8
   0.02409    0.05295    0.04546   -0.03973     41
   0.02670    0.05053    0.04875   -0.03620     15
   0.03373    0.05214    0.04590    0.00000      1
   0.04613    0.05026    0.03534    0.01785      1
   0.05810    0.05348    0.06659    0.01562      1
   0.11202    0.05183    0.10438    0.05857      1
  -0.21442    0.05402   -0.08053   -0.14469      1
  -0.11005    0.05473   -0.01014   -0.15265      1
  -0.10932    0.05541   -0.08748    0.04438      3
  -0.08132    0.05514   -0.05285    0.01789      1
  -0.04627    0.05622   -0.03210    0.04435     10
  -0.04548    0.05726   -0.03742    0.04138      3
  -0.04105    0.05412   -0.02852    0.03244      4
  -0.02950    0.05411   -0.05417   -0.00887      1
  -0.02036    0.05507   -0.04591   -0.02825      2
  -0.01576    0.05686   -0.03396   -0.03366     19
   0.00994    0.05747    0.02673   -0.08687      1
   0.01155    0.05575    0.02921   -0.04471      4
   0.02011    0.05659    0.05381   -0.03452     81
   0.02306    0.05450    0.05187   -0.03029     31
   0.02638    0.05736    0.04621    0.02025      3
   0.05971    0.05642    0.04365    0.07560      1
   0.10940    0.05531    0.06017    0.01115      1
   0.11073    0.05511    0.10444    0.03775      2
   0.12381    0.05513    0.07895    0.01808      1
  -0.21379    0.05935   -0.13913    0.08878      2
  -0.10833    0.05968   -0.10025    0.04121     11
  -0.04298    0.06013   -0.05062    0.03898      1
  -0.04179    0.06166   -0.03359    0.05531     59
  -0.03652    0.06001   -0.04815    0.08339      1
  -0.02300    0.05910   -0.02604    0.03558      3
  -0.02080    0.06038   -0.04358    0.01119      1
  -0.01407    0.05948   -0.03868   -0.04388      1
  -0.01294    0.05995   -0.03999   -0.03652     11
  -0.00212    0.06068   -0.00098    0.04679      1
   0.00115    0.05977   -0.00106   -0.08170      2
   0.00946    0.05906    0.02536   -0.06686      4
   0.01558    0.06067    0.05554   -0.03730     31
   0.01925    0.05919    0.05588   -0.01791     71
   0.02289    0.05842    0.06356   -0.00622      2
   0.02800    0.05953    0.03456    0.04372      2
   0.10105    0.06009    0.08319    0.05198      1
   0.10728    0.06092    0.09167    0.03228      1
  -0.10617    0.06256   -0.09577    0.04040      3
  -0.10593    0.06385   -0.11943    0.03720      1
  -0.04221    0.06244   -0.03013    0.05260     11
  -0.04044    0.06392   -0.02932    0.04884     33
  -0.03703    0.06554   -0.02418    0.05379     14
   0.00527    0.06419    0.04797   -0.05855      4
   0.00853    0.06512    0.05682   -0.02695      8
   0.01102    0.06507    0.04127   -0.00325      3
   0.01625    0.06238    0.03545   -0.00382      7
   0.01918    0.06459    0.02363    0.02890      5
  -0.10327    0.06807   -0.09728    0.04526      5
  -0.10197    0.06966   -0.10195    0.04754      1
  -0.03503    0.06625   -0.02653    0.05415      5
  -0.03061    0.06849   -0.02408    0.04318     11
  -0.02935    0.06901   -0.01938    0.05289     16
  -0.00996    0.06923   -0.01170    0.05456      1
  -0.00284    0.06782   -0.03361    0.01290      1
   0.00500    0.06952    0.00363    0.04573     16
   0.00673    0.06892    0.00876    0.04764     25
   0.01144    0.06690    0.01231    0.04794      1
   0.10185    0.06971    0.08160    0.06445      2
   0.10383    0.06689    0.09208    0.06544      5
  -0.20947    0.07098   -0.12849    0.04424      1
  -0.10195    0.07002   -0.10944    0.06242      1
  -0.09386    0.07231   -0.08965    0.07793      1
  -0.02643    0.07094   -0.03170    0.05339      3
  -0.02413    0.07260   -0.01999    0.06199     14
  -0.01511    0.07036   -0.01357    0.05458      2
  -0.01020    0.07344   -0.01109    0.05812     12
  -0.00946    0.07170   -0.01364    0.05270     12
  -0.00549    0.07090   -0.01009    0.04408     18
   0.00066    0.07037   -0.00466    0.05626      4
   0.00770    0.07129    0.01057    0.05372      2
   0.04057    0.07041    0.04109    0.05366      5
   0.06461    0.07329    0.05579    0.04406      1
   0.09974    0.07316    0.11446    0.06266      1
   0.15668    0.07193    0.11304    0.03348      1
  -0.09810    0.07532   -0.09562    0.05020      1
  -0.09684    0.07626   -0.09683    0.05701     19
  -0.02222    0.07649   -0.02165    0.05916      1
  -0.01950    0.07447   -0.01640    0.05670     18
  -0.01641    0.07528   -0.01184    0.05126     20
  -0.01077    0.07423   -0.01009    0.06241     15
  -0.00775    0.07578   -0.01852    0.04729      2
   0.06045    0.07489    0.04573    0.04462      1
  -0.09482    0.07852   -0.09969    0.05634      7
  -0.01446    0.07882    0.00539    0.06873      3
   0.00018    0.08045   -0.01487    0.07314      2
   0.09388    0.08019    0.07227    0.07222      4
   0.09435    0.07952    0.09295    0.07564      2
   0.20686    0.07908    0.04854   -0.00229      1
  -0.20475    0.08427   -0.14162    0.02599      1
  -0.08893    0.08550   -0.07872    0.07317      2
   0.08955    0.08527    0.07778    0.07596      5
   0.09120    0.08353    0.08035    0.07353      2
   0.20612    0.08231    0.11829    0.06503      1
  -0.14859    0.08742   -0.13220    0.05476      1
  -0.07269    0.08690   -0.05366    0.09220     13
   0.08535    0.08931    0.07829    0.07174      1
   0.08827    0.08659    0.06696    0.07551      6
  -0.08413    0.09038   -0.06947    0.08733      1
  -0.08040    0.09355   -0.06134    0.08008     10
   0.05380    0.09281    0.02786   -0.03182      1
   0.05591    0.09052    0.03103    0.00541      1
   0.08137    0.09297    0.08256    0.06961      6
   0.08294    0.09156    0.09141    0.06401      1
  -0.19692    0.09792   -0.14326    0.08304      1
  -0.07898    0.09462   -0.06224    0.07892     17
  -0.07651    0.09680   -0.06199    0.08216     12
   0.07874    0.09516    0.09203    0.07153      2
  -0.07431    0.09854   -0.06139    0.09102      1
  -0.04636    0.09860   -0.29996    0.12241      1
  -0.19507    0.10588   -0.02099    0.24478      1
  -0.06870    0.10258   -0.06083    0.09888      1
   0.06939    0.10226    0.05330    0.10787      2
   0.13736    0.10418    0.11849    0.05882      1
  -0.19354    0.10866   -0.17634    0.10451      2
   0.05737    0.10942    0.04698    0.09423      1
  -0.05168    0.11174   -0.04648    0.10343      1
  -0.04914    0.11350   -0.04796    0.10572      1
   0.05300    0.11161    0.10505    0.23595      1
   0.12968    0.11361    0.11713    0.06149      1
   0.13045    0.11272    0.10861    0.06734      1
  -0.19009    0.11459   -0.20603    0.09477      1
  -0.04763    0.11414   -0.03756    0.09836      1
  -0.04520    0.11440   -0.06491    0.09733      1
  -0.03959    0.11710   -0.02311    0.10088      1
  -0.03800    0.11770   -0.03587    0.12265      1
   0.03954    0.11709    0.03685    0.08896      1
   0.04639    0.11453    0.02900    0.08519      1
   0.12574    0.11795    0.11674    0.08733      1
  -0.18758    0.11868   -0.19460    0.09576      1
  -0.18576    0.12151   -0.18839    0.09807      1
   0.02854    0.12035    0.04282    0.11702      2
   0.03542    0.11851    0.04559    0.11938      1
   0.18561    0.12079    0.19142   -0.02739      2
  -0.18288    0.12494   -0.12874    0.05598      1
  -0.01878    0.12215   -0.02982    0.11870      1
  -0.00625    0.12347   -0.00174    0.09988      1
  -0.00524    0.12351   -0.00202    0.09627      1
   0.00576    0.12306   -0.02471    0.10790      1
   0.01160    0.12269   -0.05187    0.18982      2
   0.01457    0.12274    0.01592    0.09314      1
   0.18243    0.12496    0.22748    0.12975      1
   0.11649    0.12710    0.11100    0.07368      2
  -0.17352    0.13667   -0.16898    0.09807      2
  -0.16980    0.14062   -0.30017    0.25547      1
  -0.10093    0.13978   -0.10381    0.10491      1
   0.09849    0.14150    0.07462    0.08893      1
  -0.17029    0.14239   -0.18284    0.11903      2
   0.16840    0.14340    0.13592    0.13575      4
   0.08755    0.14852    0.03762    0.10506      1
   0.16609    0.14711    0.13003    0.13465      1
  -0.15905    0.15375   -0.07676    0.07596      1
   0.16087    0.15282    0.13245    0.12584      3
   0.16272    0.15085    0.11770    0.11647      1
  -0.07685    0.15433   -0.05682    0.11346      1
   0.15689    0.15690    0.13079    0.15810      1
   0.15903    0.15473    0.12855    0.13560      4
   0.14877    0.16424    0.16988    0.09071      1
  -0.14249    0.16927   -0.07505   -0.13331      3
  -0.14006    0.16721    0.04291   -0.12323      1
   0.14545    0.16720    0.11957    0.14625      3
   0.14618    0.16657    0.01086    0.19423      2
  -0.13991    0.17143   -0.13016    0.09793      2
  -0.13712    0.17362   -0.16712    0.18135      3
  -0.02047    0.17118   -0.02806    0.13984      2
  -0.00147    0.17240   -0.00610    0.12044      1
   0.01912    0.17134    0.01801    0.12197      1
   0.14123    0.17069    0.09752    0.17425      2
  -0.13466    0.17498   -0.15053   -0.02566      2
   0.12517    0.18321    0.13416    0.14437      1
   0.10291    0.19626    0.10122    0.18261      1
   0.09560    0.19999    0.10693    0.18020      2
   0.08322    0.20545    0.06924    0.11167      1
  -0.07104    0.21012   -0.11136    0.24100      1
  -0.03369    0.21912   -0.05755    0.12805      1
  -0.01122    0.22154   -0.02211    0.21033      1
  -0.00940    0.22162   -0.01160    0.13810      1
   0.02337    0.22055    0.04980    0.11081      1
   0.02614    0.22021    0.01440    0.14960      1
