  -0.02015   -0.21955   -0.00810   -0.15773      2
  -0.01544   -0.21908    0.02886   -0.18829      2
  -0.01167   -0.22006    0.02533   -0.21094      2
  -0.00749   -0.21886    0.02073   -0.19354      6
  -0.00378   -0.21831   -0.00070   -0.18755      8
   0.00000   -0.21919    0.01804   -0.19074      9
   0.00408   -0.21827    0.04296   -0.19487     36
   0.00762   -0.21823    0.04235   -0.18926     52
   0.01169   -0.21811    0.03565   -0.19056     20
   0.01617   -0.21868    0.05331   -0.20102     20
   0.01934   -0.21939    0.03011   -0.20647      4
   0.02986   -0.21801    0.02732   -0.12852      1
  -0.04409   -0.21633    0.03214   -0.17343      1
  -0.03941   -0.21492   -0.28124   -0.22697      3
  -0.03637   -0.21640   -0.01169   -0.17149      3
  -0.02781   -0.21741   -0.00777   -0.11403      1
  -0.02283   -0.21714   -0.01192   -0.16854      3
  -0.02029   -0.21745    0.02793   -0.20709      3
  -0.01530   -0.21765   -0.01160   -0.20756      5
  -0.00675   -0.21738    0.02595   -0.20745      3
   0.00389   -0.21750    0.04151   -0.19854      4
   0.00794   -0.21797    0.04098   -0.19756      2
   0.01226   -0.21786    0.04003   -0.18599      5
   0.01692   -0.21797    0.03041   -0.20747      4
   0.02016   -0.21774    0.04034   -0.21771      5
   0.02262   -0.21761    0.04741   -0.20791      2
   0.02902   -0.21555    0.06469   -0.18131     13
   0.03219   -0.21661    0.05304   -0.20267      9
   0.03606   -0.21710    0.06220   -0.18903      2
   0.04092   -0.21565    0.04099   -0.18397      6
   0.04207   -0.21581    0.07475   -0.19783      3
   0.04852   -0.21468    0.05532   -0.13760      2
  -0.05414   -0.21300   -0.03960    0.00000      1
   0.05254   -0.21294   -0.31503   -0.19381      1
   0.05626   -0.21244    0.06619   -0.13195      3
  -0.07734   -0.20773   -0.06548   -0.15610      3
   0.06850   -0.20971    0.07922   -0.19220      1
  -0.08739   -0.20234   -0.11193   -0.20445      1
  -0.07885   -0.20225   -0.07513   -0.16489     11
  -0.07764   -0.20272   -0.07586   -0.19471      2
   0.07563   -0.20418    0.03201   -0.14236      2
   0.08052   -0.20404   -0.07656   -0.23695      2
   0.08599   -0.20297    0.12444   -0.18310      1
  -0.08940   -0.20054   -0.07601   -0.18508      4
  -0.07987   -0.20182   -0.07409   -0.19881      4
   0.08592   -0.20174    0.10477   -0.12938      1
   0.09286   -0.19940    0.09214   -0.19178      3
  -0.09540   -0.19542   -0.06553   -0.16831      3
   0.10102   -0.19524    0.09202   -0.15547      3
   0.10245   -0.19441    0.11354   -0.17957      6
  -0.10331   -0.19373   -0.09310   -0.15193      1
  -0.09808   -0.19358   -0.09173   -0.19851      1
   0.10520   -0.19295    0.09227   -0.16834     23
   0.10731   -0.19185    0.10199   -0.16853     15
  -0.10571   -0.18993   -0.06530   -0.14133      1
   0.11217   -0.18929    0.09477   -0.17383      1
   0.11643   -0.18654    0.07064   -0.14677      1
   0.11777   -0.18565    0.07899   -0.15570      1
   0.12034   -0.18428    0.11879   -0.18304      2
   0.12331   -0.18205    0.13113   -0.12977      1
  -0.00656   -0.17970    0.00449   -0.15750      4
   0.12645   -0.18086    0.11156   -0.16790      1
  -0.12628   -0.17737   -0.21185   -0.25337      1
  -0.12588   -0.17765   -0.12762   -0.18638      1
   0.12948   -0.17775    0.11780   -0.20736      1
   0.13191   -0.17585    0.11956   -0.11339      2
   0.13493   -0.17471    0.09981   -0.14965      4
  -0.13080   -0.17389   -0.13889   -0.14016      3
   0.13493   -0.17326    0.14407   -0.11667      5
   0.13809   -0.17083    0.15709   -0.14294      1
  -0.14092   -0.16629   -0.11563   -0.14027      1
   0.14076   -0.16955    0.13082   -0.16865      6
   0.14333   -0.16632    0.12191   -0.14198      2
  -0.14347   -0.16383   -0.18539   -0.21326      1
   0.14425   -0.16547    0.10832   -0.09350      1
   0.14658   -0.16475    0.13076   -0.14625      1
   0.15161   -0.16207    0.16970   -0.14908      1
   0.14962   -0.16003    0.13119   -0.11485      2
   0.15142   -0.15955    0.13802   -0.16235      4
   0.15430   -0.15812    0.10500   -0.15278      1
  -0.15188   -0.15643   -0.14513   -0.12795      3
   0.15222   -0.15785    0.19619   -0.10257      1
   0.15585   -0.15567    0.16156   -0.10126      7
  -0.15580   -0.15263   -0.15434   -0.14193      2
   0.16069   -0.15307    0.12338   -0.12987      5
   0.16285   -0.15075    0.15709   -0.14294      1
   0.16418   -0.14830    0.15112   -0.11509      6
   0.16659   -0.14620    0.09458   -0.07769      1
   0.16729   -0.14509    0.15853   -0.12947      7
  -0.16743   -0.13942   -0.17115   -0.10994      2
  -0.03365   -0.14039    0.02719   -0.05179      1
   0.17089   -0.13923    0.14677   -0.11714      2
  -0.16921   -0.13693   -0.14677   -0.12137      2
  -0.11824   -0.13526   -0.15055   -0.12858      1
   0.17397   -0.13407    0.14818   -0.05335      1
  -0.17434   -0.13069   -0.21687   -0.11158      2
  -0.17321   -0.13207   -0.17452   -0.11028      2
  -0.11972   -0.13167   -0.26570   -0.26756      1
   0.05887   -0.13167    0.05367   -0.13555      1
  -0.17542   -0.12938   -0.17150   -0.12830      1
   0.17897   -0.12807    0.17313   -0.08880      2
  -0.01187   -0.12242    0.00769   -0.11051      9
  -0.00695   -0.12267    0.01761   -0.09386      9
  -0.00358   -0.12269    0.01428   -0.10766     25
   0.00028   -0.12268    0.01436   -0.10409     31
   0.00391   -0.12264    0.02012   -0.10402      9
   0.00888   -0.12240    0.02716   -0.10399     46
   0.01117   -0.12226    0.02718   -0.09082     19
   0.18052   -0.12477    0.19181   -0.05267      8
   0.18210   -0.12227    0.21016   -0.07774      1
  -0.07257   -0.12140   -0.05831   -0.10349      1
  -0.03230   -0.11827   -0.01176   -0.17348      3
  -0.02652   -0.11972    0.09227   -0.12984      1
  -0.02461   -0.12074    0.16133   -0.10517      1
  -0.01958   -0.12128   -0.00863   -0.11530      4
  -0.01482   -0.12176    0.00082   -0.10205      2
  -0.00705   -0.11824    0.02845   -0.07775      1
   0.00244   -0.11837   -0.02468   -0.11712      1
   0.00705   -0.11813    0.02236   -0.10667      5
   0.01314   -0.12188    0.02824   -0.09017      4
   0.01680   -0.12142    0.02784   -0.10699     57
   0.01939   -0.12110    0.02741   -0.10387     91
   0.02314   -0.12043    0.03573   -0.10359     36
   0.02804   -0.11954    0.04060   -0.10742     28
   0.03139   -0.11870    0.04083   -0.08749     18
   0.18522   -0.12042    0.18805   -0.10253      1
   0.18629   -0.11845    0.18388   -0.11669      1
  -0.04308   -0.11577   -0.02687   -0.11127      4
  -0.02130   -0.11637    0.00262   -0.10706      1
  -0.01661   -0.11650   -0.00862   -0.09674      2
  -0.01146   -0.11431    0.00146   -0.09207     22
  -0.00705   -0.11673    0.01595   -0.09709      8
  -0.00402   -0.11509    0.01533   -0.10216     36
   0.00054   -0.11438    0.01429   -0.09510    134
   0.00401   -0.11449    0.02795   -0.09372    362
   0.00766   -0.11692    0.03040   -0.09864    146
   0.01111   -0.11710    0.02845   -0.09891     59
   0.01649   -0.11696    0.02813   -0.10299     75
   0.01890   -0.11657    0.02794   -0.08683     42
   0.02397   -0.11571    0.03560   -0.09572     22
   0.02924   -0.11433    0.03029   -0.08097      4
   0.03094   -0.11419    0.04554   -0.08825      6
   0.03528   -0.11748    0.04011   -0.10523      9
   0.03959   -0.11627    0.04151   -0.09360      8
   0.04433   -0.11441    0.06780   -0.09429      5
   0.08886   -0.11660    0.05312   -0.06467      1
   0.18680   -0.11506    0.17001   -0.07392      1
  -0.13540   -0.11373   -0.14581   -0.12181      2
  -0.05025   -0.11201   -0.03635   -0.08010      2
  -0.04881   -0.11286   -0.05039   -0.11528      5
  -0.02273   -0.11153   -0.01066   -0.08936      1
  -0.02047   -0.11319    0.00020   -0.09719      5
  -0.01489   -0.11287    0.01769   -0.10243      4
  -0.01128   -0.11309    0.00686   -0.10957      8
  -0.00875   -0.11297    0.00516   -0.10442     18
  -0.00372   -0.11329    0.01810   -0.09892     29
   0.00093   -0.11342    0.01742   -0.09060     38
   0.00399   -0.11362    0.02591   -0.09553    101
   0.00665   -0.11362    0.02171   -0.09170     27
   0.01105   -0.11062    0.02241   -0.09081      4
   0.01587   -0.11094    0.02195   -0.08747      3
   0.01869   -0.11049    0.03352   -0.08642      1
   0.02370   -0.11063    0.01417   -0.11311      3
   0.02781   -0.11232    0.04142   -0.09055      5
   0.03212   -0.11335    0.04166   -0.08297      9
   0.03651   -0.11252    0.06636   -0.12131      2
   0.03960   -0.11143    0.04014   -0.08165      6
   0.04572   -0.11390    0.05450   -0.10250      1
   0.04845   -0.11279    0.05328   -0.10213     23
   0.05109   -0.11157    0.05701   -0.09880     31
   0.05452   -0.11006    0.05899   -0.09367      7
   0.19038   -0.11200    0.19566   -0.08015      5
  -0.18853   -0.10823   -0.18084   -0.10873      2
  -0.05777   -0.10832   -0.04058   -0.09423      1
  -0.01600   -0.10953   -0.02536   -0.10404      1
  -0.00367   -0.10988    0.01911   -0.08005      3
   0.00157   -0.10993    0.02053   -0.08470      6
   0.00972   -0.10998    0.00478   -0.09437      1
   0.01363   -0.10924    0.03122   -0.08169     45
   0.01467   -0.10907    0.03360   -0.07828     49
   0.01833   -0.10881    0.03208   -0.08021      1
   0.02343   -0.10892    0.03997   -0.08203     10
   0.02965   -0.10687    0.03694   -0.07755      3
   0.03155   -0.10714    0.05134   -0.08943      8
   0.03667   -0.10700    0.04404   -0.09663      5
   0.03992   -0.10701    0.02994   -0.09410      2
   0.04362   -0.10703    0.04127   -0.08795     33
   0.05742   -0.10859    0.06653   -0.10308     88
   0.05878   -0.10786    0.06716   -0.10091    240
   0.18991   -0.10909    0.20752   -0.07837      2
   0.19446   -0.10624    0.18400   -0.06806      1
  -0.19152   -0.10355   -0.18548   -0.09911      2
  -0.14658   -0.10210   -0.14577   -0.17372      1
  -0.14284   -0.10596   -0.16480   -0.10138      1
  -0.04460   -0.10504   -0.02477   -0.09119      5
   0.03134   -0.10555    0.05341   -0.07685      1
   0.03728   -0.10446    0.03649   -0.08446      4
   0.03951   -0.10399    0.04278   -0.09222     27
   0.04437   -0.10478    0.04889   -0.08801     11
   0.04655   -0.10436    0.06396   -0.09034      1
   0.05894   -0.10247    0.05482   -0.06793      1
   0.06507   -0.10436    0.07064   -0.09871      5
   0.06746   -0.10290    0.07480   -0.10318      8
   0.09201   -0.10327    0.12121   -0.10425      3
   0.19281   -0.10365    0.17711   -0.06817      2
   0.19621   -0.10212    0.25367   -0.10110      2
  -0.19322   -0.09926   -0.17484   -0.09852      1
  -0.14740   -0.10165   -0.14268   -0.10674      1
  -0.05394   -0.09817   -0.03463   -0.08792      1
  -0.04843   -0.09876   -0.02394   -0.07831      1
  -0.00354   -0.09865    0.01872   -0.09192     11
   0.00000   -0.09893    0.01525   -0.10108     14
   0.00285   -0.09847    0.01934   -0.09113      5
   0.00831   -0.09820    0.02918   -0.09153      4
   0.01273   -0.09815    0.03346   -0.07926     78
   0.04561   -0.10187    0.03943   -0.05589      1
   0.04835   -0.09924    0.05437   -0.07944      6
   0.06941   -0.10143    0.08019   -0.09160      2
   0.07284   -0.09897    0.06838   -0.08976     16
   0.07410   -0.09849    0.08821   -0.09639      2
   0.19749   -0.10080    0.18680   -0.08911      2
   0.19835   -0.09881    0.19723   -0.07781      4
  -0.19581   -0.09464   -0.18807   -0.09861      2
  -0.15278   -0.09524   -0.18021   -0.10363      1
  -0.14666   -0.09781   -0.15437   -0.10102      1
  -0.05535   -0.09498   -0.03687   -0.09358      3
  -0.05388   -0.09780   -0.03595   -0.06650      1
  -0.01466   -0.09542    0.01328   -0.10127      2
  -0.01213   -0.09475    0.01427   -0.09741      4
  -0.00715   -0.09451    0.00131   -0.09358      7
  -0.00334   -0.09789    0.01438   -0.08639     25
  -0.00096   -0.09651    0.01450   -0.08837     24
   0.00466   -0.09706    0.02827   -0.08540      2
   0.00740   -0.09687    0.02700   -0.10096      4
   0.01355   -0.09786    0.03079   -0.08377     39
   0.01486   -0.09768    0.03334   -0.07798     38
   0.02061   -0.09572    0.03242   -0.09309      7
   0.02341   -0.09495    0.03620   -0.08748     19
   0.02641   -0.09419    0.04096   -0.08719     15
   0.05677   -0.09455    0.07939   -0.06498      1
   0.07221   -0.09621    0.08359   -0.08238      2
   0.07589   -0.09658    0.07233   -0.08948     27
   0.07859   -0.09445    0.08125   -0.09803      8
   0.14572   -0.09700    0.15712   -0.08962      1
   0.19745   -0.09735    0.20151   -0.08019      3
   0.19903   -0.09702    0.19861   -0.07671      6
  -0.19990   -0.09140   -0.18588   -0.08933      3
  -0.19709   -0.09127    0.01729   -0.11997      3
  -0.14888   -0.09361   -0.12678   -0.07379      1
  -0.06624   -0.09077   -0.32920   -0.16056      1
  -0.06397   -0.09045   -0.04926   -0.07747      8
  -0.05980   -0.09341   -0.04503   -0.08613      1
  -0.05781   -0.09353   -0.02440   -0.07250      1
  -0.03974   -0.09010   -0.02557   -0.08158      1
  -0.03580   -0.09174   -0.01741   -0.09007    102
  -0.01498   -0.09382    0.01462   -0.07966      1
   0.02495   -0.09390    0.04006   -0.09233      4
   0.02846   -0.09123    0.05426   -0.09607      4
   0.03223   -0.09165    0.04109   -0.09268     12
   0.03503   -0.09221    0.04127   -0.07997      3
   0.03999   -0.09014    0.05475   -0.08112      2
   0.05903   -0.09330    0.05329   -0.10415      1
   0.06542   -0.09057   -0.15493   -0.19758      1
   0.07204   -0.09180    0.06638   -0.08238      5
   0.07482   -0.09108    0.07098   -0.08511     10
   0.08031   -0.09274    0.07917   -0.07917     30
   0.08291   -0.09042    0.08765   -0.07791     12
   0.20150   -0.09247    0.20775   -0.07777      7
   0.20244   -0.09085    0.21031   -0.08674      3
  -0.07048   -0.08874   -0.04681   -0.07791      1
  -0.06656   -0.08797   -0.05188   -0.08000      9
  -0.06517   -0.08861   -0.03858   -0.08199      5
  -0.04788   -0.08638   -0.02363   -0.08029      3
  -0.04355   -0.08882   -0.02496   -0.08887      8
  -0.03981   -0.08725   -0.01797   -0.08872     10
   0.03395   -0.08971    0.04572   -0.10616      2
   0.03610   -0.08773    0.04016   -0.09874      2
   0.04151   -0.08935    0.04619   -0.08171     13
   0.04446   -0.08702    0.05390   -0.07598     26
   0.04682   -0.08662    0.05564   -0.07685     35
   0.06698   -0.08947    0.10157   -0.09222      2
   0.07745   -0.08869    0.06623   -0.06485      1
   0.07867   -0.08780    0.05398   -0.07029      6
   0.08463   -0.08906    0.08407   -0.07803     39
   0.08734   -0.08698    0.09447   -0.08015     16
   0.20358   -0.08785    0.20514   -0.07075     21
  -0.15918   -0.08364   -0.18021   -0.10363      1
  -0.07261   -0.08542   -0.05600   -0.08837      8
  -0.05093   -0.08247   -0.03891   -0.08301      8
  -0.04864   -0.08552   -0.03878   -0.08021      3
  -0.04533   -0.08423   -0.03142   -0.08325      2
  -0.00302   -0.08210    0.00360   -0.08385      2
   0.04532   -0.08581    0.04931   -0.08271     13
   0.04782   -0.08501    0.05511   -0.07842     10
   0.05059   -0.08426    0.06696   -0.08150      6
   0.06913   -0.08284    0.08018   -0.04615      2
   0.08115   -0.08584    0.08962   -0.09413      2
   0.08934   -0.08528    0.10082   -0.07880      8
   0.09099   -0.08322    0.09871   -0.08875     14
   0.11484   -0.08310    0.20864   -0.19456      1
   0.20511   -0.08460    0.19875   -0.06566     16
   0.20609   -0.08227    0.33986   -0.04535      1
  -0.20130   -0.08129   -0.19640   -0.11339      1
  -0.07996   -0.08009   -0.06379   -0.07850     10
  -0.05929   -0.07926   -0.05051   -0.06216      1
  -0.05131   -0.07997   -0.03585   -0.06429      4
  -0.02294   -0.07828   -0.00851   -0.08457      4
  -0.01909   -0.07826    0.00539   -0.08256      5
  -0.01447   -0.07999    0.00627   -0.08604     21
  -0.01230   -0.08039    0.00962   -0.08391     39
  -0.00882   -0.08120    0.00675   -0.08787      9
   0.00106   -0.07962    0.03909   -0.07805      1
   0.01847   -0.07988    0.01954   -0.09521      1
   0.05214   -0.08068    0.05544   -0.07241      8
   0.05690   -0.08049    0.06240   -0.06842     30
   0.05821   -0.07942    0.04842   -0.07046      3
   0.06813   -0.08060   -0.09883   -0.12882      2
   0.07032   -0.07824    0.09877   -0.08800      1
   0.07575   -0.07833    0.07895    0.07758      1
   0.09300   -0.08085    0.08852   -0.07230     13
   0.09458   -0.07864    0.09467   -0.08584      5
   0.20523   -0.07993    0.16559   -0.03884      1
   0.20680   -0.08048    0.21030   -0.07386     15
  -0.16437   -0.07418   -0.18009   -0.09058      1
  -0.08332   -0.07603   -0.05042   -0.06453      1
  -0.06326   -0.07543   -0.04306   -0.07153     10
  -0.06061   -0.07632   -0.04098   -0.08059      2
  -0.05586   -0.07760   -0.05501   -0.07683      1
  -0.03202   -0.07482   -0.02391   -0.07026     24
  -0.02761   -0.07577   -0.01055   -0.06297      6
  -0.02463   -0.07769   -0.01246   -0.08324     10
  -0.02012   -0.07752   -0.01163   -0.06466      1
   0.00769   -0.07676    0.01243   -0.06908      1
   0.01171   -0.07602    0.02870   -0.08529      1
   0.02971   -0.07658    0.04438   -0.07463      2
   0.03208   -0.07533    0.04403   -0.07502     58
   0.03411   -0.07412    0.04841   -0.05688      1
   0.05750   -0.07563    0.05159   -0.06883     20
   0.06033   -0.07581    0.05579   -0.04711      4
   0.07361   -0.07439    0.09173   -0.07115      1
   0.09679   -0.07573    0.09980   -0.06436     10
   0.20485   -0.07655    0.22869   -0.05189      2
   0.20848   -0.07575    0.20833   -0.08758     14
  -0.20499   -0.07159   -0.24028   -0.00126      1
  -0.12815   -0.07213   -0.14000   -0.06484      2
  -0.08657   -0.07232   -0.08148   -0.07215      3
  -0.08574   -0.07256   -0.07132   -0.07424      3
  -0.06503   -0.07162   -0.04997   -0.06488      8
  -0.04287   -0.07018   -0.04437   -0.05717      2
  -0.03850   -0.07105   -0.02525   -0.06466     79
  -0.03707   -0.07219   -0.02525   -0.06705     61
  -0.03391   -0.07313   -0.00534   -0.11327      1
  -0.02260   -0.07218   -0.01164   -0.04963      7
   0.02970   -0.07357    0.04137   -0.07592      3
   0.03624   -0.07345    0.05437   -0.07758      9
   0.03931   -0.07071    0.04129   -0.09201     36
   0.06151   -0.07284    0.06821   -0.07902      3
   0.06301   -0.07114    0.06614   -0.05962      9
   0.06772   -0.07056    0.06171   -0.08946      2
   0.08518   -0.07110    0.05333    0.08340      1
   0.08931   -0.07227    0.07962   -0.04746      1
   0.09122   -0.07366    0.08857   -0.06019      1
   0.10023   -0.07078    0.11789   -0.05541      9
   0.20968   -0.07261    0.18412   -0.06510      5
   0.21048   -0.07022    0.17229   -0.06339      3
  -0.16739   -0.06722   -0.19349   -0.03238      1
  -0.16290   -0.06881   -0.16579   -0.04536      1
  -0.09065   -0.06611   -0.07618   -0.06461      3
  -0.08923   -0.06744   -0.08310   -0.05946      8
  -0.08568   -0.06911   -0.07632   -0.07767      1
  -0.06730   -0.06808   -0.06972   -0.07150      2
  -0.06538   -0.06890   -0.05010   -0.04249      1
  -0.04660   -0.06688   -0.03135   -0.07009      2
  -0.04369   -0.06706   -0.03746   -0.05438     54
  -0.04076   -0.06891   -0.03445   -0.05940    161
  -0.03174   -0.06729   -0.01194   -0.06466     11
  -0.02765   -0.06941   -0.01172   -0.05303     17
  -0.02402   -0.06943   -0.00520   -0.06286     10
  -0.02011   -0.06837   -0.00667   -0.05358      7
  -0.01580   -0.06823   -0.00397   -0.06510      6
  -0.01253   -0.06790   -0.00839   -0.05523     20
  -0.00683   -0.06700   -0.02090    0.09044      5
  -0.00494   -0.06705   -0.00894   -0.03892      6
   0.01373   -0.06649    0.02809    0.10707      1
   0.02412   -0.06700    0.02821   -0.06427      1
   0.04110   -0.06925    0.03002   -0.10072     82
   0.04421   -0.06790    0.05312   -0.07758     29
   0.04691   -0.06729    0.04912   -0.08105      7
   0.06536   -0.06876    0.08123   -0.05336      1
   0.06787   -0.06745    0.06232   -0.07000      4
   0.07247   -0.06674    0.08287   -0.06260      5
   0.07582   -0.06921    0.07946   -0.04946      1
   0.07929   -0.06677    0.05342   -0.04827      1
   0.09590   -0.06736    0.09343   -0.05752      2
   0.10107   -0.06959    0.09997   -0.06659      9
   0.10303   -0.06711    0.11195   -0.05376      4
   0.12230   -0.06838    0.15785   -0.01298      1
   0.20921   -0.06624    0.17843   -0.05353      1
   0.21107   -0.06846    0.20854   -0.07647      9
  -0.13075   -0.06553   -0.01935   -0.15539      1
  -0.09051   -0.06510   -0.08862   -0.07074      3
  -0.07533   -0.06309   -0.07140   -0.05803      4
  -0.07354   -0.06227   -0.06311   -0.06289      1
  -0.05079   -0.06293   -0.04808   -0.04973     27
  -0.04823   -0.06441   -0.04289   -0.05352     42
  -0.04548   -0.06585   -0.02461   -0.06133      7
  -0.03557   -0.06396   -0.01567   -0.05326     37
  -0.00270   -0.06361    0.00428   -0.05824     20
   0.00108   -0.06223    0.01434   -0.06680      3
   0.00295   -0.06203    0.03729   -0.04615      2
   0.01301   -0.06212    0.01597   -0.07849      1
   0.02535   -0.06516    0.04136   -0.04008      1
   0.02883   -0.06333    0.04756   -0.05132      2
   0.03627   -0.06251    0.02802   -0.02669      1
   0.04008   -0.06510    0.06880   -0.08556      1
   0.04559   -0.06543    0.05371   -0.06983      9
   0.04777   -0.06357    0.05527   -0.06787      8
   0.05181   -0.06351    0.06253   -0.06823      4
   0.06919   -0.06442    0.08909   -0.03364      2
   0.07250   -0.06530    0.07580   -0.04682      1
   0.07513   -0.06369    0.08640   -0.05169      3
   0.09780   -0.06486    0.09856   -0.06303      1
   0.09918   -0.06441    0.08535   -0.05190      1
   0.10447   -0.06435    0.10546   -0.05442      5
   0.10625   -0.06244    0.09519   -0.05767      3
   0.21211   -0.06496    0.20798   -0.07162      4
  -0.09264   -0.05950   -0.09688   -0.05897      2
  -0.07892   -0.05956   -0.04476   -0.09528      2
  -0.07717   -0.05844   -0.06596   -0.04383      3
  -0.07281   -0.06105   -0.29365   -0.20032      1
  -0.05543   -0.05976   -0.04918   -0.05627     24
  -0.05320   -0.06144   -0.05048   -0.05969     29
  -0.03867   -0.06095   -0.02471   -0.05216     86
  -0.03799   -0.06158   -0.02451   -0.06192      1
  -0.00318   -0.06041    0.01025   -0.06200     27
   0.02159   -0.05981    0.04131   -0.05994      2
   0.02513   -0.05943    0.03995   -0.06257      2
   0.02896   -0.05902    0.04009   -0.06094     70
   0.03344   -0.05869    0.04018   -0.05971    132
   0.03613   -0.05929    0.04262   -0.05729    398
   0.03882   -0.05935    0.04122   -0.05342    161
   0.04393   -0.06005    0.05342   -0.05079     10
   0.04887   -0.05996    0.05604   -0.06352     33
   0.05119   -0.05894    0.06049   -0.06526     55
   0.05580   -0.05937    0.06623   -0.06485      9
   0.05815   -0.05802    0.06554   -0.06554      1
   0.07743   -0.05968    0.09606   -0.05032      2
   0.08111   -0.06136    0.07910   -0.03244      1
   0.08980   -0.06064    0.03878   -0.04964      1
   0.09524   -0.05807    0.10162   -0.05796      1
   0.10242   -0.05806    0.08404   -0.05231      1
   0.10708   -0.06074    0.09716   -0.04655      4
   0.13167   -0.05998    0.13548   -0.08205      1
   0.21172   -0.06175    0.22168   -0.07762      2
  -0.10913   -0.05599   -0.09392   -0.06824      1
  -0.09629   -0.05472   -0.08174   -0.06569      4
  -0.08207   -0.05428   -0.09887   -0.07809      1
  -0.08003   -0.05571   -0.06359   -0.04670     13
  -0.07790   -0.05602   -0.06672   -0.05345      1
  -0.05966   -0.05561   -0.05087   -0.04903     26
  -0.05757   -0.05685   -0.05288   -0.05018      9
  -0.04753   -0.05436   -0.03729   -0.05057      2
  -0.04315   -0.05622   -0.03341   -0.04032     25
  -0.04126   -0.05791   -0.02386   -0.04642      1
  -0.00388   -0.05655    0.01436   -0.05895     32
   0.00684   -0.05406    0.00199    0.04289      2
   0.02944   -0.05763    0.04032   -0.05213     22
   0.03329   -0.05707    0.04484   -0.06384     80
   0.03507   -0.05576    0.05040   -0.06019    286
   0.03973   -0.05639    0.06764   -0.03780      2
   0.04535   -0.05720    0.05484   -0.06123      7
   0.04785   -0.05732    0.06644   -0.05826      6
   0.05277   -0.05732    0.05856   -0.06674     33
   0.05571   -0.05489    0.06622   -0.05361     40
   0.05930   -0.05575    0.06778   -0.06142     43
   0.07787   -0.05716    0.06807   -0.06003      2
   0.08096   -0.05406    0.08248   -0.04423      1
   0.09299   -0.05616    0.06586   -0.05164      1
   0.10314   -0.05686   -0.03163   -0.18607      2
   0.10956   -0.05696    0.11944   -0.05261      6
   0.11068   -0.05471    0.12063   -0.04498     12
   0.13078   -0.05489    0.10506   -0.07275      1
   0.21273   -0.05618    0.05152   -0.01078      2
   0.21474   -0.05593    0.17120   -0.05685      3
  -0.21571   -0.05020   -0.21897   -0.06238      1
  -0.13252   -0.05005   -0.22789   -0.08430      1
  -0.11171   -0.05110   -0.10139   -0.05016     12
  -0.09868   -0.05305   -0.10152   -0.05814      1
  -0.09628   -0.05367   -0.06170   -0.05217      3
  -0.08356   -0.05181   -0.07618   -0.03926     15
  -0.08158   -0.05127   -0.07193   -0.04926     16
  -0.06369   -0.05121   -0.05940   -0.05097     13
  -0.06094   -0.05391   -0.05282   -0.05643      4
  -0.05055   -0.05075   -0.02811   -0.02709      9
  -0.04870   -0.05233   -0.03778   -0.05083     19
  -0.04447   -0.05274   -0.01040   -0.03258      1
  -0.02462   -0.05018   -0.02131   -0.05456      2
  -0.00378   -0.05319    0.01434   -0.04938     17
  -0.00082   -0.05096    0.00384   -0.05138     16
   0.01169   -0.05183    0.00974    0.04134      2
   0.02307   -0.05345    0.04508   -0.04902      1
   0.03374   -0.05309    0.04132   -0.05344     22
   0.03520   -0.05219    0.04860   -0.06165    315
   0.03819   -0.05212    0.04532   -0.06259      2
   0.05192   -0.05316    0.06630   -0.06390      5
   0.05514   -0.05157    0.06386   -0.05348     52
   0.05941   -0.05334    0.06807   -0.05336     44
   0.06288   -0.05165    0.07906   -0.05188      7
   0.08095   -0.05273    0.08085   -0.04995      8
   0.09254   -0.05307   -0.00671    0.15969      2
   0.09638   -0.05255    0.09582   -0.07580      4
   0.10571   -0.05257    0.09173   -0.05169      1
   0.11242   -0.05149    0.12038   -0.05191     29
   0.21583   -0.05150    0.20168   -0.11504      1
  -0.11232   -0.04977   -0.09132   -0.04866      2
  -0.09931   -0.04770   -0.10018   -0.03892      3
  -0.08619   -0.04752   -0.07621   -0.03235      1
  -0.08320   -0.04672   -0.07520   -0.04101     54
  -0.06637   -0.04780   -0.06271   -0.03916     10
  -0.06533   -0.04895   -0.05553   -0.04319     48
  -0.05478   -0.04938   -0.04428   -0.05666      2
  -0.05004   -0.04707   -0.03746   -0.06462      1
  -0.04396   -0.04794   -0.02533   -0.05071      2
  -0.03440   -0.04862   -0.00599   -0.03914      1
  -0.01578   -0.04662   -0.14578   -0.00127      1
  -0.00704   -0.04615    0.00173   -0.05180      3
  -0.00301   -0.04622    0.00384    0.01303     15
   0.00050   -0.04933    0.00776   -0.04707     12
   0.00315   -0.04699    0.01438   -0.04830     12
   0.01053   -0.04838   -0.01036    0.02590      1
   0.01710   -0.04859    0.01453    0.04637     11
   0.02035   -0.04910    0.01450    0.04167     22
   0.02406   -0.04956    0.01604    0.03907      3
   0.02928   -0.04956    0.00105    0.02686      4
   0.03387   -0.04852    0.04108   -0.05071     13
   0.03517   -0.04806    0.04677   -0.06018    212
   0.04094   -0.04742    0.01594    0.03960      2
   0.04575   -0.04618    0.02736    0.03907      1
   0.05780   -0.04942    0.05301   -0.06110      3
   0.05997   -0.04895    0.06831   -0.05188     31
   0.06446   -0.04688    0.07688   -0.05023      8
   0.08158   -0.04908    0.10735   -0.02608      2
   0.08438   -0.04750    0.08121   -0.06120      1
   0.08698   -0.04693   -0.02144   -0.00937      1
   0.09667   -0.04643    0.08695   -0.05344      8
   0.11345   -0.04911    0.13116   -0.04963     29
   0.11436   -0.04707    0.13035   -0.05186     27
   0.21493   -0.04792    0.22843   -0.03618      1
  -0.08746   -0.04336   -0.07348   -0.03903     15
  -0.08452   -0.04256   -0.06329   -0.04004     67
  -0.06801   -0.04567   -0.05180   -0.06109      1
  -0.04654   -0.04253   -0.03008   -0.03345      2
  -0.04284   -0.04403   -0.05650   -0.03854      1
  -0.03847   -0.04455   -0.02929   -0.02665      1
  -0.03719   -0.04479   -0.02531   -0.03964     26
  -0.03201   -0.04276   -0.03805   -0.02968      2
  -0.02472   -0.04518   -0.02476   -0.04697      1
  -0.00789   -0.04324   -0.00913   -0.04322     14
   0.00020   -0.04438    0.00110    0.02786      2
   0.00501   -0.04404    0.02082   -0.05209      8
   0.00948   -0.04331    0.01454    0.03972     11
   0.01194   -0.04375    0.01430    0.03598     16
   0.01528   -0.04527    0.01666    0.03972      5
   0.03564   -0.04352    0.04505   -0.05781    169
   0.04009   -0.04372    0.03680    0.05425      6
   0.04414   -0.04267    0.03429    0.05700     12
   0.04632   -0.04579   -0.00524    0.03925      1
   0.05525   -0.04208    0.05522   -0.04158      4
   0.06076   -0.04565    0.04027   -0.05191      1
   0.06464   -0.04342    0.08037   -0.04921     12
   0.06680   -0.04237    0.07106   -0.04172     34
   0.08424   -0.04250    0.09246   -0.02597      3
   0.10108   -0.04364    0.09486   -0.05200      7
   0.10307   -0.04420    0.08901   -0.02892      1
   0.10946   -0.04385    0.01743   -0.00939      1
   0.11548   -0.04407    0.11719   -0.04832     45
   0.21569   -0.04428    0.20207   -0.03563      1
  -0.09073   -0.03889   -0.09606   -0.03345      6
  -0.08915   -0.04041   -0.08797   -0.03890     13
  -0.08471   -0.04185   -0.06239   -0.01888      6
  -0.07129   -0.04079   -0.06844   -0.03827      8
  -0.04414   -0.03986   -0.03670   -0.03059      6
  -0.03993   -0.03941   -0.02540   -0.03604      4
  -0.03736   -0.03955   -0.02529   -0.03722      3
  -0.03191   -0.04020   -0.03309   -0.05254      1
  -0.02781   -0.04191   -0.02445   -0.02840      3
  -0.02414   -0.04180   -0.01190   -0.03965      1
  -0.02004   -0.04044   -0.01163   -0.06466      1
  -0.01454   -0.03810   -0.02119   -0.03969      1
  -0.01076   -0.03863   -0.01527    0.00263      6
  -0.00770   -0.03925   -0.01004    0.01280     34
  -0.00401   -0.03987   -0.01156    0.01854     17
  -0.00084   -0.03998   -0.00735    0.01484      6
   0.00467   -0.04143    0.00322    0.03111     26
   0.00828   -0.03997   -0.00399   -0.01950      2
   0.03660   -0.04099    0.05172   -0.05364     68
   0.04004   -0.04113    0.04127    0.05217     63
   0.04505   -0.04056    0.03899    0.05191     48
   0.04694   -0.03981    0.04086    0.05561     55
   0.05041   -0.03810    0.04031    0.06501      1
   0.05539   -0.04189    0.04305   -0.05164      3
   0.06155   -0.03820    0.08635   -0.04227      2
   0.06482   -0.04059    0.07921   -0.03894      6
   0.06882   -0.03874    0.06988   -0.03573     69
   0.07098   -0.04119    0.07662   -0.03225     10
   0.08565   -0.04142    0.08129   -0.04334     17
   0.08666   -0.04195    0.07403   -0.03903      1
   0.09108   -0.03825    0.08604   -0.02929      1
   0.10191   -0.04113    0.09210   -0.03628      1
   0.10651   -0.03906    0.09347   -0.02663      1
   0.11685   -0.04042    0.13116   -0.03890     33
  -0.09144   -0.03667   -0.08333   -0.05647      8
  -0.08892   -0.03609   -0.07691   -0.03522     15
  -0.07420   -0.03542   -0.00505   -0.04661      2
  -0.07369   -0.03660   -0.06525   -0.04813     22
  -0.06691   -0.03702   -0.04944   -0.03751      5
  -0.04667   -0.03676   -0.04375   -0.03606      1
  -0.04486   -0.03685   -0.05256   -0.03365      2
  -0.03705   -0.03635   -0.03845   -0.03183      2
  -0.03270   -0.03736   -0.02479   -0.03647      1
  -0.02374   -0.03499   -0.05085   -0.00672      2
  -0.02012   -0.03455   -0.01521   -0.01271     19
  -0.01778   -0.03581   -0.01417   -0.01952      7
  -0.01335   -0.03769   -0.02506    0.00263      1
   0.02092   -0.03407    0.01438   -0.00533     14
   0.03744   -0.03769    0.04301   -0.05042     17
   0.04019   -0.03529    0.04586   -0.04669     58
   0.04461   -0.03768    0.03338    0.05333     13
   0.04711   -0.03633    0.03006    0.05249    112
   0.05093   -0.03607    0.05406    0.01205      2
   0.06927   -0.03751    0.07517   -0.03845     69
   0.07077   -0.03506    0.07567   -0.03564     63
   0.09133   -0.03790    0.09740   -0.02592      1
   0.10688   -0.03460    0.10134   -0.03020      2
   0.11772   -0.03720    0.12017   -0.03360      8
   0.11823   -0.03610    0.12141   -0.04992      8
   0.21710   -0.03742    0.21343   -0.02659      1
   0.21915   -0.03475    0.16954   -0.05183      1
  -0.21940   -0.03197   -0.19361   -0.06516      1
  -0.13482   -0.03244    0.01460   -0.27859      1
  -0.09168   -0.03217   -0.07845   -0.03153      8
  -0.07573   -0.03066   -0.05230   -0.03464     23
  -0.07270   -0.03208   -0.07456   -0.03751      3
  -0.05803   -0.03164   -0.04783   -0.02090      1
  -0.03284   -0.03352   -0.03751   -0.03884      1
  -0.02623   -0.03018   -0.01210   -0.01211     25
  -0.02408   -0.03191   -0.01204   -0.01289    103
  -0.02148   -0.03372   -0.02265   -0.00931     18
   0.02143   -0.03360    0.02707   -0.00669     83
   0.02344   -0.03237    0.01859   -0.00150    344
   0.02622   -0.03018    0.01832    0.00131     17
   0.04074   -0.03258    0.05321   -0.03718     56
   0.04247   -0.03124    0.04161   -0.03741     27
   0.04794   -0.03189    0.04135    0.02625    178
   0.05040   -0.03027    0.03951    0.05021      7
   0.05670   -0.03162    0.04205    0.05472      3
   0.06455   -0.03220    0.08291   -0.01111      2
   0.07157   -0.03325    0.07651   -0.03871     30
   0.07496   -0.03163    0.08328   -0.02491     24
   0.11931   -0.03129    0.13137   -0.04864      7
   0.21778   -0.03266    0.18063   -0.02726      2
   0.21834   -0.03057    0.19816   -0.01191      8
  -0.21983   -0.02894    0.02718   -0.10359      1
  -0.13483   -0.02920   -0.12351    0.01298      1
  -0.12027   -0.02799   -0.12760   -0.00691      1
  -0.09421   -0.02785   -0.10354   -0.03875      3
  -0.09339   -0.02954   -0.07858   -0.04004      1
  -0.07584   -0.02815   -0.05222   -0.02571    500
  -0.07389   -0.02935   -0.05104   -0.00651      2
  -0.05468   -0.02962   -0.00667    0.05358      1
  -0.04509   -0.02906   -0.03192    0.03573      2
  -0.03026   -0.02613   -0.01180   -0.01311     23
  -0.02752   -0.02900   -0.01178   -0.01139    223
  -0.00652   -0.02940   -0.01984    0.01240      1
  -0.00482   -0.02755   -0.02333    0.01518      2
   0.02729   -0.02922    0.01752   -0.00392    380
   0.03014   -0.02625    0.01594   -0.01272      5
   0.04168   -0.02894    0.04420   -0.03038     25
   0.04329   -0.02765    0.04425   -0.03868     55
   0.04843   -0.02786    0.05431   -0.04113    106
   0.05202   -0.02706    0.05249   -0.01297    120
   0.05595   -0.02713    0.05732   -0.03339     22
   0.05867   -0.02720    0.06963   -0.03483    124
   0.06609   -0.02872    0.07112   -0.03484      1
   0.07509   -0.02843    0.07866   -0.02390      4
   0.11394   -0.02817    0.09756   -0.01025      1
   0.11423   -0.02774    0.10550   -0.03903      1
   0.12006   -0.02698    0.14994   -0.05636      5
   0.21846   -0.02742    0.20743   -0.04340      6
  -0.09533   -0.02209   -0.06360   -0.03173      2
  -0.09330   -0.02556   -0.03744   -0.01289      1
  -0.07623   -0.02584   -0.05508   -0.02335     92
  -0.05707   -0.02471   -0.03613    0.04013      1
  -0.04821   -0.02227   -0.03760   -0.02304      1
  -0.04458   -0.02387   -0.03007    0.00354      2
  -0.03455   -0.02306   -0.03876    0.04014      1
  -0.03110   -0.02512   -0.01990   -0.01239     72
  -0.01865   -0.02236    0.03980   -0.36048      1
  -0.01601   -0.02300   -0.01638   -0.01337     20
  -0.01354   -0.02315   -0.02348   -0.01301      5
   0.03170   -0.02437    0.02762   -0.01986     33
   0.03674   -0.02438    0.01474    0.02681      1
   0.04184   -0.02437    0.05345   -0.05345      1
   0.04401   -0.02400    0.05298   -0.03489    291
   0.04767   -0.02424    0.05466   -0.03649    153
   0.05140   -0.02423    0.05446   -0.03616    791
   0.05513   -0.02270    0.05722   -0.02890    757
   0.06140   -0.02473    0.06672   -0.02670    106
   0.06369   -0.02362    0.07411   -0.02604    100
   0.06673   -0.02487    0.06157   -0.01322      2
   0.07243   -0.02513    0.08539   -0.02395      2
   0.07633   -0.02351    0.08191   -0.02913      4
   0.09392   -0.02257    0.10976    0.00268      1
   0.12160   -0.02238    0.12629   -0.05257      3
   0.21931   -0.02388    0.22464   -0.03161      4
  -0.13986   -0.02083   -0.23230    0.03472      1
  -0.13604   -0.01866    0.05326    0.01328      1
  -0.09480   -0.02002   -0.08287   -0.02344      2
  -0.07593   -0.01848   -0.06112   -0.01326     18
  -0.07373   -0.01926   -0.05220    0.00000      1
  -0.04433   -0.01856   -0.03852    0.02652      9
  -0.03980   -0.02074   -0.02540    0.02608      7
  -0.03741   -0.02147   -0.03745    0.02669      2
  -0.03369   -0.02153   -0.01293   -0.00388      1
  -0.02208   -0.01894   -0.02655   -0.01330      1
  -0.01914   -0.01989   -0.01188   -0.01231     38
   0.03381   -0.02134    0.01768   -0.01056     10
   0.03470   -0.01985    0.02730   -0.00287     31
   0.04020   -0.02073    0.04420   -0.02603      1
   0.04555   -0.02010    0.04971   -0.02646     39
   0.04814   -0.01956    0.05452   -0.02539     57
   0.05042   -0.02188    0.05500   -0.02549      3
   0.05638   -0.02168    0.05338   -0.02059    151
   0.05882   -0.02153    0.06098   -0.01959     14
   0.06529   -0.02105    0.06821   -0.01762     88
   0.06671   -0.01931    0.07279   -0.01735    240
   0.07754   -0.02085    0.07750   -0.02434      8
   0.07888   -0.01822    0.08221   -0.01751      2
   0.09585   -0.01933    0.08599   -0.02327      2
   0.10998   -0.01825    0.12129   -0.02667      1
   0.11141   -0.01848    0.10460   -0.03622      1
   0.12158   -0.01897    0.12225   -0.03048      3
   0.12216   -0.01914    0.13043   -0.05538      2
  -0.12253   -0.01613   -0.11413   -0.01563      1
  -0.09393   -0.01781   -0.08936   -0.02592      5
  -0.07966   -0.01661   -0.08562   -0.03306     10
  -0.07544   -0.01560   -0.06016   -0.01292     97
  -0.07372   -0.01651   -0.12562   -0.14413      2
  -0.06588   -0.01411   -0.04947    0.05475      1
  -0.04753   -0.01544   -0.03617    0.02712      9
  -0.04579   -0.01737   -0.02407    0.01996      4
  -0.03805   -0.01623   -0.03727    0.01802      1
  -0.03628   -0.01680   -0.02482   -0.01324      5
   0.00172   -0.01562   -0.25203   -0.24940      1
   0.03664   -0.01576    0.02497   -0.00511     49
   0.04568   -0.01510    0.05704   -0.01913     33
   0.04666   -0.01551    0.05901   -0.02470    169
   0.05395   -0.01503    0.06787   -0.02660      1
   0.05724   -0.01663    0.04574    0.03948     48
   0.05928   -0.01640    0.05391    0.05364      8
   0.06595   -0.01668    0.05880    0.00000      7
   0.06735   -0.01681    0.07037   -0.01869    128
   0.07789   -0.01602    0.09479   -0.03569      2
   0.08042   -0.01506    0.08314   -0.01932      4
   0.09490   -0.01491    0.09602   -0.02006      1
   0.12190   -0.01694    0.12342   -0.02878     13
   0.12228   -0.01518    0.12918   -0.02647      7
   0.21932   -0.01489    0.05798   -0.06635      2
  -0.09445   -0.01197   -0.09155   -0.01450      3
  -0.07886   -0.01172   -0.08539   -0.01350      6
  -0.07522   -0.01247   -0.06004   -0.01048     52
  -0.05049   -0.01210   -0.04510    0.03865      1
  -0.03871   -0.01197   -0.02478   -0.00535      3
   0.01181   -0.01257    0.02829    0.00000     15
   0.03774   -0.01299    0.03106   -0.01107     20
   0.03839   -0.01118    0.03716   -0.00656     40
   0.04416   -0.01246    0.05493   -0.01911    221
   0.04650   -0.01354    0.05551   -0.01877     57
   0.05380   -0.01302    0.07941   -0.01045      5
   0.05467   -0.01115    0.06615   -0.01730     12
   0.05894   -0.01092    0.04494    0.03880     39
   0.06566   -0.01225    0.04746    0.05406      2
   0.06809   -0.01128    0.07082   -0.00584    162
   0.07721   -0.01075    0.09445   -0.01991      2
   0.07871   -0.01015    0.09950   -0.01745      2
   0.11370   -0.01310    0.11763   -0.00781      1
   0.12247   -0.01317    0.12713   -0.01891      4
   0.21945   -0.01315    0.20787   -0.01317     11
  -0.07852   -0.00861   -0.05592   -0.00661      8
  -0.07600   -0.00752   -0.05722   -0.00440     52
  -0.07356   -0.00881   -0.05129    0.00072      1
  -0.05295   -0.00740   -0.03815    0.02632      2
  -0.03883   -0.00952   -0.03587   -0.02039      3
   0.01212   -0.00720    0.06973   -0.03778      9
   0.01573   -0.00725    0.04131    0.00267      3
   0.03700   -0.00857   -0.21501    0.28533      1
   0.03948   -0.00689    0.03468   -0.00561    120
   0.04290   -0.00857    0.05458   -0.01299    123
   0.04621   -0.00920    0.05664   -0.01339      4
   0.05225   -0.00620    0.08759    0.00916      2
   0.05532   -0.00709    0.06628   -0.01649     53
   0.05987   -0.00791    0.04691    0.03872     48
   0.06505   -0.00712    0.04267    0.06990      1
   0.06730   -0.00931    0.07867    0.00256    115
   0.07381   -0.00654    0.07999   -0.00405      1
   0.07445   -0.00830    0.07713   -0.00323      2
   0.08070   -0.00908    0.09842   -0.02296      4
   0.09767   -0.00745    0.10808   -0.01327      1
   0.10537   -0.00771    0.09338    0.00643      2
   0.12265   -0.00760    0.12216    0.00545     24
   0.22036   -0.00714    0.18245   -0.02404      4
  -0.08081   -0.00532   -0.03744    0.01289      1
  -0.07657   -0.00475   -0.06277   -0.00456     96
  -0.07268   -0.00236   -0.05769    0.00337      4
  -0.06493   -0.00228   -0.02476    0.07806      3
  -0.04284   -0.00335   -0.04196   -0.01038      4
  -0.04147   -0.00283   -0.03852   -0.00533     17
   0.00427   -0.00203    0.02951   -0.00807      1
   0.00878   -0.00389    0.03104   -0.01328     17
   0.01574   -0.00313    0.03381   -0.01999     12
   0.03773   -0.00542    0.05508    0.01343      1
   0.03988   -0.00404    0.02737   -0.00541    758
   0.04263   -0.00515    0.05308   -0.00930     79
   0.05335   -0.00372    0.06451   -0.01334      8
   0.05513   -0.00408    0.06823   -0.01334    181
   0.06091   -0.00375    0.04678    0.03907     29
   0.06874   -0.00413    0.08119   -0.00278    171
   0.07012   -0.00407    0.05276   -0.02462      8
   0.07640   -0.00360   -0.09940    0.08827      2
   0.08165   -0.00403    0.05558    0.03706      4
   0.09695   -0.00274    0.09841   -0.01069      1
   0.12350   -0.00414    0.12689   -0.03988     11
   0.22010   -0.00465    0.18718    0.00000      1
  -0.07920   -0.00078   -0.07225   -0.00864      2
  -0.07693    0.00097   -0.07320   -0.00193     34
  -0.07282   -0.00150   -0.06157   -0.00900     17
  -0.06820    0.00179   -0.06334   -0.02331      1
  -0.06498   -0.00170   -0.03598    0.05908      6
  -0.05546   -0.00110   -0.03778    0.02606      1
  -0.04273    0.00087   -0.03877    0.00508      9
  -0.04158   -0.00017   -0.03469    0.00392     13
  -0.03467    0.00174   -0.25200    0.04262      1
  -0.00755    0.00120   -0.02405   -0.00830      2
   0.00167    0.00162    0.01604    0.02662      2
   0.00510   -0.00181    0.04004   -0.01108     14
   0.00691   -0.00176    0.02321   -0.01548      1
   0.01720    0.00040    0.01851    0.00000     28
   0.03997   -0.00064    0.02188   -0.00396    584
   0.05361    0.00094    0.05704   -0.01296      1
   0.05698    0.00085    0.06708   -0.00772    230
   0.05989    0.00152    0.06659   -0.00109    225
   0.06213    0.00183    0.07552    0.00563      8
   0.06918   -0.00073    0.08097   -0.00855     65
   0.07021   -0.00002    0.07869   -0.00652      8
   0.07620    0.00048    0.08162   -0.00671      3
   0.09703    0.00079    0.09999    0.01885      2
   0.10942    0.00164    0.09171   -0.00384      3
   0.12294    0.00002    0.12613   -0.00579     10
   0.22004    0.00027    0.19575   -0.01300      5
  -0.12349    0.00565   -0.11636    0.02389      1
  -0.09603    0.00493   -0.11894    0.01334      1
  -0.07955    0.00494   -0.07748    0.01519     16
  -0.07492    0.00378   -0.06431    0.00134     29
  -0.07151    0.00341   -0.05310    0.00000      1
  -0.05636    0.00262   -0.14051    0.06493      1
  -0.04330    0.00320   -0.03705   -0.00197      6
  -0.03985    0.00352   -0.02392    0.01029     16
  -0.00757    0.00498   -0.01182    0.00131     11
   0.01391    0.00556   -0.04907    0.20756      1
   0.01454    0.00454    0.04751   -0.03035      6
   0.03673    0.00546    0.14791    0.00000      3
   0.03986    0.00339    0.02146   -0.00406    684
   0.04208    0.00552    0.05421   -0.01148     14
   0.05701    0.00245    0.06799   -0.00471    107
   0.06009    0.00260    0.06447    0.00245    268
   0.06428    0.00460    0.06647    0.00000    359
   0.06711    0.00553    0.07293   -0.01128     28
   0.07027    0.00266    0.07869   -0.00916      3
   0.09500    0.00574    0.09383   -0.01119      1
   0.10911    0.00249    0.07942    0.00649      3
   0.11203    0.00343    0.12129    0.01343      3
   0.12259    0.00402    0.10268    0.03522      2
  -0.13525    0.00822   -0.20662   -0.10392      1
  -0.12316    0.00989   -0.12296    0.03134      1
  -0.07889    0.00705   -0.06135    0.00432     10
  -0.07571    0.00811   -0.06430    0.00515     19
  -0.07393    0.00638   -0.07353    0.02941      1
  -0.06951    0.00893   -0.06074    0.01291      1
  -0.06288    0.00975   -0.03538    0.03882     30
  -0.04736    0.00971   -0.01999    0.02663      1
  -0.04253    0.00621   -0.03574    0.00723      6
  -0.03924    0.00770   -0.02359    0.00000     15
  -0.02522    0.00817   -0.02132    0.01314      6
  -0.01360    0.00656   -0.01909    0.00670      2
  -0.00638    0.00688   -0.01693    0.01345     12
  -0.00338    0.00846   -0.01602    0.02288     10
  -0.00067    0.00917   -0.00125    0.01254      7
   0.01039    0.00962    0.05350   -0.04008     11
   0.03746    0.00887    0.12256    0.03353     10
   0.03948    0.00706    0.02877   -0.00254    201
   0.04251    0.00787    0.05264   -0.00987     66
   0.06190    0.00640    0.06945   -0.00111     10
   0.06427    0.00757    0.06842    0.00000    290
   0.06737    0.00731    0.07083   -0.00640    142
   0.07018    0.00960    0.06464    0.01294      3
   0.07960    0.00997    0.07802   -0.00655      1
   0.11239    0.00975    0.10763    0.01470      3
  -0.22157    0.01014   -0.20670    0.02942      1
  -0.12285    0.01202   -0.11668    0.01552      2
  -0.09498    0.01129   -0.10398   -0.00928      1
  -0.07830    0.01086   -0.06450    0.00621      1
  -0.07472    0.01332   -0.07311   -0.00064     20
  -0.06650    0.01248   -0.06369    0.01287      3
  -0.06290    0.01057   -0.03833    0.03983    274
  -0.05842    0.01210   -0.03617    0.02581      5
  -0.05797    0.01168   -0.04614    0.02974      1
  -0.03820    0.01181   -0.02468    0.01289    120
  -0.03769    0.01335   -0.02431    0.01241    178
  -0.02685    0.01073   -0.01167    0.01327      3
  -0.02449    0.01161   -0.02508    0.01343     14
  -0.01298    0.01101   -0.03861    0.01727      1
  -0.00671    0.01287    0.00966    0.00943      1
   0.00911    0.01062    0.05220   -0.05214      5
   0.03640    0.01154    0.10819    0.03069     19
   0.04175    0.01241    0.05291   -0.01335     47
   0.04272    0.01230    0.05508   -0.01375     17
   0.06188    0.01282    0.04302    0.02838      2
   0.06478    0.01055    0.06800    0.00485    166
   0.06681    0.01227    0.06874    0.00756    291
   0.07344    0.01047    0.07903    0.00328     10
   0.07622    0.01295    0.07921   -0.02078      1
   0.09816    0.01264    0.11272    0.02718      2
   0.10964    0.01215    0.09486    0.01400     12
   0.11224    0.01061    0.11659    0.03080      1
   0.11703    0.01209    0.10952    0.03077      4
   0.12222    0.01137    0.13344    0.02147      2
  -0.22092    0.01774   -0.18560    0.04013      1
  -0.12259    0.01540   -0.11337    0.02890      1
  -0.07826    0.01460   -0.07858    0.04004      1
  -0.07531    0.01516   -0.05810    0.00858      4
  -0.07369    0.01512   -0.04501    0.01282      3
  -0.06346    0.01549   -0.04316    0.04380    107
  -0.05981    0.01668   -0.03802    0.03818     20
  -0.05714    0.01437   -0.03231    0.02588      1
  -0.03685    0.01551   -0.02502    0.00829    364
  -0.02655    0.01682   -0.02395    0.00469      4
  -0.02575    0.01646   -0.02378    0.01316      8
   0.03356    0.01639    0.08269    0.01426      3
   0.03488    0.01538    0.10855    0.02977      5
   0.04181    0.01504    0.05508   -0.01585     40
   0.04233    0.01678    0.05486   -0.02063     41
   0.06181    0.01727    0.04336    0.04265      7
   0.06562    0.01677    0.06800    0.01817    231
   0.06628    0.01594    0.06717    0.01738    258
   0.07222    0.01552    0.07304    0.01813      7
   0.09726    0.01542    0.10542    0.02726      1
   0.10929    0.01479    0.07503    0.02591      4
   0.11381    0.01746    0.13116    0.03885      1
   0.12170    0.01460    0.14019    0.02077      2
   0.12222    0.01517    0.11804    0.01632      6
  -0.22087    0.01839   -0.25427    0.02583      1
  -0.09460    0.02160   -0.08375    0.01322      3
  -0.07123    0.01961   -0.09132    0.01284      2
  -0.06696    0.01948   -0.03856    0.06660      2
  -0.06316    0.01893   -0.03852    0.04373     10
  -0.06001    0.02044   -0.03879    0.04014     15
  -0.05497    0.02138   -0.05295   -0.00398      1
  -0.03506    0.01925   -0.02230    0.01288     92
  -0.03374    0.02145   -0.02096    0.00504     31
  -0.02722    0.01878   -0.02054    0.01338      5
  -0.02290    0.01912   -0.01182    0.03016      1
   0.03059    0.02193    0.11779    0.05822      3
   0.04146    0.01893    0.05493   -0.01956     71
   0.04208    0.01977    0.05508   -0.01861     58
   0.04624    0.02048    0.06800   -0.01334      1
   0.06144    0.01960    0.05166    0.04943      8
   0.06548    0.01931    0.07041    0.01765    161
   0.06641    0.01983    0.07763    0.01943    178
   0.07099    0.01875    0.08535    0.01775      3
   0.09297    0.01858    0.08978    0.02305      1
   0.09483    0.01940    0.10442    0.01351      6
   0.12125    0.02152    0.12423    0.01770     10
  -0.07153    0.02328   -0.05661    0.02534      2
  -0.06246    0.02296   -0.05974    0.01324      1
  -0.05917    0.02227   -0.03886    0.03081      8
  -0.03708    0.02531   -0.03739    0.02609      8
  -0.03172    0.02434   -0.01954    0.01296     42
   0.02960    0.02455    0.10841    0.14704      1
   0.03145    0.02297    0.10623    0.06572     10
   0.04149    0.02531    0.05774   -0.02482     50
   0.04213    0.02364    0.05411   -0.01103     12
   0.04732    0.02582    0.06814   -0.01132      4
   0.06100    0.02416    0.05190    0.04344     13
   0.06493    0.02338    0.07791    0.01680    100
   0.06647    0.02302    0.08077    0.02143     69
   0.07271    0.02424   -0.30979   -0.10365      1
   0.07439    0.02576    0.08169    0.02813      1
   0.09258    0.02475    0.09478    0.03156     12
   0.11032    0.02339    0.10832    0.03353      1
   0.12088    0.02338    0.12284    0.03160     26
   0.21602    0.02576   -0.23126   -0.30689      1
   0.21914    0.02508    0.21114    0.03907      3
  -0.21991    0.02762   -0.20621    0.04270      1
  -0.12045    0.02734   -0.11893    0.05147      1
  -0.07404    0.02704   -0.06476    0.02756     20
  -0.07398    0.02722   -0.05782    0.02724     10
  -0.06640    0.02711   -0.04952    0.01336      1
  -0.06158    0.02770   -0.03751    0.03884      1
  -0.05195    0.02786   -0.03663    0.02613      1
  -0.04784    0.02957   -0.04336    0.03348      8
  -0.04328    0.02924   -0.03494    0.02611      7
  -0.04035    0.02794   -0.03361    0.02033     15
  -0.03774    0.02604   -0.02441   -0.01154      1
  -0.03025    0.02614   -0.02447    0.01459      5
  -0.02867    0.02787   -0.01397    0.00652     53
   0.02486    0.02868    0.10755    0.02654      3
   0.02806    0.02730    0.09451    0.01295      7
   0.03173    0.02775    0.03597   -0.05062      1
   0.04108    0.02719    0.06017   -0.02485     89
   0.04584    0.02959    0.06780   -0.01817      9
   0.04756    0.02892    0.06770   -0.01152     97
   0.06144    0.02925    0.06028    0.03895     43
   0.06305    0.02782    0.07741    0.02024     51
   0.06610    0.02783    0.08597    0.03345      3
   0.07657    0.02944    0.05622    0.06556      4
   0.09000    0.02916    0.06916    0.02822      1
   0.09150    0.02785    0.11196    0.02167      4
   0.11037    0.02711    0.12165    0.01343      1
   0.11990    0.02856    0.12712    0.03872     13
   0.21878    0.02849    0.20920    0.01426      3
  -0.05966    0.03357   -0.03609    0.03245      4
  -0.05079    0.03297   -0.03852    0.02657     16
  -0.02617    0.03022   -0.01337    0.00514     11
  -0.02454    0.03156   -0.01254    0.01260     43
   0.01641    0.03319    0.08280    0.08137      1
   0.02009    0.03279    0.11788    0.02588     12
   0.02367    0.03114    0.11696   -0.00265      7
   0.02776    0.03008    0.04304   -0.00918      2
   0.03689    0.03356    0.05356   -0.02683     31
   0.03877    0.03159    0.05471   -0.02681     59
   0.04544    0.03153    0.06704   -0.01546    107
   0.04711    0.03137    0.06731   -0.00570    185
   0.05782    0.03388    0.05583    0.04584      4
   0.06007    0.03242    0.05894    0.03276     48
   0.06303    0.03143    0.06449    0.03587     23
   0.07502    0.03307    0.08024    0.02877     14
   0.08894    0.03289    0.10530    0.03193      5
   0.09020    0.03016    0.09987    0.02713      1
   0.11896    0.03187    0.12256    0.03995      8
   0.21592    0.03312    0.15696    0.01290      1
  -0.11826    0.03574   -0.13604    0.04430      2
  -0.11757    0.03754   -0.10251    0.01422      1
  -0.05138    0.03463   -0.04513    0.03879     13
  -0.02534    0.03508   -0.02103   -0.03149      2
  -0.02004    0.03459   -0.01724    0.02590     10
  -0.01650    0.03642   -0.00788    0.01301      7
  -0.01345    0.03765   -0.01144    0.01338      3
   0.01376    0.03493   -0.22536   -0.30456      1
   0.01676    0.03630    0.02610    0.00000      1
   0.02043    0.03434    0.10147   -0.07347      2
   0.03285    0.03743    0.03429   -0.03830     10
   0.03624    0.03499    0.05431   -0.03491    210
   0.03852    0.03597    0.05529   -0.02622     28
   0.04374    0.03624    0.06800   -0.01334     21
   0.04668    0.03506    0.06639   -0.00058    127
   0.05701    0.03635    0.05735    0.04059    159
   0.05837    0.03483    0.05693    0.04373     38
   0.06379    0.03567    0.06787    0.02660      3
   0.07173    0.03713    0.06824    0.03880      5
   0.07417    0.03445    0.08017    0.03779     12
   0.08755    0.03662    0.08866    0.05042      8
   0.11782    0.03665    0.11765    0.05056     21
   0.11811    0.03574    0.12067    0.04702      4
   0.17307    0.03688    0.18092    0.08475      1
  -0.05062    0.03848   -0.04780    0.03735      2
  -0.04890    0.04095   -0.04289    0.03487      4
  -0.03687    0.03820   -0.19566    0.31070      1
  -0.02377    0.03936   -0.00675   -0.02707      1
  -0.01483    0.03841    0.00289   -0.04130      1
  -0.01144    0.03837    0.00191    0.02575     10
  -0.00712    0.03941    0.00000    0.01378     18
  -0.00412    0.03977   -0.00466    0.01851     15
  -0.00077    0.03997   -0.00001    0.02604     12
   0.00466    0.03985    0.00083    0.02566     76
   0.00768    0.03922    0.00258    0.01946     60
   0.01034    0.03859    0.04686   -0.05204      2
   0.01438    0.03887   -0.11903    0.13501      1
   0.03263    0.03970    0.04679   -0.03927     57
   0.03507    0.03970    0.05450   -0.03867     25
   0.04017    0.03844    0.05551   -0.01328      5
   0.04490    0.03989    0.06908   -0.00335     85
   0.05367    0.04096    0.05729    0.03900    279
   0.05425    0.03937    0.05790    0.03895    244
   0.05859    0.03847    0.04886    0.03778      2
   0.06291    0.03821    0.07727    0.05740      2
   0.06953    0.03975    0.09192    0.06484      1
   0.08646    0.03829    0.09982    0.04659      2
   0.11695    0.03931    0.13551    0.04905      6
   0.21680    0.04068    0.21844    0.04277     14
  -0.06836    0.04472   -0.08173    0.05902      2
  -0.06232    0.04342   -0.08605    0.03904      1
  -0.04703    0.04361   -0.04250    0.04280     12
  -0.04433    0.04589   -0.03852    0.03903     93
  -0.02239    0.04254   -0.03664   -0.04014      7
  -0.00746    0.04435    0.00000   -0.04859     27
   0.00449    0.04412    0.00647   -0.03887      7
   0.00845    0.04351    0.01145    0.03681     16
   0.01048    0.04562    0.01552    0.03907     15
   0.02588    0.04573    0.05219   -0.05024      2
   0.02841    0.04437    0.04276   -0.03986     43
   0.03352    0.04455    0.05442   -0.03986    101
   0.03448    0.04384    0.05449   -0.03615    217
   0.03976    0.04544    0.04946    0.04066     52
   0.04388    0.04399    0.05737    0.01331    209
   0.04838    0.04410    0.05446    0.04147     45
   0.05285    0.04301    0.05742    0.04043    387
   0.05488    0.04321    0.04971    0.04156     14
   0.08619    0.04224    0.08122    0.03199      1
   0.11468    0.04516    0.12408    0.05197      2
   0.21619    0.04284    0.21702    0.05105      9
  -0.04395    0.04824   -0.03872    0.04511     90
  -0.02617    0.04741   -0.02481   -0.02354      1
  -0.02499    0.04927   -0.05052   -0.08929      1
  -0.02117    0.04845   -0.03017   -0.03339      1
  -0.01705    0.04787   -0.01164   -0.03879      3
  -0.00516    0.04711   -0.00352   -0.05351      8
   0.00000    0.04951    0.01185   -0.03981     17
   0.00262    0.04739    0.01724   -0.05192      9
   0.00762    0.04651    0.00254    0.02688      1
   0.01175    0.04620    0.01434    0.05179      5
   0.02499    0.04821    0.04815   -0.05278     42
   0.02918    0.04835    0.05475   -0.04811     49
   0.03309    0.04911    0.05546   -0.02667    396
   0.03492    0.04728    0.04913    0.03599     70
   0.04104    0.04879    0.06388    0.00264     57
   0.04240    0.04704    0.06835    0.00000     34
   0.04864    0.04754    0.05579    0.04204     97
   0.05117    0.04683    0.05028    0.03903     13
   0.06265    0.04920    0.05312    0.06467      1
   0.09136    0.04938    0.10501   -0.00771      1
   0.11398    0.04691    0.12386    0.06014      1
   0.11425    0.04669   -0.05795    0.01068      2
   0.21509    0.04812    0.22664    0.06669      5
  -0.04785    0.05285   -0.03809    0.05315     44
  -0.04404    0.05065   -0.03504    0.03454      2
  -0.04195    0.05111   -0.06578    0.01675      7
  -0.02373    0.05370   -0.05026   -0.03756      3
  -0.02127    0.05011   -0.00777    0.07157      1
  -0.01660    0.05052   -0.03876   -0.04014      1
  -0.00019    0.05101    0.02096   -0.05636      6
   0.00451    0.05266   -0.00611    0.05365      1
   0.01248    0.05094    0.01587    0.03910     10
   0.02147    0.05181    0.04757   -0.05563     60
   0.02259    0.05271    0.04137    0.03032     54
   0.02770    0.05146    0.03911    0.04766     78
   0.03235    0.05099    0.05724   -0.02660    154
   0.03779    0.05361    0.06745   -0.00247      5
   0.04016    0.05190    0.06840    0.00000    236
   0.04440    0.05201    0.05855    0.03880     51
   0.04753    0.05050    0.05313    0.04071     17
   0.08896    0.05092   -0.26528    0.11206      1
   0.21468    0.05186    0.21246    0.08015      5
  -0.04580    0.05563   -0.03881    0.05314      7
  -0.03592    0.05585   -0.04958    0.03773      2
  -0.02659    0.05614   -0.04273    0.06004      2
  -0.02271    0.05505   -0.05018   -0.03258      2
  -0.01992    0.05472   -0.02935   -0.03803      8
  -0.00286    0.05424    0.03175   -0.06556      4
  -0.00186    0.05656    0.01863   -0.06474      3
   0.00401    0.05442   -0.16821    0.15161      2
   0.01703    0.05686    0.04842   -0.06151     40
   0.02136    0.05670    0.04331    0.03988     48
   0.02378    0.05537    0.03112    0.05185     30
   0.02829    0.05501    0.06480   -0.02688     15
   0.03023    0.05496    0.04873   -0.02863      4
   0.03689    0.05691    0.06800    0.01300    237
   0.03897    0.05524    0.07114    0.01693    119
   0.04378    0.05485    0.05810    0.04016     18
   0.04635    0.05493    0.05380    0.06411      1
   0.08846    0.05675    0.07552    0.00669      2
   0.09075    0.05646    0.10506   -0.03762      1
   0.21344    0.05550    0.21818    0.06648      5
  -0.05181    0.06028   -0.05198    0.05855      1
  -0.04355    0.05824   -0.03862    0.05391     18
  -0.04150    0.06034   -0.03881    0.05346     15
  -0.00204    0.05897    0.01725   -0.06331      2
  -0.00124    0.06125   -0.00128   -0.06881      4
   0.01349    0.06106    0.04314   -0.05338     10
   0.01580    0.05886    0.04896   -0.06043     54
   0.02068    0.05854    0.04217    0.05282      4
   0.02464    0.06016    0.06787   -0.02605     31
   0.02808    0.06134    0.07904   -0.00788     11
   0.03283    0.06064    0.07737    0.00069     45
   0.03534    0.05881    0.07511    0.01883    105
   0.04646    0.06130    0.05653    0.05019      5
   0.09085    0.05903   -0.14679    0.00261      2
   0.10845    0.05937    0.09316    0.06921      2
   0.13110    0.06102    0.18293    0.13097      1
   0.21292    0.05881    0.20869    0.07606      3
  -0.21212    0.06410   -0.19991    0.05982      2
  -0.05138    0.06215   -0.04114    0.09207      2
  -0.04984    0.06322   -0.05682    0.06815      6
  -0.03921    0.06565   -0.05703    0.05425      4
  -0.03490    0.06578   -0.02476    0.05333      3
  -0.02684    0.06478   -0.07377    0.01168      1
  -0.02560    0.06530   -0.05303   -0.00269      1
  -0.00102    0.06465    0.00014   -0.06137      6
   0.00961    0.06530    0.04094   -0.05354     32
   0.01231    0.06336    0.04947   -0.06304     82
   0.01617    0.06299   -0.02476    0.07806      1
   0.02093    0.06561    0.07524   -0.01381     33
   0.02351    0.06433    0.07597   -0.01295    108
   0.02717    0.06311    0.07871   -0.00101     86
   0.03067    0.06293    0.07342    0.01549     29
   0.21140    0.06522    0.19858    0.07326     10
  -0.21079    0.06731   -0.21214    0.06934      1
  -0.03876    0.06698   -0.03857    0.05625     21
  -0.03688    0.06920   -0.03875    0.05701     19
  -0.03274    0.06720   -0.03147    0.06475     16
  -0.01233    0.06791   -0.04963   -0.02346      1
  -0.00265    0.06904   -0.00779   -0.06128      3
  -0.00129    0.06809   -0.01042   -0.05847      3
   0.00789    0.06832    0.04345   -0.06131     66
   0.01035    0.06606    0.05266   -0.06389      4
   0.02013    0.06643    0.07729   -0.01949     46
   0.02500    0.06792    0.07913    0.02725      4
   0.02630    0.06644    0.07325    0.01867      1
   0.03298    0.06878    0.02759    0.08198      2
   0.03934    0.06918    0.04130    0.07044      2
   0.20999    0.06953    0.24172    0.05714      1
   0.21087    0.06689    0.21883    0.05416      4
  -0.03584    0.07034   -0.03747    0.06520     15
  -0.03167    0.07212   -0.03845    0.07764      3
  -0.02951    0.07343   -0.01169    0.07388      6
  -0.02568    0.07103   -0.01780    0.05478      1
  -0.02127    0.07231   -0.01815    0.06082      2
  -0.01514    0.07131   -0.06772    0.01129      6
  -0.01347    0.07200   -0.05177    0.00663      1
  -0.00765    0.07083   -0.03624   -0.03884      9
  -0.00395    0.07163   -0.02405   -0.06369      9
   0.00540    0.07174    0.03992   -0.05552      8
   0.00712    0.07015    0.04276   -0.05338     13
   0.01257    0.07161   -0.06887   -0.13944      2
   0.01891    0.07114    0.07120    0.03809      2
   0.03290    0.07129    0.02567    0.05687      4
   0.03572    0.07098    0.04031    0.06501      1
   0.20961    0.07066    0.24777    0.07907      1
  -0.05594    0.07718   -0.05217    0.06918     16
  -0.02651    0.07409   -0.02136    0.06981      8
  -0.02321    0.07451   -0.03017    0.07899     10
  -0.01879    0.07490   -0.02738    0.05843      2
  -0.01683    0.07527   -0.01050    0.09887      2
  -0.01160    0.07638   -0.01195    0.07778     17
  -0.00986    0.07678   -0.00523    0.09074      1
  -0.00416    0.07792    0.00264    0.05534      4
  -0.00157    0.07476   -0.00645   -0.03639      3
   0.00324    0.07411    0.04035   -0.10404      1
   0.01292    0.07783   -0.00085    0.08099      3
   0.01612    0.07728    0.01430    0.07789      3
   0.02088    0.07620    0.04126    0.06654      1
   0.02941    0.07525    0.04007    0.06851      2
   0.03077    0.07455    0.04127    0.07997      1
   0.15701    0.07695    0.13767    0.08013      1
  -0.00341    0.07804   -0.01068    0.06664      1
  -0.00031    0.07831   -0.01065    0.07211      9
   0.00425    0.07864    0.01417    0.07104     24
   0.00651    0.07847    0.03123    0.06884      3
   0.01086    0.07804    0.02799    0.08268      1
   0.06701    0.08062    0.05178   -0.06667      2
   0.09460    0.07813    0.10523    0.08311      1
   0.20519    0.08174    0.22129    0.07319      1
  -0.08965    0.08460   -0.12846    0.11010      1
   0.06571    0.08355    0.09548   -0.06416      2
   0.20485    0.08372    0.06156   -0.01446      2
   0.05302    0.08964    0.07679    0.07019      2
   0.06393    0.08896    0.06586   -0.05164      5
   0.06291    0.09157    0.11872    0.01942      2
   0.04651    0.09630    0.03108   -0.07771      1
   0.05274    0.09733    0.06742    0.01930      2
   0.05496    0.09601    0.07908    0.10380      1
  -0.06951    0.10182   -0.06144    0.11676      3
   0.03796    0.10141    0.10490   -0.06478      1
   0.04088    0.09966    0.21464   -0.06114      1
  -0.06803    0.10282   -0.07128    0.11699      9
   0.19397    0.10765    0.20155    0.16438      1
   0.05298    0.11167    0.04644    0.12291      1
  -0.00721    0.12316   -0.00250    0.14307      1
   0.02863    0.13729   -0.06347    0.19417      1
  -0.16065    0.15160   -0.14172    0.16418      1
  -0.12295    0.18360   -0.12894    0.18688      5
  -0.12192    0.18427   -0.10255    0.19239      3
  -0.11871    0.18634   -0.13444    0.16214      2
   0.09505    0.20035    0.08754    0.19942      1
  -0.01292    0.22078   -0.00653    0.20778      1
