   0.00762   -0.21821   -0.05579   -0.24757      1
  -0.04295   -0.21447   -0.08501   -0.07634      2
  -0.04077   -0.21477   -0.02324   -0.05171      1
  -0.03641   -0.21570   -0.04808   -0.15988      3
  -0.03083   -0.21610   -0.09877   -0.11565      1
  -0.02836   -0.21568   -0.07782   -0.17813      1
  -0.02527   -0.21706    0.24428    0.04970      1
  -0.00477   -0.21712    0.00328   -0.04437      3
  -0.00140   -0.21736   -0.04228   -0.18608      2
   0.00839   -0.21753   -0.02448   -0.01517      1
   0.01197   -0.21688   -0.01921   -0.03869      1
   0.02870   -0.21537   -0.01167   -0.13900      1
  -0.06002   -0.21098   -0.06239   -0.25989      1
  -0.04670   -0.21363   -0.06484   -0.08181      1
  -0.07186   -0.20675    0.00894   -0.12796      3
  -0.06795   -0.20799   -0.05427    0.03504      2
  -0.06387   -0.20945   -0.07292   -0.23555      1
  -0.08165   -0.20261   -0.05547   -0.29358      1
  -0.07726   -0.20430    0.03363   -0.14293      2
  -0.09436   -0.19827   -0.14475   -0.15908      1
  -0.09192   -0.20096   -0.20021   -0.05056      2
  -0.10354   -0.19480   -0.25875   -0.11358      1
  -0.11657   -0.18808   -0.11081   -0.14183      1
  -0.11353   -0.18838   -0.10181   -0.21178      2
  -0.12643   -0.18224   -0.12007   -0.14360      1
  -0.12295   -0.18283   -0.01276   -0.27058      1
  -0.12135   -0.18362   -0.08594    0.01531      1
  -0.12726   -0.17987   -0.08122   -0.09749      1
  -0.12580   -0.18124    0.02035   -0.01670      2
  -0.00166   -0.17994   -0.00081   -0.06659      1
   0.00676   -0.17924   -0.00320   -0.16522      2
  -0.13538   -0.17481   -0.10516   -0.10934      2
  -0.13351   -0.17718   -0.13712   -0.12742      1
   0.00947   -0.17738   -0.14008    0.02031      2
  -0.14227   -0.17021   -0.10423   -0.13781      1
  -0.13888   -0.17280   -0.18741   -0.14751      3
  -0.13742   -0.17376   -0.16261   -0.19581      2
   0.02356   -0.17223    0.13325    0.01495      1
   0.03613   -0.17294    0.00077   -0.11069      1
  -0.14306   -0.16863   -0.18045   -0.13962      6
  -0.14897   -0.16362   -0.19855   -0.14162      5
  -0.15414   -0.15818   -0.21937   -0.14630      1
  -0.15251   -0.16110   -0.20051   -0.13809      5
  -0.14870   -0.16031   -0.23946   -0.15670      1
  -0.15609   -0.15631   -0.18983   -0.13374      6
  -0.16222   -0.15059   -0.21106   -0.12309      2
  -0.15982   -0.15307   -0.20178   -0.12946     12
  -0.16345   -0.14919   -0.19583   -0.13153     10
   0.01169   -0.14623    0.02059   -0.04956      4
  -0.16820   -0.14411   -0.16916   -0.11333      6
  -0.02951   -0.14286   -0.01851   -0.02206      1
   0.02012   -0.14525   -0.01366   -0.07706      2
   0.02507   -0.14388    0.02505   -0.02791      3
   0.02607   -0.14347    0.01598   -0.16301      1
  -0.17097   -0.14049   -0.21200   -0.12689     11
  -0.17523   -0.13531   -0.21860   -0.12452      9
  -0.17341   -0.13754   -0.20916   -0.11671      9
  -0.17908   -0.13016   -0.22445   -0.12596      1
  -0.17661   -0.13333   -0.21834   -0.12759      7
   0.05248   -0.13121    0.04131   -0.12946      1
  -0.18209   -0.12675   -0.19035   -0.10946      1
  -0.18007   -0.12903   -0.14215   -0.10785      4
   0.06170   -0.12770   -0.02102   -0.05651      1
   0.06266   -0.12723   -0.12903    0.05057      1
  -0.18367   -0.12367   -0.21033   -0.10166      4
  -0.01102   -0.12213   -0.03599   -0.09522      7
  -0.00854   -0.12233   -0.03089   -0.08296      2
  -0.00393   -0.12280   -0.02485   -0.10878      2
   0.06520   -0.12500    0.04602   -0.12733      2
   0.06875   -0.12394    0.01419   -0.10127      2
  -0.03301   -0.11826   -0.04574   -0.08967     26
  -0.02790   -0.11944   -0.04080   -0.09447     16
  -0.02393   -0.12030   -0.03701   -0.09749     27
  -0.02039   -0.12095   -0.03333   -0.09964     24
  -0.01672   -0.12152   -0.03132   -0.10286      2
  -0.01314   -0.12187   -0.02387   -0.09586      2
  -0.00326   -0.11808   -0.02419   -0.09958      3
   0.07271   -0.12158    0.03995   -0.11473      1
   0.07566   -0.11895    0.03885   -0.10401      2
  -0.04607   -0.11404   -0.07263   -0.11057      1
  -0.04350   -0.11479   -0.07068   -0.09603     28
  -0.04063   -0.11580   -0.05927   -0.10605     59
  -0.03638   -0.11721   -0.05024   -0.08933     41
  -0.03379   -0.11792   -0.04638   -0.08796      2
  -0.02693   -0.11417   -0.03886   -0.09281      6
  -0.02328   -0.11477   -0.03331   -0.09580     51
  -0.02091   -0.11553   -0.02960   -0.09530     39
  -0.01647   -0.11594   -0.02924   -0.09145      8
  -0.01352   -0.11615   -0.02589   -0.09758      3
  -0.00769   -0.11443   -0.02910   -0.10803     10
  -0.00340   -0.11535   -0.02594   -0.10483      1
   0.00022   -0.11515   -0.01889   -0.09764     41
   0.00378   -0.11439   -0.01503   -0.10006      4
   0.00780   -0.11439   -0.02833   -0.14576      1
  -0.05437   -0.11015   -0.07224   -0.10544     13
  -0.05216   -0.11127   -0.07255   -0.10019     80
  -0.04872   -0.11278   -0.07321   -0.09532     56
  -0.04552   -0.11391   -0.06523   -0.10841      6
  -0.03929   -0.11085   -0.06904   -0.09390     11
  -0.03626   -0.11201   -0.05779   -0.08748     20
  -0.03251   -0.11237   -0.05105   -0.08794     19
  -0.02726   -0.11081   -0.04336   -0.09298      3
  -0.02344   -0.11272   -0.03067   -0.09460     12
  -0.01963   -0.11315   -0.03295   -0.09539     24
  -0.01613   -0.11310   -0.03124   -0.09705     28
  -0.01240   -0.11191   -0.02963   -0.10194     37
  -0.00875   -0.11067   -0.02658   -0.09401     13
  -0.00338   -0.11066   -0.01827   -0.09619     26
  -0.00052   -0.11244   -0.01853   -0.09627     14
   0.00398   -0.11328   -0.01331   -0.09498     17
   0.00768   -0.11056   -0.01045   -0.09692      7
   0.01142   -0.11052   -0.02356   -0.10539      1
   0.08337   -0.11362    0.01928   -0.11232      3
  -0.06255   -0.10622   -0.07779   -0.10576     53
  -0.05955   -0.10779   -0.07511   -0.10709    169
  -0.05695   -0.10901   -0.07441   -0.10520     73
  -0.05196   -0.10635   -0.07574   -0.10736      1
  -0.04774   -0.10733   -0.07220   -0.09779      9
  -0.04449   -0.10837   -0.06831   -0.09542     22
  -0.03962   -0.10662   -0.06873   -0.09657     15
  -0.03569   -0.10771   -0.05662   -0.08822     14
  -0.03320   -0.10817   -0.05595   -0.09131     13
  -0.02928   -0.10860   -0.05318   -0.09399      3
  -0.02585   -0.10761   -0.04149   -0.10068      1
  -0.01987   -0.10951   -0.03145   -0.08690      2
  -0.01435   -0.10924   -0.02854   -0.09760     11
  -0.01334   -0.10959   -0.02802   -0.09587     22
  -0.00980   -0.10957   -0.02360   -0.09744     12
  -0.00284   -0.10998   -0.01670   -0.09666      1
   0.00811   -0.10994   -0.00777   -0.09869      1
   0.01638   -0.10910    0.00000   -0.09449      1
   0.08672   -0.10806   -0.07826    0.16408      1
  -0.19607   -0.10386   -0.25807   -0.12980      1
  -0.06738   -0.10295   -0.08611   -0.08700     59
  -0.06388   -0.10528   -0.08086   -0.10138    111
  -0.04652   -0.10333   -0.06629   -0.09619      4
  -0.04270   -0.10453   -0.06917   -0.09324     19
  -0.03999   -0.10403   -0.06555   -0.09535     24
  -0.03716   -0.10434   -0.06846   -0.08898      3
   0.03898   -0.10300    0.01199   -0.01687      1
   0.09235   -0.10481    0.04353   -0.18297      2
  -0.19805   -0.09913   -0.25355   -0.10972      1
  -0.19770   -0.10073   -0.20064   -0.09356      1
  -0.07445   -0.09870   -0.09807   -0.09145      3
  -0.07096   -0.10056   -0.09366   -0.08699     40
  -0.06915   -0.10162   -0.09742   -0.07925     27
  -0.06055   -0.10013   -0.07919   -0.08612      1
  -0.05104   -0.09849   -0.07216   -0.08687      5
  -0.04838   -0.10021   -0.06643   -0.09209      6
  -0.04267   -0.10136   -0.06750   -0.09197      7
  -0.04094   -0.10199   -0.06685   -0.09270      1
  -0.01054   -0.09823   -0.03154   -0.10391      5
  -0.00908   -0.09852   -0.02619   -0.09653     25
  -0.00236   -0.09850   -0.01671   -0.09494     35
  -0.00145   -0.09853   -0.01451   -0.09713     42
   0.00381   -0.09844   -0.01108   -0.08973     22
   0.00716   -0.09834   -0.00882   -0.09145      8
   0.01052   -0.09804   -0.00739   -0.09101      3
   0.07150   -0.10092    0.05522   -0.10212      1
   0.09300   -0.10025    0.08493   -0.09668      3
   0.09483   -0.09885    0.04979   -0.08031      1
  -0.20027   -0.09535   -0.15534   -0.05470      1
  -0.07929   -0.09439   -0.10070   -0.08789     15
  -0.07641   -0.09695   -0.09961   -0.08324     30
  -0.06832   -0.09578   -0.09029   -0.08129      1
  -0.05875   -0.09428   -0.08000   -0.07780      5
  -0.05535   -0.09618   -0.07166   -0.08608     20
  -0.05302   -0.09696   -0.06442   -0.08049      5
  -0.01427   -0.09749   -0.04780   -0.09381      1
  -0.01169   -0.09797   -0.02985   -0.09249      2
  -0.00884   -0.09775   -0.02289   -0.08982      3
   0.00195   -0.09694   -0.01262   -0.08977     11
   0.00395   -0.09703   -0.01018   -0.09023    107
   0.00783   -0.09583   -0.00728   -0.08188    149
   0.01197   -0.09504   -0.00569   -0.07916     85
   0.01517   -0.09582   -0.00583   -0.08048     22
   0.01855   -0.09469   -0.00164   -0.07738      9
   0.09871   -0.09523    0.08914   -0.07296      1
  -0.20156   -0.09286   -0.18579   -0.10271      2
  -0.08308   -0.09115   -0.10690   -0.07660     18
  -0.08148   -0.09242   -0.10024   -0.08015      8
  -0.05924   -0.09353   -0.07130   -0.06733      2
  -0.05767   -0.09389   -0.07201   -0.08643      1
  -0.03914   -0.09086   -0.06601   -0.09201     14
  -0.03575   -0.09191   -0.06242   -0.09048     46
  -0.03374   -0.09285   -0.05926   -0.08920      5
  -0.02969   -0.09115   -0.04623   -0.08138      1
  -0.02418   -0.09126   -0.03324   -0.07681      1
  -0.01897   -0.09264   -0.02848   -0.07216      7
   0.01297   -0.09385   -0.00434   -0.07992     31
   0.01609   -0.09320   -0.00421   -0.07865     32
   0.02054   -0.09321   -0.00326   -0.08217      6
   0.02271   -0.09314   -0.00467   -0.07635      1
   0.10188   -0.09145   -0.08135    0.11881      1
   0.10311   -0.09088    0.08207   -0.07964      3
  -0.20261   -0.08970   -0.18432    0.00773      1
  -0.08715   -0.08716   -0.10968   -0.07945     24
  -0.08494   -0.08925   -0.10993   -0.07656     24
  -0.07983   -0.08606   -0.09658   -0.07518      1
  -0.04736   -0.08655   -0.10479   -0.10175      2
  -0.04375   -0.08863   -0.07064   -0.08920      7
  -0.04132   -0.08966   -0.06467   -0.09094      2
   0.10433   -0.08726    0.01124   -0.02841     11
  -0.20500   -0.08420   -0.24646   -0.08583      1
  -0.09092   -0.08339   -0.11093   -0.07149     18
  -0.08919   -0.08531   -0.11238   -0.07397     18
  -0.05100   -0.08478   -0.07481   -0.08122      3
  -0.04933   -0.08550   -0.06555   -0.07944      6
  -0.00422   -0.08214   -0.02111   -0.09764      1
   0.10887   -0.08231    0.00711   -0.02417      1
  -0.20651   -0.08062   -0.18977   -0.07318      2
  -0.09503   -0.07878   -0.11581   -0.07107     17
  -0.09305   -0.08109   -0.11316   -0.06794      5
  -0.05159   -0.07981   -0.06274   -0.06823      1
  -0.01664   -0.08058   -0.02639   -0.06699      1
  -0.00395   -0.07887   -0.02168   -0.06410     11
   0.00562   -0.08176   -0.00717   -0.08008      2
   0.00883   -0.08159   -0.00685   -0.07554     14
   0.01247   -0.08125   -0.00332   -0.07996     80
   0.01592   -0.08025   -0.00271   -0.08009    104
   0.01990   -0.07898   -0.00117   -0.07737     62
   0.02257   -0.07807    0.00300   -0.07739     13
   0.11032   -0.08020    0.01647   -0.02975      2
   0.11628   -0.08036    0.12393   -0.08545      2
   0.20540   -0.08108    0.22799   -0.07872      3
   0.20653   -0.07829    0.18711   -0.08116      5
  -0.09839   -0.07459   -0.11912   -0.06591      6
  -0.09674   -0.07670   -0.11737   -0.06620     22
  -0.02001   -0.07711   -0.02639   -0.07371      1
  -0.00881   -0.07480   -0.02729   -0.07146      1
   0.02111   -0.07755    0.00081   -0.07874      8
   0.02414   -0.07697    0.00240   -0.07828     52
   0.02792   -0.07571    0.00613   -0.07731     45
   0.03060   -0.07489    0.00490   -0.07542      6
   0.15455   -0.07641    0.12246   -0.06294      1
   0.20711   -0.07663    0.13900   -0.05280      8
  -0.11683   -0.07210    0.12826   -0.28275      1
  -0.10011   -0.07227   -0.11850   -0.06622     16
  -0.08654   -0.07285   -0.09509   -0.06341      1
  -0.03969   -0.07144   -0.05636   -0.06969      6
  -0.02316   -0.07204   -0.03018   -0.07322      1
   0.02958   -0.07395    0.00889   -0.07431      3
   0.03213   -0.07290    0.00896   -0.07276     52
   0.03637   -0.07040    0.01477   -0.07191    104
   0.03943   -0.07062    0.01964   -0.06647      6
  -0.21088   -0.06909    0.19970    0.16521      1
  -0.10294   -0.06823   -0.12249   -0.06325      4
  -0.10191   -0.06945   -0.11834   -0.04953      2
   0.03692   -0.06973    0.01799   -0.07209     20
   0.03968   -0.06875    0.02236   -0.06735     54
   0.04290   -0.06639    0.02484   -0.05971     22
   0.04737   -0.06680    0.04115   -0.07185      1
   0.12363   -0.06698    0.19593   -0.11773      3
   0.02100   -0.06200   -0.00239   -0.05484      1
   0.02324   -0.06306    0.00527   -0.05283      1
   0.04168   -0.06545    0.02314   -0.05605      3
   0.04537   -0.06467    0.02852   -0.05507     58
   0.04705   -0.06322    0.02831   -0.05236     52
   0.05004   -0.06377    0.03510   -0.04903      1
   0.12419   -0.06509    0.00082   -0.09449      1
  -0.10705   -0.06188   -0.11920   -0.05943      1
  -0.09538   -0.06065   -0.11628   -0.05299      1
  -0.03426   -0.05871   -0.04293   -0.05554      1
  -0.03104   -0.05905   -0.03579   -0.05717     18
  -0.02859   -0.05974   -0.03157   -0.06016     11
  -0.02371   -0.06046   -0.03151   -0.05262     25
  -0.02057   -0.05904   -0.03156   -0.05080     23
  -0.01630   -0.05843   -0.03006   -0.05227      3
  -0.01267   -0.05950   -0.02969   -0.05307     18
  -0.00945   -0.06032   -0.02361   -0.05352      7
  -0.00250   -0.05948   -0.02030   -0.04905     13
   0.00087   -0.05804   -0.01263   -0.05067      3
   0.00809   -0.05829   -0.00733   -0.07343      1
   0.02185   -0.06116    0.00211   -0.05900      3
   0.02413   -0.05987    0.00370   -0.05567      1
   0.04206   -0.05932    0.02529   -0.05473      1
   0.04810   -0.06078    0.02970   -0.05360     54
   0.05127   -0.05915    0.03334   -0.04985     41
   0.05671   -0.05945    0.02682   -0.05700      1
   0.12248   -0.05889    0.01767   -0.03271      2
   0.12808   -0.05901    0.09447   -0.01994      2
  -0.21459   -0.05580   -0.17917   -0.05241      2
  -0.11030   -0.05570   -0.11951   -0.05554      2
  -0.10927   -0.05788   -0.12234   -0.05705      1
  -0.09594   -0.05708   -0.11308   -0.05331      2
  -0.05301   -0.05697   -0.05569   -0.04841      1
  -0.03933   -0.05500   -0.05085   -0.04053     27
  -0.03625   -0.05631   -0.04493   -0.04525     60
  -0.01842   -0.05767   -0.03120   -0.05047      3
  -0.01638   -0.05782   -0.03420   -0.05099      4
  -0.00339   -0.05500   -0.02581   -0.04329      1
   0.00100   -0.05785   -0.01130   -0.04756      5
   0.00509   -0.05680   -0.01238   -0.05116     10
   0.00854   -0.05516   -0.01034   -0.04783     26
   0.01093   -0.05440   -0.00957   -0.04858     30
   0.01771   -0.05677    0.00187   -0.04679      2
   0.02067   -0.05443    0.00522   -0.04610      8
   0.02287   -0.05413    0.00982   -0.04391      1
   0.02990   -0.05683    0.01474   -0.05007      1
   0.05309   -0.05588    0.03578   -0.04866     94
   0.05550   -0.05476    0.03896   -0.04866     25
   0.06009   -0.05428    0.04711   -0.05680      2
   0.07627   -0.05560    0.05100   -0.05082      1
   0.08132   -0.05421    0.04406   -0.05579      1
   0.13065   -0.05516    0.10097   -0.03347      4
  -0.21549   -0.05253   -0.19622   -0.09025      1
  -0.11231   -0.05177   -0.12285   -0.05139      8
  -0.10148   -0.05278   -0.10506   -0.05147      1
  -0.05768   -0.05094   -0.07547   -0.04397      4
  -0.05021   -0.05022   -0.05890   -0.04106      9
  -0.04925   -0.05035   -0.05866   -0.04190     13
  -0.04516   -0.05134   -0.06182   -0.04360     22
  -0.03860   -0.05046   -0.05208   -0.04170     11
  -0.03775   -0.05335   -0.05018   -0.04150     28
   0.01337   -0.05351   -0.00668   -0.04737      4
   0.01656   -0.05193   -0.00186   -0.04895     43
   0.01821   -0.05105   -0.00433   -0.04981      2
   0.05352   -0.05378    0.03491   -0.04654      7
   0.05607   -0.05192    0.03586   -0.04828     86
   0.06042   -0.05203    0.04295   -0.04816    116
   0.06220   -0.05137    0.04496   -0.04789     23
   0.13201   -0.05073    0.12235   -0.06315      1
  -0.21690   -0.04630   -0.23905   -0.02428      1
  -0.11429   -0.04694   -0.12484   -0.04643      1
  -0.11380   -0.04840   -0.11920   -0.05084      1
  -0.05836   -0.04637   -0.07517   -0.03846      8
  -0.05532   -0.04663   -0.07336   -0.03993     16
  -0.05267   -0.04846   -0.06454   -0.04073     21
  -0.04734   -0.04959   -0.05613   -0.04486     15
  -0.03850   -0.04892   -0.05001   -0.04262     14
  -0.03748   -0.04710   -0.04923   -0.04182     41
  -0.02000   -0.04914   -0.03151   -0.05662      1
   0.03618   -0.04681    0.02049   -0.04898      1
   0.05777   -0.04879    0.03789   -0.04889     45
   0.05881   -0.04754    0.03987   -0.04813    204
   0.06452   -0.04694    0.04516   -0.04516     99
   0.08467   -0.04806    0.06347   -0.04106      1
   0.13256   -0.04916    0.15479    0.02581      3
  -0.21736   -0.04399   -0.15261   -0.03022      2
  -0.11525   -0.04473   -0.12266   -0.04699      3
  -0.06256   -0.04331   -0.07223   -0.04045      8
  -0.05980   -0.04506   -0.07221   -0.03790     28
  -0.05779   -0.04594   -0.07705   -0.03909      5
  -0.03572   -0.04530   -0.04608   -0.03900     32
  -0.03389   -0.04303   -0.05090   -0.03822      4
   0.00804   -0.04451   -0.00972    0.05403      1
   0.01999   -0.04452    0.00245   -0.04314     36
   0.03245   -0.04382    0.01405   -0.05165      2
   0.05538   -0.04370    0.04081   -0.04916      1
   0.06067   -0.04445    0.04404   -0.04782    415
   0.06455   -0.04438    0.04596   -0.04562    166
   0.06637   -0.04346    0.04493   -0.04687     47
   0.11527   -0.04363    0.10333   -0.04430     24
  -0.11743   -0.03870   -0.12518   -0.04261      2
  -0.06625   -0.03982   -0.08496   -0.03258      7
  -0.06526   -0.04027   -0.08352   -0.03835     40
  -0.04528   -0.03825   -0.05927   -0.03590      1
  -0.03255   -0.03968   -0.04233   -0.03772     15
  -0.01517   -0.03887   -0.03089    0.04103      3
  -0.01158   -0.03827   -0.02216   -0.01439     26
  -0.00758   -0.03954   -0.02576    0.03204     39
  -0.00470   -0.03970   -0.01779   -0.02461     23
   0.00008   -0.03997   -0.01805   -0.02551     10
   0.00476   -0.03968   -0.01013   -0.02038      4
   0.00962   -0.03954    0.00048    0.04006      9
   0.01206   -0.03911    0.00566    0.04210      8
   0.01709   -0.03900    0.00243   -0.03779      7
   0.01859   -0.04062    0.00094   -0.03868     13
   0.02382   -0.03974    0.00328    0.06471      1
   0.04118   -0.04034    0.02513   -0.04054      1
   0.06121   -0.04141    0.04594   -0.05070      8
   0.06474   -0.04027    0.04630   -0.04621    126
   0.06843   -0.03967    0.05109   -0.04139     83
   0.07074   -0.03862    0.05192   -0.03379     18
   0.11596   -0.04175    0.10711   -0.04822      3
   0.13577   -0.03981    0.13092   -0.02450      5
  -0.21882   -0.03580   -0.25172   -0.02424      1
  -0.06820   -0.03534   -0.08717   -0.04046     11
  -0.03122   -0.03452   -0.03293    0.03867     18
  -0.02901   -0.03615   -0.03158   -0.02754      9
  -0.02379   -0.03725   -0.03492    0.04248     17
  -0.02023   -0.03449   -0.02587   -0.02036    307
  -0.01543   -0.03688   -0.02165   -0.02214     40
  -0.01311   -0.03767    0.00044   -0.04385      2
   0.01383   -0.03751   -0.01505    0.00274      1
   0.01769   -0.03741    0.00000   -0.00913     11
   0.02043   -0.03562   -0.00076   -0.01822     24
   0.02509   -0.03535    0.00915   -0.03023     31
   0.02899   -0.03497    0.00311    0.05128      7
   0.03005   -0.03401   -0.00024    0.04590      1
   0.04928   -0.03593    0.03388   -0.03608      1
   0.05217   -0.03449    0.03594   -0.03271      1
   0.06449   -0.03638    0.04855   -0.03699     78
   0.06955   -0.03662    0.05483   -0.03405     68
   0.07107   -0.03485    0.05742   -0.02711    296
   0.10013   -0.03642   -0.00920    0.01108      1
   0.10500   -0.03786    0.00080   -0.01438      1
  -0.21952   -0.03161   -0.20612   -0.04468      2
  -0.11961   -0.03110   -0.13048   -0.02414      2
  -0.07041   -0.03172   -0.07583   -0.03246     11
  -0.06990   -0.03288   -0.08529   -0.03743      2
  -0.03716   -0.03044   -0.01412    0.08245      2
  -0.03071   -0.03399   -0.03967    0.04612      7
  -0.02717   -0.03369   -0.04159   -0.03719      1
  -0.02227   -0.03322   -0.02627   -0.02132     68
  -0.02168   -0.03359   -0.02665   -0.02015    123
  -0.01213   -0.03006   -0.02901   -0.03078      1
   0.02146   -0.03374   -0.00346   -0.01871     17
   0.02327   -0.03264   -0.00081   -0.01656     37
   0.02797   -0.03235    0.01346   -0.02794     43
   0.03124   -0.03131    0.00889    0.04610     44
   0.03420   -0.03120    0.00358    0.05553      9
   0.06500   -0.03165    0.05016   -0.02975     52
   0.06744   -0.03273    0.05148   -0.03099    132
   0.07210   -0.03295    0.05847   -0.02801    469
   0.07479   -0.03126    0.05848   -0.02937     48
   0.08944   -0.03012    0.05848   -0.01469      1
   0.09756   -0.03196    0.02122    0.08838      1
   0.09862   -0.03238    0.05781    0.06420      1
   0.17386   -0.03034    0.12064   -0.00281      2
   0.17417   -0.03345    0.22914   -0.09351      1
  -0.12010   -0.02928   -0.12596   -0.03047      1
  -0.07175   -0.02786   -0.07906   -0.02948     15
  -0.05460   -0.02720   -0.06400   -0.03404      2
  -0.05110   -0.02706   -0.16882    0.02799      2
  -0.04813   -0.02929   -0.05759   -0.03157      2
  -0.04417   -0.02871   -0.06177   -0.02936      2
  -0.03869   -0.02941   -0.03385    0.04806      8
  -0.02847   -0.02807   -0.02918   -0.01413      5
   0.02972   -0.02902    0.01294   -0.02442     34
   0.03038   -0.02851    0.01599   -0.02736     79
   0.03648   -0.02839    0.00656    0.05351     30
   0.03861   -0.02665    0.00743    0.05425     17
   0.05782   -0.02716    0.03954   -0.03005      5
   0.06143   -0.02798    0.04520   -0.02739    167
   0.06514   -0.02757    0.04934   -0.02788    291
   0.06627   -0.02897    0.05091   -0.02725     72
   0.07370   -0.02972    0.06183   -0.01938     27
   0.07461   -0.02798    0.06100   -0.02425    168
   0.09029   -0.02767    0.06850   -0.02978      1
   0.13867   -0.02894    0.14125   -0.04864      1
   0.17482   -0.02900    0.11671    0.00000      3
  -0.22069   -0.02322   -0.12004   -0.08944      2
  -0.12106   -0.02498   -0.12853   -0.02961      3
  -0.07241   -0.02233   -0.07895   -0.01597     19
  -0.05513   -0.02215   -0.07092   -0.02345      1
  -0.04541   -0.02441   -0.05681   -0.02320      2
  -0.03987   -0.02381   -0.04694   -0.02215      4
  -0.03541   -0.02290   -0.04141    0.03152      4
  -0.03173   -0.02432   -0.02105   -0.01590      4
   0.03223   -0.02504    0.01060   -0.01987     48
   0.03474   -0.02239    0.01948   -0.02557     14
   0.03988   -0.02389    0.00953    0.04895     41
   0.04326   -0.02216    0.02751   -0.02529    189
   0.05629   -0.02299    0.03971   -0.02414     28
   0.06100   -0.02505    0.04470   -0.02684    274
   0.06331   -0.02525    0.04781   -0.02655    108
   0.07284   -0.02524    0.04828   -0.02210      1
   0.07668   -0.02261    0.05897   -0.01960    541
   0.07878   -0.02351    0.06646   -0.02329     10
   0.09376   -0.02208    0.07903   -0.00164      2
  -0.12221   -0.01851   -0.13024   -0.02320      1
  -0.12197   -0.01995   -0.13300   -0.01704      1
  -0.07269   -0.02143   -0.07717   -0.01612     29
  -0.05570   -0.02026   -0.04774   -0.01616      1
  -0.05058   -0.02034   -0.06383   -0.02227      3
  -0.04818   -0.02030   -0.06352   -0.02982      2
  -0.03421   -0.02069   -0.02763   -0.00921      2
   0.02778   -0.02096    0.01678   -0.03031      5
   0.03371   -0.02150    0.00357   -0.01067      4
   0.03648   -0.01940    0.02043   -0.02365    157
   0.04188   -0.02144    0.02489   -0.02514     99
   0.04308   -0.02154    0.02705   -0.02550    521
   0.04820   -0.01922    0.03273   -0.02418    542
   0.05291   -0.01909    0.03687   -0.02294    283
   0.05733   -0.01982    0.04013   -0.02269    465
   0.05970   -0.01970    0.04294   -0.02074   1169
   0.06274   -0.02089    0.04629   -0.02143     45
   0.07702   -0.02151    0.06101   -0.01550    366
   0.07843   -0.01903    0.06473   -0.01379     99
   0.09374   -0.02065    0.06899   -0.00724      8
   0.09510   -0.01851    0.07661   -0.00951     16
  -0.12248   -0.01673   -0.15990   -0.03545      1
  -0.07332   -0.01700   -0.08014   -0.01587     21
  -0.05531   -0.01481   -0.06924   -0.01611      5
  -0.05162   -0.01619   -0.06825   -0.01184      3
  -0.04868   -0.01412   -0.06433   -0.00915      3
  -0.04322   -0.01764   -0.04715   -0.01176      1
  -0.03596   -0.01748   -0.02596   -0.02226      1
  -0.00931   -0.01431   -0.02312   -0.01784      3
   0.03151   -0.01539    0.09155   -0.04827      1
   0.03776   -0.01729    0.01991   -0.01965     96
   0.03888   -0.01527    0.02250   -0.01644    465
   0.04368   -0.01617    0.01341    0.04562     76
   0.04944   -0.01734    0.03341   -0.02074    101
   0.05113   -0.01702    0.03471   -0.01970    509
   0.05479   -0.01739    0.03770   -0.01952     10
   0.06062   -0.01761    0.04624   -0.01734     12
   0.06222   -0.01681    0.04675   -0.01702     10
   0.06619   -0.01793    0.04031   -0.00388      1
   0.07455   -0.01550    0.06225   -0.01577      6
   0.07912   -0.01659    0.06564   -0.01156    185
   0.09380   -0.01441    0.06992   -0.00624      5
   0.09546   -0.01590    0.07157   -0.00803    107
  -0.12298   -0.01294   -0.13136   -0.02409      2
  -0.07359   -0.01233   -0.07261   -0.01420      9
  -0.05816   -0.01188   -0.05981   -0.01293      1
  -0.05527   -0.01364   -0.06619   -0.01460     42
  -0.05273   -0.01245   -0.05814   -0.01543     11
  -0.04977   -0.01289   -0.06889   -0.00934      2
  -0.04258   -0.01195   -0.04705    0.02460      1
  -0.03868   -0.01124   -0.03231   -0.00243      3
   0.01020   -0.01153    0.33475    0.16763      1
   0.03782   -0.01279    0.00997   -0.00810     23
   0.04000   -0.01303    0.02354   -0.00825    399
   0.04511   -0.01305    0.01705    0.04477     16
   0.04618   -0.01046    0.00808    0.06229      2
   0.06592   -0.01246    0.05775   -0.01387      1
   0.06947   -0.01065    0.05471   -0.00450      3
   0.07014   -0.01103    0.05300   -0.00315      1
   0.07425   -0.01185    0.06104   -0.00966     10
   0.08042   -0.01230    0.06801   -0.00798     57
   0.09384   -0.01085    0.07082   -0.00427     17
   0.09676   -0.01242    0.06920   -0.00371     30
  -0.22167   -0.00801   -0.25056   -0.01620      1
  -0.12345   -0.00727   -0.13159   -0.00773      2
  -0.07370   -0.00839   -0.07186   -0.00368     14
  -0.05462   -0.00672   -0.06190   -0.00568      5
  -0.05334   -0.00723   -0.05640   -0.00447      9
  -0.04950   -0.00890   -0.03816    0.04193      1
  -0.04573   -0.00780   -0.04115    0.04158      1
  -0.03907   -0.00845   -0.02635   -0.00878      4
  -0.00666   -0.00677   -0.02193   -0.00822      5
  -0.00390   -0.00786   -0.02235   -0.00968    215
   0.00394   -0.00645    0.00306   -0.03496      1
   0.01381   -0.00721    0.06242   -0.01762      8
   0.04058   -0.00837    0.02279   -0.00236    252
   0.04684   -0.00823    0.01400    0.04630     38
   0.06842   -0.00841    0.04949   -0.00078      1
   0.07333   -0.00785    0.05269    0.00098      3
   0.07474   -0.00664    0.06138   -0.00278     25
   0.08131   -0.00927    0.07000   -0.00704     26
   0.09393   -0.00975    0.07456   -0.01445      2
   0.09667   -0.00853    0.07109   -0.00351     30
   0.09805   -0.00660    0.07373   -0.01623      3
  -0.22184   -0.00329   -0.16852    0.01504      1
  -0.12354   -0.00447   -0.12443   -0.01286      1
  -0.07448   -0.00425   -0.07842    0.00430     12
  -0.07396   -0.00494   -0.08008   -0.00168      1
  -0.06031   -0.00380   -0.06670    0.01033      3
  -0.05680   -0.00325   -0.05993   -0.00662      3
  -0.03985   -0.00367   -0.02883   -0.00332      4
  -0.00671   -0.00312   -0.02294   -0.00572     77
  -0.00497   -0.00442   -0.01919   -0.00377     73
   0.00581   -0.00558   -0.01434    0.01615      1
   0.01286   -0.00486   -0.00875   -0.00419      4
   0.01450   -0.00526    0.02726   -0.02548      4
   0.04110   -0.00446    0.02306   -0.01206     64
   0.04774   -0.00460    0.01378    0.04760     30
   0.06969   -0.00368    0.05300    0.00302      2
   0.07306   -0.00319    0.05759    0.00371    120
   0.07449   -0.00555    0.05938   -0.00135     13
   0.08165   -0.00542    0.07194   -0.00276      1
   0.09607   -0.00423    0.07189   -0.00037     15
   0.09813   -0.00506    0.09928    0.00211      2
   0.12353   -0.00200    0.10570    0.01018      1
   0.22157   -0.00360    0.13130    0.00481      1
  -0.12362   -0.00063   -0.13184   -0.00877      3
  -0.09612   -0.00083   -0.09439   -0.01376      2
  -0.08220    0.00166   -0.08360    0.00955      2
  -0.07436    0.00107   -0.07992    0.00857     32
  -0.07074    0.00136   -0.07819    0.00698     39
  -0.06842    0.00123   -0.07688    0.00580    183
  -0.06563    0.00173   -0.07553    0.00508     17
  -0.05085   -0.00083   -0.03609    0.04913      5
  -0.03998    0.00026   -0.03941    0.00516      4
  -0.00616   -0.00154   -0.01573    0.00000     18
  -0.00490    0.00020   -0.01789    0.00200    167
   0.03667   -0.00062    0.12322    0.00409      5
   0.04138    0.00092    0.02151   -0.01611    162
   0.04823   -0.00098    0.01324    0.04878      9
   0.07219    0.00000    0.05740    0.00622    159
   0.07456   -0.00148    0.05805    0.00723      1
   0.09735    0.00092    0.07639    0.00155     74
   0.09809    0.00044    0.04902   -0.00063      4
  -0.22182    0.00352   -0.14376   -0.00804      1
  -0.12352    0.00460   -0.12862   -0.00346      2
  -0.07609    0.00332   -0.08833    0.01163      1
  -0.07212    0.00245   -0.07943    0.00851     32
  -0.06720    0.00210   -0.07874    0.00293      6
  -0.06383    0.00392   -0.06485    0.00192      2
  -0.06120    0.00424   -0.06454    0.01084      2
  -0.05095    0.00554   -0.02342    0.05654      3
  -0.04227    0.00221   -0.05873   -0.00888      1
  -0.03975    0.00432   -0.02970    0.00000      1
  -0.00267    0.00342   -0.01582    0.00768     72
  -0.00084    0.00490   -0.01512    0.01096     15
   0.01545    0.00338    0.03193   -0.00551      1
   0.03638    0.00511    0.07917    0.03159      7
   0.04135    0.00322    0.02185   -0.01641    236
   0.04841    0.00531    0.01680    0.04638     14
   0.07140    0.00341    0.05627    0.01046    109
   0.09716    0.00290    0.07643    0.00388     53
   0.09821    0.00307    0.08276    0.00377      9
   0.12356    0.00209    0.10859    0.01623      1
  -0.22162    0.00826   -0.16279   -0.00082      2
  -0.12347    0.00681   -0.14669   -0.02515      2
  -0.08125    0.00907   -0.08666    0.01049      1
  -0.07615    0.00635   -0.08668    0.01468      4
  -0.07338    0.00900   -0.09761    0.00974      1
  -0.06374    0.00688   -0.07112    0.01058     24
  -0.05209    0.00901   -0.02368    0.06645      3
  -0.04612    0.00896   -0.04139    0.01983      1
  -0.03938    0.00713   -0.02589    0.00557      6
  -0.00247    0.00761   -0.01321    0.00773     11
  -0.00058    0.00837   -0.01561    0.01267     64
   0.00381    0.00915   -0.01372    0.01614      3
   0.01284    0.00837   -0.00904   -0.01509      2
   0.03611    0.00649    0.02491   -0.01803      2
   0.04079    0.00781    0.02256   -0.02024     99
   0.04831    0.00714    0.01590    0.04781     21
   0.07083    0.00785    0.05674    0.01921    159
   0.09671    0.00897    0.07831    0.01626     51
   0.09804    0.00731    0.08875   -0.00122      2
  -0.22152    0.01161   -0.25467    0.00222      1
  -0.12286    0.01231   -0.13407    0.00164      3
  -0.06316    0.01211   -0.06989    0.01304      4
  -0.05159    0.01075   -0.01747    0.06706      3
  -0.03857    0.01067   -0.03123   -0.00014     10
  -0.03793    0.01265   -0.03468    0.01162      4
  -0.00793    0.01193   -0.02370    0.02205      7
  -0.00082    0.01002   -0.02187    0.03017      2
   0.00379    0.01329   -0.00741    0.02328     20
   0.00800    0.01292    0.02258    0.03271      3
   0.03783    0.01294    0.01780    0.01057      1
   0.03966    0.01239    0.02104   -0.01462    197
   0.04809    0.01140    0.01474    0.04897     11
   0.06978    0.01301    0.05425    0.01632      8
   0.07124    0.01099    0.05429    0.02023    216
   0.09613    0.01232    0.07982    0.02408     35
   0.12280    0.01380    0.10610    0.02449      1
   0.17655    0.01377    0.10745    0.04851      1
  -0.12270    0.01490   -0.12568   -0.00281      2
  -0.07510    0.01449   -0.08998    0.00126      1
  -0.03646    0.01640   -0.03082    0.00805      9
  -0.00653    0.01429   -0.03204    0.01640      1
  -0.00512    0.01449   -0.01971    0.02573      5
   0.00700    0.01405   -0.00732    0.04895      1
   0.03124    0.01711    0.07565    0.03641      5
   0.03768    0.01773    0.01849   -0.01636     23
   0.03882    0.01614    0.02327   -0.01302    283
   0.04799    0.01490    0.01114    0.05232     14
   0.06992    0.01631    0.06244    0.03932      1
   0.07184    0.01561    0.05810    0.01734     92
   0.09570    0.01556    0.07331    0.02034     27
   0.17691    0.01654    0.03799   -0.21993      1
  -0.22094    0.02011   -0.15997    0.00838      1
  -0.07522    0.01924   -0.08741    0.00732      2
  -0.05938    0.02033   -0.06569    0.03362      1
  -0.04957    0.01986   -0.00703    0.06803      1
  -0.04420    0.01814   -0.05758    0.03855      1
  -0.03553    0.01834   -0.02623    0.01365      5
  -0.03309    0.01954   -0.03293    0.01664      1
   0.02901    0.02161    0.04133    0.05690      5
   0.03745    0.01881    0.02047   -0.02054    161
   0.03824    0.01873    0.02436   -0.00857     33
   0.04504    0.02141    0.02260    0.04712      4
   0.04677    0.02063    0.00985    0.05949      1
   0.07119    0.02004    0.06163    0.03355     86
   0.07904    0.02160    0.06518    0.02791      4
   0.09308    0.02018    0.06542    0.02878      2
   0.09447    0.02118    0.07681    0.02490     39
  -0.22027    0.02436   -0.03080    0.10118      2
  -0.12104    0.02410   -0.12751    0.00974      3
  -0.07469    0.02392   -0.08806    0.02268      5
  -0.07228    0.02301   -0.08607    0.02206      2
  -0.06932    0.02483   -0.07969    0.02113     78
  -0.05680    0.02364   -0.06535    0.03020      1
  -0.04756    0.02440   -0.01397    0.06395      6
  -0.04188    0.02402   -0.05039    0.04490      1
  -0.03527    0.02458   -0.04981    0.02706      2
  -0.03273    0.02458   -0.02949    0.02065     11
  -0.02855    0.02270   -0.05885    0.05026      1
   0.02766    0.02458    0.05144    0.04354     12
   0.03347    0.02482    0.01467   -0.02590     53
   0.03575    0.02335    0.02058   -0.02052     36
   0.04430    0.02353    0.02213    0.04870     15
   0.06903    0.02546    0.06079    0.03738    160
   0.07104    0.02369    0.06148    0.03518     28
   0.07776    0.02520    0.06556    0.03334     26
   0.07847    0.02334    0.06215    0.03240     19
   0.09372    0.02437    0.07504    0.02805     29
   0.09488    0.02289    0.06845    0.02517     20
   0.22030    0.02475    0.13095    0.03632      1
  -0.12030    0.02832   -0.12530    0.01664      2
  -0.07441    0.02634   -0.09566    0.02545      1
  -0.07340    0.02938   -0.07757    0.02826     31
  -0.06835    0.02712   -0.07423    0.02385     58
  -0.06523    0.02902   -0.07092    0.02034      8
  -0.05015    0.02934   -0.06430    0.03447     13
  -0.04890    0.02953   -0.06283    0.03489     60
  -0.04293    0.02883   -0.04792    0.03583     17
  -0.03763    0.02646   -0.04336    0.02741      1
  -0.03166    0.02674   -0.04044   -0.03763      5
  -0.02718    0.02932   -0.02566    0.01255     10
   0.02388    0.02970    0.01220    0.05997      1
   0.02920    0.02741    0.00237    0.01391     43
   0.03208    0.02662    0.01582   -0.02602     20
   0.03525    0.02610    0.02614   -0.00676      1
   0.04109    0.02921    0.02498    0.05353      7
   0.04259    0.02685    0.02360    0.05102      2
   0.06877    0.02854    0.05787    0.03621     83
   0.07023    0.02797    0.05774    0.02979     44
   0.07600    0.02836    0.06111    0.03742    128
   0.09209    0.02861    0.06801    0.03274    207
   0.09512    0.02679    0.07998    0.02754      1
  -0.11889    0.03393   -0.12553    0.01854      1
  -0.07274    0.03119   -0.06729    0.03258     13
  -0.06748    0.03134   -0.06348    0.02884     10
  -0.06324    0.03183   -0.06921    0.02820     29
  -0.06007    0.03309   -0.06851    0.03013     19
  -0.05483    0.03202   -0.07002    0.03197     11
  -0.05368    0.03312   -0.06607    0.03284    115
  -0.04859    0.03143   -0.05982    0.03497    124
  -0.04509    0.03197   -0.05528    0.03662     67
  -0.04131    0.03263   -0.05134    0.04017     17
  -0.02719    0.03165   -0.02799   -0.03006      2
  -0.02260    0.03298   -0.02875    0.02318     39
  -0.02159    0.03365   -0.02330    0.02624      7
   0.02152    0.03369   -0.00519    0.02047     23
   0.02241    0.03311   -0.00494    0.01736     58
   0.02625    0.03016    0.00877    0.01658     13
   0.03179    0.03235    0.02742   -0.01475      8
   0.03981    0.03122    0.02470    0.05291     14
   0.04697    0.03003    0.03806    0.03439      1
   0.06585    0.03381    0.05838    0.03370      2
   0.06820    0.03205    0.05034    0.03143    270
   0.07293    0.03271    0.05541    0.03805     29
   0.07464    0.03169    0.05908    0.03781     50
   0.08949    0.03329    0.06524    0.03473     53
   0.09079    0.03131    0.06588    0.03490     55
   0.11868    0.03316    0.09511    0.02745      1
   0.17251    0.03297    0.13189    0.02421      1
  -0.11807    0.03662   -0.12323    0.02151      1
  -0.10517    0.03401   -0.09999    0.04535      1
  -0.07089    0.03618   -0.06832    0.03005      4
  -0.06657    0.03678   -0.06596    0.03328     12
  -0.06557    0.03479   -0.06421    0.02823      4
  -0.05933    0.03443   -0.06798    0.03201     38
  -0.05619    0.03730   -0.06722    0.03374     10
  -0.05309    0.03557   -0.06566    0.03326    374
  -0.04800    0.03585   -0.05889    0.03594     22
  -0.04326    0.03465   -0.05453    0.03956     12
  -0.04025    0.03582   -0.05195    0.03858     31
  -0.03731    0.03676   -0.05300    0.04323     12
  -0.01979    0.03474   -0.02047    0.01635     15
  -0.01676    0.03673   -0.02803    0.03594     66
  -0.01252    0.03797   -0.01686    0.02256     53
   0.01323    0.03773   -0.01140    0.02922    203
   0.01467    0.03719   -0.00985    0.03061    161
   0.01955    0.03568    0.00388    0.02521    107
   0.02350    0.03560    0.01139   -0.02581     70
   0.02867    0.03549    0.02786   -0.01919     15
   0.03315    0.03765    0.02405    0.04783     11
   0.03526    0.03684    0.02630    0.05244     56
   0.03919    0.03434    0.00894    0.04318      1
   0.06486    0.03551    0.05147    0.04335    164
   0.06696    0.03509    0.05150    0.04078     81
   0.07102    0.03582    0.05379    0.04058     44
   0.08872    0.03489    0.06111    0.03614      6
   0.09054    0.03451    0.06542    0.03496      2
   0.10519    0.03587    0.08200    0.03247      1
   0.11811    0.03512    0.09876    0.00673      1
  -0.21802    0.04065   -0.02923   -0.09269      1
  -0.11710    0.03953   -0.11814    0.02910      4
  -0.10824    0.04045   -0.11824    0.03491      4
  -0.08643    0.04015   -0.08981    0.03474      2
  -0.07011    0.03827   -0.08869    0.03278      5
  -0.06907    0.04021   -0.08545    0.03261      7
  -0.06323    0.04005   -0.06442    0.03544     14
  -0.06026    0.04045   -0.06563    0.03986     13
  -0.05483    0.03873   -0.06539    0.03610    137
  -0.05279    0.04033   -0.06047    0.04105     20
  -0.04813    0.04021   -0.05925    0.04900      2
  -0.04307    0.03966   -0.05614    0.03915     24
  -0.04084    0.03882   -0.04913    0.03721      3
  -0.03488    0.04171   -0.04717    0.04070     22
  -0.01916    0.04055   -0.03080   -0.03156      1
  -0.01682    0.04081   -0.03646    0.04074     11
  -0.01238    0.03802   -0.01802    0.02426     41
  -0.00791    0.03919   -0.01682    0.02282     42
  -0.00477    0.03970   -0.01440    0.01642     17
   0.00029    0.03997   -0.01202    0.02160     21
   0.00310    0.03986   -0.01278    0.02094     56
   0.00852    0.03906   -0.00907    0.02713    241
   0.01114    0.03840   -0.00980    0.02941    173
   0.01763    0.03923   -0.00009    0.04675      5
   0.02025    0.04107    0.00979    0.04856     35
   0.02284    0.04081    0.02490   -0.02016     73
   0.02682    0.03855    0.01257    0.04640     69
   0.03292    0.04033    0.02632    0.05414    114
   0.03510    0.04153    0.02791    0.05472     66
   0.06084    0.04150    0.04474    0.04241    217
   0.06398    0.04024    0.05187    0.04453    156
   0.06855    0.03970    0.05208    0.04067     49
   0.11669    0.03841    0.09929    0.01733      1
  -0.21702    0.04321   -0.15173    0.03060      1
  -0.11592    0.04297   -0.11924    0.03330      4
  -0.06700    0.04318   -0.08756    0.03552      4
  -0.06385    0.04265   -0.06545    0.03791    113
  -0.05993    0.04360   -0.06519    0.03668     26
  -0.05505    0.04490   -0.06403    0.03886     22
  -0.05231    0.04373   -0.06044    0.04140     13
  -0.04845    0.04330   -0.04709    0.04360      3
  -0.02637    0.04471   -0.05040    0.04214      1
  -0.02522    0.04522   -0.06014    0.02526      2
  -0.01922    0.04529   -0.05640   -0.01354      2
  -0.01791    0.04219   -0.03571    0.04306     15
   0.00399    0.04375   -0.00883    0.05555      2
   0.01190    0.04321    0.00219   -0.03729      6
   0.01733    0.04563    0.02755   -0.02327     17
   0.02049    0.04298    0.02579   -0.02567    142
   0.02520    0.04586    0.02671    0.05254      4
   0.02922    0.04335    0.02443    0.05216      3
   0.03123    0.04231    0.02714    0.05344     10
   0.03624    0.04262    0.02790    0.05637    162
   0.03806    0.04379    0.02834    0.05220      1
   0.05209    0.04581    0.04251    0.04771      1
   0.05730    0.04487    0.04395    0.04381    192
   0.05906    0.04299    0.04439    0.04280    455
   0.06341    0.04334    0.04954    0.03865     19
   0.06636    0.04288    0.04570    0.03606     56
   0.10878    0.04521    0.07674    0.04870      1
  -0.21691    0.04626   -0.17534    0.05127      1
  -0.11429    0.04694   -0.11083    0.05192      1
  -0.11350    0.04892   -0.11773    0.03656      6
  -0.08150    0.04903   -0.08759    0.03033      1
  -0.06747    0.04618   -0.08380    0.03961      1
  -0.06318    0.04921   -0.06850    0.03935     31
  -0.06060    0.04912   -0.06390    0.03878      5
  -0.02299    0.04793   -0.03117    0.04950      5
  -0.02090    0.04893   -0.04156    0.04147      9
  -0.01714    0.04940   -0.03394    0.03704      4
  -0.00874    0.04883   -0.04137   -0.03870      6
   0.00526    0.04923    0.01422   -0.04773      2
   0.00690    0.04763    0.02116   -0.04058      2
   0.01207    0.04910    0.02952   -0.02445     43
   0.01559    0.04712    0.02812   -0.02448     31
   0.02011    0.04886    0.03146    0.05377      9
   0.02377    0.04712    0.02534    0.05968      4
   0.02727    0.04839    0.02489    0.05478      2
   0.03623    0.04902    0.02482    0.05816    149
   0.03999    0.04897    0.02902    0.05598    154
   0.04384    0.04839    0.03461    0.05531    185
   0.04742    0.04754    0.03990    0.05353    189
   0.05284    0.04764    0.04391    0.04829    216
   0.05513    0.04710    0.04541    0.04822     98
   0.05994    0.04620    0.04955    0.04796    129
   0.06471    0.04736    0.04832    0.03296      1
   0.10836    0.04636    0.09146    0.02709      1
   0.11375    0.04817    0.11542    0.06826      1
  -0.21583    0.05080   -0.16635    0.04080      2
  -0.11189    0.05163   -0.10433    0.02780      4
  -0.06277    0.05241   -0.06939    0.05334     32
  -0.05934    0.05297   -0.06480    0.03900    248
  -0.05714    0.05257   -0.06501    0.03678      3
  -0.01860    0.05021   -0.02941    0.05043      4
  -0.01679    0.05098   -0.02283    0.05405     17
  -0.01263    0.05360   -0.02052    0.05899      5
  -0.00916    0.05193   -0.01414    0.04837      1
  -0.00320    0.05235   -0.05283   -0.04054      1
   0.00160    0.05377    0.03518   -0.01880      4
   0.00497    0.05255    0.03390   -0.02113     13
   0.00862    0.05101    0.03185   -0.02549     37
   0.01027    0.05012    0.03100   -0.01732      6
   0.01457    0.05114    0.03238    0.05399      6
   0.02994    0.05191    0.00911    0.04865      1
   0.03270    0.05319    0.02962    0.05894      5
   0.03601    0.05029    0.02290    0.05677     65
   0.03946    0.05206    0.02547    0.05665     44
   0.04480    0.05098    0.03403    0.05711     15
   0.04797    0.05191    0.03633    0.05174     36
   0.05131    0.05136    0.04115    0.04897     23
   0.05433    0.05320    0.03987    0.04523      1
   0.05829    0.05019    0.04383    0.05132      3
  -0.12521    0.05535   -0.19465    0.15428      1
  -0.11011    0.05609   -0.11633    0.03959      4
  -0.10981    0.05660   -0.11364    0.05227      3
  -0.09543    0.05723   -0.13011    0.06374      1
  -0.09363    0.05714   -0.11297    0.06717      2
  -0.08995    0.05717   -0.12172    0.06042      1
  -0.08205    0.05503   -0.09218    0.05451      1
  -0.07620    0.05782   -0.06436    0.03422      1
  -0.05874    0.05543   -0.06637    0.05870     55
  -0.05521    0.05734   -0.06658    0.05607    107
  -0.05262    0.05787   -0.05940    0.05637      1
  -0.00319    0.05514   -0.01781    0.06478      7
  -0.00063    0.05731   -0.00838    0.06557     29
   0.02755    0.05526    0.01004    0.05804      2
   0.03905    0.05729    0.03325    0.05556      2
   0.04279    0.05588    0.02946    0.05946      8
   0.05213    0.05752    0.03887    0.06099     14
   0.06051    0.05414    0.04388    0.04135      1
   0.12939    0.05785    0.17137    0.04882      1
  -0.21332    0.06089   -0.14035    0.03214      1
  -0.10813    0.05979   -0.11541    0.04498      7
  -0.08906    0.05830    0.28416    0.19823      1
  -0.07833    0.05960   -0.07471    0.06417     20
  -0.07740    0.06004   -0.07398    0.06177     32
  -0.07269    0.06141   -0.06421    0.06780      3
  -0.05480    0.05995   -0.06532    0.05937     60
  -0.05219    0.06028   -0.06218    0.05658     27
  -0.04964    0.06108   -0.05564    0.05623      4
  -0.00361    0.05812   -0.01588    0.06467      1
   0.00176    0.05826   -0.01108    0.06840      1
   0.00345    0.05920   -0.00989    0.06383      3
   0.01104    0.06116   -0.00012    0.06718      3
   0.02034    0.06082    0.00709    0.07011      3
   0.03612    0.05872    0.02472    0.05794      1
   0.04893    0.05905    0.03352    0.05944      4
   0.05117    0.05998    0.04785    0.06755      2
   0.05631    0.05876    0.04453    0.05868      2
  -0.21186    0.06570   -0.13417    0.03470      1
  -0.10645    0.06283   -0.11731    0.04193      2
  -0.10515    0.06447   -0.11100    0.05105      6
  -0.09792    0.06403   -0.11124    0.04883      1
  -0.07468    0.06439   -0.07571    0.05897      6
  -0.07124    0.06311   -0.06688    0.05886      6
  -0.06829    0.06565   -0.06634    0.06474      1
  -0.05186    0.06273   -0.06974    0.06060     44
  -0.04723    0.06485   -0.05826    0.06191     29
  -0.04350    0.06421   -0.05508    0.05964      4
  -0.02772    0.06240   -0.04418    0.04588      2
   0.01502    0.06449    0.01064    0.01880      1
   0.04899    0.06367    0.03447    0.07130      1
   0.05146    0.06371    0.05643    0.06180      1
   0.07145    0.06488    0.04179    0.07664      1
   0.12031    0.06448    0.01250    0.02694      1
  -0.21097    0.06835   -0.25909    0.04896      1
  -0.10292    0.06817   -0.10730    0.05980      6
  -0.08876    0.06833   -0.08046    0.06469      7
  -0.07123    0.06849   -0.07913    0.05778      8
  -0.06778    0.06911   -0.07371    0.06233      2
  -0.06492    0.06959   -0.06849    0.05478      4
  -0.04382    0.06700   -0.05530    0.06127    117
  -0.04091    0.06878   -0.05533    0.05747      8
   0.02843    0.06804    0.02547    0.05759      2
   0.04576    0.06641    0.03561    0.07174      1
   0.04833    0.06640    0.03137    0.06078      1
   0.11736    0.06958    0.01273    0.02469      2
  -0.20921    0.07347   -0.12987    0.04295      1
  -0.10077    0.07090   -0.10370    0.06330      5
  -0.09188    0.07308   -0.06964    0.06510     29
  -0.08951    0.07264   -0.09282    0.07111      6
  -0.08565    0.07050   -0.07688    0.05647      1
  -0.06774    0.07053   -0.06887    0.06541      5
  -0.06461    0.07159   -0.07174    0.06228     36
  -0.06054    0.07373   -0.06877    0.06427     29
  -0.03917    0.07064   -0.05057    0.06472     25
  -0.03658    0.07249   -0.04794    0.06679     63
  -0.03239    0.07296   -0.04672    0.06364      6
  -0.02569    0.07008   -0.03279    0.07504      1
  -0.01885    0.07353   -0.03178    0.07450      1
   0.01674    0.07344    0.00205    0.07827      1
   0.01976    0.07164    0.01220    0.06948      3
   0.03012    0.07279    0.03321    0.07288      1
   0.03571    0.07390    0.01144    0.08926      1
   0.03827    0.07228    0.02735    0.07432      1
   0.11472    0.07376    0.01981    0.01067      1
  -0.20840    0.07599   -0.15654    0.05003      2
  -0.11427    0.07632    0.24691    0.24434      1
  -0.09862    0.07442   -0.10119    0.06723      1
  -0.09546    0.07748   -0.09825    0.06411     10
  -0.09071    0.07542   -0.08894    0.06254     73
  -0.08949    0.07753   -0.09423    0.06156      4
  -0.08314    0.07613   -0.08870    0.06375      2
  -0.07972    0.07603   -0.05839    0.05951      2
  -0.06245    0.07669   -0.05986    0.07649      2
  -0.06012    0.07566   -0.06779    0.07034     34
  -0.05767    0.07631   -0.07312    0.06722      3
  -0.03054    0.07463   -0.03909    0.06766      4
  -0.02779    0.07601   -0.03755    0.07244     18
  -0.02464    0.07613   -0.03086    0.07279     13
  -0.01829    0.07663   -0.02406    0.07460     20
  -0.01772    0.07672   -0.02431    0.07697     38
  -0.01339    0.07766   -0.00830    0.08780      7
  -0.00051    0.07750    0.00058    0.08369      1
   0.00936    0.07779   -0.00363    0.07593      2
   0.01120    0.07688   -0.00206    0.07376      7
   0.01467    0.07478    0.00027    0.07649      3
   0.02254    0.07740    0.01024    0.07671      1
   0.02725    0.07429    0.02053    0.07555      1
   0.03306    0.07509    0.02349    0.07961      6
   0.09746    0.07541    0.09787    0.07349      1
  -0.20667    0.08000   -0.27373    0.08947      1
  -0.11600    0.08035   -0.12262    0.08844      1
  -0.09437    0.07846   -0.09643    0.06633     22
  -0.09354    0.07941   -0.10015    0.06452     39
  -0.08827    0.07815   -0.09486    0.06692      1
  -0.08462    0.08166   -0.07254    0.06195      1
  -0.05967    0.07898   -0.07438    0.08095      5
  -0.05600    0.08040   -0.06605    0.08269     10
  -0.05235    0.08010   -0.05600    0.06676     19
  -0.02265    0.07801   -0.02275    0.08148      1
  -0.02158    0.07921   -0.03955    0.07376      1
  -0.01702    0.08048   -0.03525    0.07491      1
  -0.01176    0.08092   -0.00907    0.08773      5
   0.00164    0.07879   -0.00515    0.08049      8
   0.00227    0.07863   -0.00324    0.09264      3
   0.00828    0.08114    0.00262    0.09065      2
   0.01269    0.08021   -0.00214    0.07646      1
   0.01600    0.07986    0.00185    0.07827      2
   0.02380    0.07805    0.01177    0.08377      1
   0.04724    0.08166    0.02848    0.06612      1
   0.05111    0.07970    0.03522    0.07286      2
   0.06871    0.08087   -0.00511    0.03381      1
  -0.20454    0.08506   -0.13167    0.07106      2
  -0.09071    0.08370   -0.09258    0.07444     15
  -0.08883    0.08527   -0.08916    0.07292     16
  -0.08407    0.08300   -0.08184    0.06259      4
  -0.07815    0.08284   -0.08825    0.08086      1
  -0.07731    0.08464   -0.07487    0.06601      2
  -0.07352    0.08290   -0.07216    0.06777      2
  -0.05112    0.08428   -0.06313    0.06815      3
  -0.04905    0.08573   -0.04817    0.08936      2
   0.04723    0.08418    0.02982    0.08060      2
   0.08911    0.08412    0.06744    0.06490      1
   0.09195    0.08201    0.06999    0.08224      1
   0.10723    0.08313   -0.07164    0.09094      2
  -0.20380    0.08733   -0.19655    0.06493      3
  -0.11035    0.08812   -0.10208    0.04042      1
  -0.08698    0.08706   -0.09197    0.07661     30
  -0.08514    0.08912   -0.08867    0.07540     23
  -0.07420    0.08689   -0.07366    0.07439      2
  -0.07036    0.08772   -0.07559    0.07454      5
  -0.06843    0.08612   -0.06180    0.08413      1
  -0.04783    0.08622   -0.05495    0.07282      3
  -0.04195    0.08654   -0.03963    0.07269      1
  -0.03694    0.08832   -0.04411    0.06986      2
   0.03600    0.08860    0.01696    0.07848     14
   0.03862    0.08694    0.01830    0.08351      2
   0.07112    0.08720    0.04711    0.07509      2
   0.08721    0.08762    0.06209    0.08825      2
  -0.20151    0.09217   -0.15749    0.08512      2
  -0.10552    0.09327   -0.10099    0.04853      2
  -0.08313    0.09129   -0.08846    0.07789     17
  -0.08086    0.09327   -0.08791    0.07898     10
  -0.07465    0.09085   -0.07152    0.07604      2
  -0.07323    0.09218   -0.07618    0.08636      2
  -0.06232    0.09108   -0.06626    0.08416     15
  -0.06136    0.09202   -0.05900    0.08794     13
  -0.04024    0.09022   -0.05219    0.09454      1
  -0.03551    0.09186   -0.04562    0.08938     10
  -0.03316    0.09070   -0.03231    0.08975      1
  -0.02948    0.09242   -0.03537    0.08373      3
   0.02133    0.09266   -0.00166    0.08638      1
   0.02520    0.09327    0.00805    0.08892      3
   0.03192    0.09318    0.01514    0.08414      1
   0.08042    0.09359    0.05534    0.08768      2
  -0.10912    0.09465    0.19712   -0.07409      1
  -0.07892    0.09494   -0.08439    0.08716     14
  -0.07643    0.09702   -0.08293    0.08592     19
  -0.06569    0.09453   -0.06766    0.08750      2
  -0.05855    0.09585   -0.05862    0.08854      2
  -0.05595    0.09620   -0.05416    0.08728     10
  -0.05372    0.09796   -0.05249    0.09128      1
  -0.02618    0.09445   -0.03841    0.08732      2
  -0.02259    0.09459   -0.03562    0.09076      3
  -0.02072    0.09585   -0.02927    0.09319      3
  -0.01482    0.09720   -0.02435    0.09326      4
  -0.01288    0.09768   -0.03978    0.09846      1
  -0.00652    0.09714   -0.01715    0.08887     20
  -0.00560    0.09756   -0.01884    0.09440      2
   0.00035    0.09792   -0.00708    0.08701      2
   0.00208    0.09722   -0.01696    0.08604      2
   0.00984    0.09795   -0.00490    0.09243      7
   0.01043    0.09791   -0.00170    0.09339      5
   0.01621    0.09727    0.01014    0.08761      1
   0.01861    0.09513    0.00173    0.08998      1
   0.02405    0.09566    0.00352    0.08504      2
   0.02734    0.09485    0.02523    0.08357      1
   0.03065    0.09406    0.01046    0.08395      1
   0.06459    0.09737    0.04552    0.08280      1
   0.07717    0.09645    0.06066    0.09682      2
   0.07950    0.09457    0.06162    0.09144      4
  -0.19726    0.10099   -0.13843    0.06287      4
  -0.07448    0.09837   -0.08190    0.08442      6
  -0.07170    0.10033   -0.08224    0.08747     27
  -0.06987    0.10177   -0.08175    0.08347      3
  -0.05748    0.09864   -0.05444    0.11162      1
  -0.05270    0.09895   -0.05794    0.09956      3
  -0.04701    0.09968   -0.04809    0.08858      1
  -0.04532    0.10178   -0.05505    0.09810      1
  -0.01007    0.09814   -0.01386    0.10528      1
  -0.00886    0.09850   -0.02415    0.09144      5
  -0.00226    0.09816   -0.01113    0.08567      1
  -0.00015    0.09812   -0.00894    0.08231      2
   0.00540    0.09807   -0.01293    0.06716      1
   0.00896    0.09806   -0.00481    0.08918      8
   0.01003    0.09803   -0.00085    0.09719      1
   0.07103    0.10115    0.05250    0.10159      4
   0.07485    0.09815    0.05698    0.10161      2
   0.09353    0.10200    0.09123    0.12837      1
  -0.06740    0.10343   -0.07442    0.09282     20
  -0.06445    0.10530   -0.07257    0.09302     11
  -0.05066    0.10265   -0.04711    0.08932      3
  -0.04667    0.10424   -0.04466    0.09180      3
  -0.04551    0.10375   -0.04895    0.09366      5
  -0.03362    0.10560   -0.04308    0.08912      1
   0.06441    0.10544    0.04908    0.09808      5
   0.06838    0.10286    0.05265    0.09816      4
   0.09123    0.10236    0.06666    0.10585      1
  -0.19453    0.10624   -0.13482    0.06359      2
  -0.19395    0.10782   -0.14020    0.06290      3
  -0.09185    0.10742   -0.06269    0.04690      1
  -0.06252    0.10644   -0.06919    0.09489      2
  -0.05999    0.10787   -0.06728    0.09574     13
  -0.05764    0.10918   -0.06259    0.09845      7
  -0.04677    0.10846   -0.05619    0.10202      5
  -0.04288    0.10903   -0.04991    0.09376      9
  -0.04169    0.10947   -0.05457    0.08508      3
  -0.03159    0.10980   -0.04232    0.09165      5
  -0.02650    0.10839   -0.03855    0.09104     10
  -0.02468    0.10930   -0.03595    0.09524      4
   0.02067    0.10971    0.01101    0.09872      9
   0.02212    0.10880    0.01226    0.19490      1
   0.04155    0.10985    0.01860    0.07141      1
   0.04387    0.10948    0.01482    0.08387      5
   0.05687    0.10915    0.03376    0.09816     16
   0.05962    0.10781    0.04012    0.09880     23
   0.06200    0.10632    0.04593    0.09674      1
  -0.19119    0.11212   -0.10820    0.07919      1
  -0.09448    0.11046   -0.30877   -0.29301      1
  -0.05489    0.11058   -0.05894    0.09617      3
  -0.05220    0.11168   -0.06900    0.10327      7
  -0.04852    0.11351   -0.05795    0.10206      4
  -0.03941    0.11093   -0.05264    0.10116      4
  -0.03658    0.11134   -0.03985    0.08415      3
  -0.03019    0.11098   -0.04963    0.11580      1
  -0.02989    0.11024   -0.04608    0.08558      1
  -0.01824    0.11088   -0.02398    0.09140      1
  -0.00913    0.11398   -0.02497    0.08271      1
   0.00051    0.11273   -0.01440    0.10794      1
   0.02051    0.11007    0.00920    0.09997      6
   0.03117    0.11355    0.01707    0.08101      1
   0.04174    0.11082    0.02117    0.09394      3
   0.04283    0.11023    0.02472    0.10142      3
   0.04816    0.11359    0.03054    0.10808     13
   0.05163    0.11186    0.03563    0.10284     15
   0.05447    0.11031    0.04434    0.11925      2
  -0.18934    0.11512   -0.17639    0.07470      2
  -0.04662    0.11414   -0.05271    0.09846      5
  -0.04320    0.11479   -0.04890    0.10154     19
  -0.03990    0.11665   -0.05269    0.10481     24
  -0.03586    0.11764   -0.04845    0.10183     27
  -0.01466    0.11592   -0.02309    0.08133      3
  -0.01162    0.11705   -0.02481    0.09991      2
  -0.00661    0.11510   -0.02218    0.09698     11
  -0.00324    0.11692   -0.01439    0.09086     18
   0.00035    0.11708   -0.00729    0.08881     19
   0.03696    0.11718    0.02300    0.09964     74
   0.03990    0.11619    0.01945    0.09443    134
   0.04325    0.11476    0.02212    0.09675     65
   0.04674    0.11430    0.02686    0.10991      3
  -0.18640    0.11875   -0.20221    0.13794      1
  -0.18481    0.12126   -0.15103    0.00686      1
  -0.07706    0.11875   -0.06411    0.06570      1
  -0.03541    0.11815   -0.04887    0.10101     10
  -0.03249    0.11896   -0.04390    0.10785     25
  -0.02871    0.11997   -0.03916    0.10700     11
  -0.02359    0.12076   -0.03864    0.10593      6
  -0.01973    0.12120   -0.03351    0.10500      8
  -0.01633    0.12156   -0.02958    0.10152      4
  -0.00988    0.11801   -0.02091    0.10961      2
   0.01264    0.12194   -0.00734    0.10504      1
   0.01643    0.12151    0.01224    0.10911      1
   0.02107    0.12088    0.00822    0.10259      9
   0.02383    0.12119    0.00917    0.11392      9
   0.02881    0.11962    0.01696    0.10964     27
   0.03205    0.11877    0.01858    0.10940     28
   0.03472    0.11815    0.02780    0.11697     10
  -0.18399    0.12362   -0.10200    0.09646      2
  -0.01858    0.12215   -0.02454    0.11163      1
  -0.01544    0.12266   -0.02602    0.11268      6
  -0.01333    0.12279   -0.02551    0.11141      3
  -0.00784    0.12326   -0.01687    0.11355      5
  -0.00455    0.12344   -0.00556    0.11083      3
  -0.00041    0.12354   -0.00720    0.12128      1
   0.00525    0.12339   -0.00444    0.11643      4
   0.00694    0.12287    0.00077    0.11748      8
   0.01348    0.12272    0.00236    0.11247      5
   0.01615    0.12242    0.00632    0.11690     28
   0.01888    0.12213    0.02064    0.13397      4
  -0.18008    0.12776   -0.18200    0.10496      2
  -0.17225    0.13198   -0.11649    0.09703      2
  -0.04888    0.13306   -0.04794    0.04878      1
  -0.17468    0.13647   -0.13465    0.08678      1
  -0.17047    0.13446   -0.15004   -0.03567      2
  -0.16961    0.13769   -0.18604    0.05937      1
  -0.03235    0.13623   -0.02438    0.06486      1
  -0.17094    0.14089    0.00598   -0.08589      2
  -0.16858    0.13966   -0.02821    0.02131      2
  -0.16849    0.14400   -0.14517    0.11342      3
  -0.16559    0.14728   -0.15055    0.13133      1
  -0.16286    0.15012   -0.12883    0.10545      1
  -0.16157    0.15157   -0.11152    0.10756      2
   0.08316    0.15104    0.05377    0.15185      1
  -0.15621    0.15647   -0.12107    0.12687      6
  -0.15344    0.15701    0.27640    0.08083      1
  -0.07297    0.15620   -0.08461    0.12638      1
  -0.15500    0.15822   -0.11245    0.13119      1
  -0.15308    0.16007   -0.12703    0.13449      4
  -0.14888    0.16390   -0.08502    0.13208      3
  -0.14623    0.16650   -0.09424    0.12506      1
  -0.14449    0.16781   -0.12063    0.09699      1
   0.14438    0.16714    0.11441    0.13068      1
  -0.13955    0.17177   -0.12817    0.17384      1
  -0.13698    0.17407   -0.11184    0.11342      1
  -0.01144    0.17788   -0.01554    0.08224      1
  -0.13159    0.17816   -0.10265    0.12062      1
  -0.12756    0.18090   -0.06413    0.13851      5
  -0.12289    0.17961   -0.15941   -0.14970      1
  -0.12400    0.18356   -0.10206    0.15204      2
   0.12389    0.18385    0.08860    0.11765      2
  -0.11919    0.18694   -0.06763    0.12200      1
  -0.09719    0.19953   -0.09636    0.10333      1
   0.08955    0.20178    0.17397    0.23511      1
  -0.08716    0.20325   -0.13732    0.23036      1
  -0.07931    0.20227   -0.02590    0.15990      1
   0.08775    0.20385   -0.00921    0.14640      1
  -0.05825    0.21336   -0.05038   -0.08833      1
  -0.05181    0.21497   -0.03985    0.17829      1
  -0.04676    0.21626   -0.07997    0.24180      1
  -0.04537    0.21640   -0.02351    0.14844      1
   0.02175    0.21596   -0.10446    0.12144      1
   0.05042    0.21515    0.02128    0.14241      1
   0.05482    0.21508   -0.22107   -0.15653      1
  -0.02391    0.22045    0.10545    0.19261      1
   0.03244    0.21890    0.01661    0.26406      1
   0.03449    0.21923    0.06556    0.25168      1
