   0.17991   -0.12908    0.20365   -0.12236      1
   0.13155   -0.12302    0.05814   -0.05108      1
   0.02343   -0.11600    0.03798   -0.12578      1
   0.18342   -0.11744    0.21114   -0.12737      1
   0.01087   -0.11253    0.01482   -0.13870      1
   0.01666   -0.11362    0.00826   -0.12121      1
   0.00367   -0.09823    0.00254   -0.12146      1
   0.03447   -0.09964    0.02031    0.11521      1
  -0.04496   -0.09686   -0.00519    0.07812      1
  -0.00983   -0.09693    0.01970   -0.10526      1
  -0.00331   -0.09771    0.00533   -0.09850      4
   0.01342   -0.09749    0.03368   -0.07858      1
   0.07892   -0.09438    0.08173   -0.10057      1
  -0.01204   -0.09370   -0.00958   -0.08405      1
   0.03287   -0.09277    0.04723   -0.09310      1
   0.03497   -0.09191    0.01576   -0.06006      1
   0.04650   -0.09368    0.03251    0.08295      1
   0.08317   -0.09089    0.07971   -0.10388      2
  -0.06749   -0.08673    0.00000    0.07649      1
   0.04042   -0.08680    0.04169   -0.09276      1
   0.05590   -0.08698    0.01992    0.05786      1
   0.08826   -0.08529    0.08748   -0.09682      1
  -0.05273   -0.08064   -0.05049   -0.06899      1
  -0.01569   -0.08048   -0.00608   -0.07269      4
   0.08574   -0.08037    0.08341   -0.09562      1
  -0.03580   -0.07408   -0.03575   -0.07667      1
   0.05782   -0.07597    0.04886   -0.06904      2
   0.05824   -0.07438    0.05314   -0.07670      5
   0.06467   -0.07441    0.05406   -0.08293      1
   0.08035   -0.07743   -0.14821   -0.01872      1
   0.08796   -0.07628    0.08870   -0.07404      4
   0.09026   -0.07555    0.09828    0.23495      1
   0.09688   -0.07599    0.08869   -0.07587      3
   0.04208   -0.07010    0.05214   -0.04965      1
   0.06561   -0.07232    0.05848   -0.07718     14
   0.06725   -0.07084    0.06248   -0.07675     14
   0.09997   -0.07189    0.08925   -0.07822      2
  -0.04591   -0.06774   -0.03685   -0.06703      1
   0.04883   -0.06613    0.04447   -0.03219      1
   0.06878   -0.06887    0.06151   -0.07254     18
   0.07058   -0.06795    0.06138   -0.07085     13
   0.10099   -0.06982    0.09987   -0.07229      1
   0.10206   -0.06817    0.10044   -0.06673      1
  -0.07128   -0.06249   -0.06330   -0.05053      1
  -0.01424   -0.06214   -0.01428   -0.06706      5
  -0.01208   -0.06245   -0.00608   -0.05851      2
   0.04997   -0.06536    0.04639   -0.07630      2
   0.05049   -0.06495    0.05171   -0.08205     24
   0.07278   -0.06463    0.07642   -0.05003      4
  -0.07382   -0.05929   -0.05576   -0.04695      1
  -0.03998   -0.06142   -0.04260   -0.06245      1
  -0.02739   -0.05806   -0.00409    0.04978      2
  -0.02323   -0.05832   -0.01412   -0.00109      2
  -0.02162   -0.05982   -0.02296   -0.06767      4
  -0.01622   -0.06141   -0.00864   -0.06577      4
  -0.01145   -0.06046   -0.00673   -0.06388     27
  -0.00800   -0.05908   -0.01001   -0.00620      2
   0.00508   -0.05953   -0.00509    0.04471      1
   0.01131   -0.05815    0.00732    0.04944      3
   0.01768   -0.06105    0.01658   -0.06350      4
   0.07448   -0.05822    0.07578   -0.05942      8
   0.09350   -0.06021    0.06775   -0.03515      2
  -0.07671   -0.05557   -0.05672   -0.04416      3
  -0.03216   -0.05417   -0.03217   -0.05311      3
  -0.02808   -0.05649   -0.02932   -0.05778      5
  -0.02415   -0.05715   -0.00964    0.04211      3
  -0.01479   -0.05473   -0.01022    0.04580      3
  -0.01190   -0.05486   -0.00298   -0.04497      5
   0.00740   -0.05438    0.00420    0.04281      4
   0.01240   -0.05416    0.01331    0.04688     51
   0.01439   -0.05432    0.01366    0.04451     24
   0.01951   -0.05489    0.00820    0.04699      1
   0.02224   -0.05703    0.01387    0.05265      2
   0.05720   -0.05756    0.05524   -0.07331      1
   0.07732   -0.05543    0.07637   -0.05106     27
   0.07891   -0.05487    0.07598   -0.04485     30
   0.09692   -0.05709   -0.07363    0.05330      1
  -0.04034   -0.05137   -0.02579   -0.04984      2
  -0.03665   -0.05253   -0.03594   -0.04455      5
  -0.03241   -0.05349   -0.02932   -0.04628      6
  -0.02771   -0.05023   -0.01910    0.04262     29
  -0.02357   -0.05086   -0.01558    0.04029     56
  -0.01931   -0.05157   -0.01048    0.03734     41
  -0.01580   -0.05206   -0.01106    0.03989     27
  -0.01249   -0.05240   -0.00654    0.04016     30
  -0.00739   -0.05232   -0.00208    0.03613     48
  -0.00354   -0.05282   -0.00221    0.04337     27
  -0.00139   -0.05313    0.00090    0.04497     19
   0.00363   -0.05326    0.00592    0.04665     11
   0.00791   -0.05400    0.01642    0.05238      1
   0.01348   -0.05364    0.00439    0.06163      2
   0.01608   -0.05188    0.01461    0.04573    126
   0.01847   -0.05091    0.01441    0.04427     18
   0.02258   -0.05020    0.01212    0.04146      3
   0.03549   -0.05123    0.04981   -0.04946      1
   0.06420   -0.05051    0.06400   -0.04495     50
   0.08057   -0.05181    0.07778   -0.04264     57
   0.08225   -0.05246    0.08598   -0.03852      9
  -0.08289   -0.04678   -0.07606   -0.04504      5
  -0.08155   -0.04786   -0.06316   -0.04472      3
  -0.04472   -0.04697   -0.02386   -0.03622     15
  -0.03901   -0.04763   -0.02369    0.04398     61
  -0.03536   -0.04860   -0.02151    0.04251     48
  -0.03218   -0.04930   -0.02290    0.04333     25
  -0.02743   -0.04975   -0.01888    0.03793     20
  -0.00751   -0.04812   -0.00510   -0.05285      2
   0.01708   -0.04948    0.01471    0.04456     12
   0.01965   -0.04766    0.01547    0.04353    165
   0.02298   -0.04896    0.01423    0.04301     19
   0.02646   -0.04655    0.03097   -0.03848      3
   0.03284   -0.04869    0.04533   -0.03697      1
   0.03571   -0.04790    0.03879   -0.03028      5
   0.03844   -0.04739    0.03921   -0.03809      3
   0.04418   -0.04662    0.02640    0.00916      2
   0.06476   -0.04884    0.06363   -0.04462    146
   0.06734   -0.04700    0.06945   -0.04733     64
   0.08185   -0.04844    0.09097   -0.04127      1
   0.08415   -0.04637    0.07956   -0.03822      5
  -0.08640   -0.04325   -0.06443   -0.03782      5
  -0.08415   -0.04600   -0.07599   -0.04476      3
  -0.07054   -0.04220   -0.05912   -0.04264      1
  -0.06998   -0.04257   -0.06524   -0.05097      1
  -0.05087   -0.04330   -0.02358    0.05296      5
  -0.04830   -0.04437   -0.03710   -0.03672      6
  -0.04381   -0.04372   -0.01985    0.04632      9
  -0.04175   -0.04530   -0.02107    0.04528      4
  -0.03575   -0.04579   -0.02902    0.03673     11
  -0.00679   -0.04411   -0.01707   -0.03769      2
   0.02164   -0.04564    0.01453    0.04501     23
   0.02359   -0.04430    0.01711    0.04285    114
   0.02871   -0.04293    0.01699    0.04075     24
   0.03245   -0.04431    0.02134    0.04304      4
   0.03741   -0.04225    0.03421   -0.03746      4
   0.03943   -0.04332    0.03542   -0.03119      2
   0.06582   -0.04549    0.06483   -0.04448     15
   0.06754   -0.04422    0.07202   -0.04407    222
   0.07014   -0.04264    0.08144   -0.03032      2
   0.08593   -0.04592    0.09030   -0.03074      1
  -0.10508   -0.03901   -0.08207   -0.05252      3
  -0.08907   -0.04033   -0.07281   -0.03855      9
  -0.07021   -0.04028   -0.05462   -0.03755      3
  -0.06971   -0.03896   -0.06309   -0.02774      4
  -0.05333   -0.03938   -0.06316   -0.04472      3
  -0.04848   -0.03878   -0.03930    0.04882      2
  -0.01028   -0.03864    0.05067    0.02322      2
  -0.00893   -0.03897   -0.00644   -0.01933      6
   0.00070   -0.03997   -0.00186    0.01886     11
   0.00439   -0.03974    0.00710    0.02135     11
   0.00759   -0.03925    0.00999    0.02244     28
   0.01136   -0.03833    0.01279    0.02413     10
   0.01997   -0.03986    0.03381   -0.08323      2
   0.02513   -0.03943    0.02277    0.03865    140
   0.02702   -0.04117    0.01958    0.04114     83
   0.03119   -0.04021    0.02444    0.04318      8
   0.04639   -0.04150    0.04554   -0.04352      1
   0.05179   -0.04154    0.04791   -0.04429      2
   0.06527   -0.03849    0.08084   -0.04055      2
   0.06892   -0.04074    0.07738   -0.04602     31
   0.07105   -0.04007    0.07738   -0.03763     23
   0.08723   -0.03904    0.08836   -0.04463      1
   0.13420   -0.04013    0.04594   -0.01283      1
  -0.10758   -0.03537   -0.09694   -0.03204      3
  -0.10514   -0.03766   -0.09719   -0.03809      1
  -0.07042   -0.03447   -0.06925   -0.03013      3
  -0.06325   -0.03440   -0.07337   -0.03836      1
  -0.06161   -0.03451   -0.05185   -0.02381      3
  -0.05483   -0.03430   -0.02460    0.04807      1
  -0.05016   -0.03741   -0.02946    0.03849      3
  -0.04934   -0.03719   -0.03184    0.04749      4
  -0.01356   -0.03731   -0.01410   -0.18756      1
   0.01387   -0.03750    0.01259    0.02484      2
   0.01659   -0.03638    0.01569    0.03157     23
   0.02043   -0.03572    0.02120    0.02753     60
   0.02305   -0.03671    0.02151    0.03372     68
   0.02896   -0.03719    0.02532    0.03438     26
   0.03126   -0.03644    0.02406    0.03827      7
   0.03501   -0.03710    0.02606    0.03445      3
   0.04012   -0.03465    0.02297    0.03869      1
   0.04411   -0.03429    0.03363    0.04109      1
   0.05614   -0.03686    0.05390   -0.02992     15
   0.05938   -0.03586    0.05142   -0.03481      1
   0.07189   -0.03675    0.07938   -0.03624     41
   0.07415   -0.03548    0.09343   -0.04238      1
   0.09219   -0.03421    0.07671   -0.03026      3
   0.11798   -0.03643    0.12061   -0.03642      1
  -0.09701   -0.03094   -0.01423   -0.23265      1
  -0.09143   -0.03159   -0.29949   -0.25488      1
  -0.07036   -0.03400   -0.05651   -0.03171      1
  -0.06865   -0.03295   -0.05696   -0.03178     13
  -0.06459   -0.03218   -0.07392   -0.03078      4
  -0.05873   -0.03070   -0.02629    0.05823      1
  -0.05767   -0.03030   -0.02874    0.04783      1
  -0.05042   -0.03220   -0.03360    0.03058      5
  -0.03402   -0.03118   -0.02959    0.01527      1
   0.00263   -0.03061    0.00671    0.02668      2
   0.02113   -0.03394    0.01184    0.02518      3
   0.02447   -0.03162    0.02246    0.02156     26
   0.02941   -0.03143    0.02871    0.02895     37
   0.03070   -0.03192    0.02758    0.02916     30
   0.05615   -0.03338    0.05817   -0.02830      6
   0.07201   -0.03311    0.07036   -0.02781     16
   0.07461   -0.03233    0.07698   -0.03748      7
   0.08983   -0.03327    0.08217   -0.03204      1
   0.09228   -0.03381    0.07727   -0.03216      1
   0.11958   -0.03099    0.12105   -0.04089      2
  -0.06376   -0.02613   -0.02484    0.06372      1
  -0.05082   -0.02900   -0.02907    0.03541      8
  -0.04735   -0.02738   -0.01867    0.04438      5
   0.02876   -0.02874    0.01967    0.01773      7
   0.03210   -0.02717    0.02469    0.02531     68
   0.04241   -0.02925    0.04614    0.04550      1
   0.05645   -0.02764    0.05205   -0.03203     38
   0.07357   -0.02776    0.07170   -0.03437     20
   0.07426   -0.02614    0.07242   -0.03537     31
   0.09362   -0.02610    0.00075    0.02249      1
  -0.05346   -0.02315   -0.05830    0.03218      1
  -0.04775   -0.02416   -0.03704    0.02532      3
  -0.03426   -0.02261   -0.02777   -0.02014      4
  -0.03229   -0.02447   -0.02510   -0.01968     10
   0.03285   -0.02589    0.02871    0.02171      5
   0.04739   -0.02327    0.03978    0.03530      2
   0.05747   -0.02465    0.05447   -0.02982     11
   0.07377   -0.02477    0.04657   -0.02550      1
   0.07549   -0.02342    0.07381   -0.02862    203
   0.09374   -0.02548    0.08918   -0.02569     13
   0.09404   -0.02424    0.09692   -0.02245      3
   0.12095   -0.02216    0.11904   -0.02122      3
   0.13354   -0.02326    0.04561   -0.02539      1
  -0.05951   -0.01874   -0.05145   -0.00879      9
  -0.05585   -0.01961   -0.04399   -0.00300      7
  -0.05090   -0.01942   -0.02916    0.02708      3
  -0.04836   -0.01848   -0.03993    0.03362      1
  -0.03568   -0.02030   -0.03563   -0.02247     33
  -0.03368   -0.02154   -0.03326   -0.01320      4
   0.03469   -0.01987    0.06763   -0.01023      1
   0.05037   -0.01867    0.04861    0.03717      1
   0.05519   -0.01862    0.05320   -0.01012      2
   0.05870   -0.02083    0.05320   -0.02533      6
   0.07628   -0.02018    0.07611   -0.02244    218
   0.12117   -0.02096    0.11927   -0.02550     32
   0.13704   -0.01948    0.19912   -0.07643      1
  -0.11317   -0.01656   -0.10840   -0.02698      3
  -0.06229   -0.01587   -0.05077   -0.00619      2
  -0.06087   -0.01722   -0.04390    0.00316      5
  -0.05047   -0.01610   -0.03346    0.03142      3
  -0.04972   -0.01429   -0.02954    0.02190      3
  -0.04219   -0.01421   -0.04845   -0.02547      6
  -0.03970   -0.01647   -0.04153   -0.02515     12
  -0.03666   -0.01625   -0.02212   -0.00731     47
   0.03728   -0.01476    0.04603   -0.00302      5
   0.04127   -0.01545    0.03849   -0.01937      3
   0.04262   -0.01419    0.04913   -0.01907      4
   0.04726   -0.01558    0.04144    0.03320      1
   0.05117   -0.01597    0.05306   -0.02294     21
   0.05635   -0.01699    0.05443   -0.02216      3
   0.05857   -0.01763    0.04884   -0.02776      5
   0.06861   -0.01428    0.06872   -0.01582      4
   0.07365   -0.01450    0.07610   -0.01675     29
   0.07697   -0.01566    0.07671   -0.01881     22
   0.08013   -0.01465    0.08985   -0.01375      1
  -0.06227   -0.01268   -0.04407    0.01281      1
  -0.06127   -0.01277   -0.05127    0.00076     10
  -0.05543   -0.01155   -0.04337    0.00182      6
  -0.05208   -0.01116   -0.03366   -0.00489     18
  -0.04892   -0.01069   -0.04077    0.01539      9
  -0.04547   -0.01141   -0.03701   -0.01307     16
  -0.03930   -0.01218   -0.03194   -0.01250     12
  -0.03779   -0.01306   -0.02133   -0.00472     10
   0.00796   -0.01296   -0.15673   -0.07275      1
   0.01046   -0.01377    0.01741    0.04537      1
   0.03767   -0.01371    0.03142   -0.00555      2
   0.03921   -0.01100    0.04621   -0.00384     20
   0.04564   -0.01314    0.06031   -0.02167      4
   0.04948   -0.01126    0.04547    0.01266      9
   0.05330   -0.01330    0.04596    0.03762      1
   0.06030   -0.01208    0.05290   -0.02278      1
   0.06262   -0.01020    0.05306   -0.02241      1
   0.06724   -0.01182    0.06965   -0.01737    116
   0.07209   -0.01280    0.07357   -0.01696     52
   0.07676   -0.01146    0.07413   -0.02012     72
  -0.11404   -0.00763   -0.12320    0.00473      1
  -0.06214   -0.00700   -0.03560    0.03817      1
  -0.06056   -0.00864   -0.04779    0.01281     14
  -0.05510   -0.00971   -0.05000   -0.00588      2
  -0.05170   -0.00815   -0.04267   -0.00885     24
  -0.04798   -0.00882   -0.04268   -0.00162     16
  -0.04419   -0.00865   -0.03716   -0.00943     27
  -0.03936   -0.00876   -0.03429   -0.01261      7
  -0.01279   -0.00999    0.01961    0.02290      3
   0.03409   -0.00617    0.04002    0.01057      1
   0.03930   -0.00783    0.03245   -0.00635     43
   0.04823   -0.00652    0.04697    0.02650     10
   0.05222   -0.00771    0.04551    0.02545     18
   0.05520   -0.00801    0.04100    0.03514      3
   0.06268   -0.00713    0.02618    0.04094      1
   0.06750   -0.00866    0.06464   -0.01051     45
   0.07176   -0.00788    0.06744   -0.01558      2
   0.07643   -0.00934    0.07264   -0.01785     46
   0.07834   -0.00644    0.07889   -0.01462     10
  -0.06396   -0.00369   -0.03997    0.03646      4
  -0.05912   -0.00453   -0.05574   -0.00064     20
  -0.05783   -0.00212   -0.05660   -0.00326      1
  -0.05046   -0.00346   -0.04341   -0.01104      7
  -0.04814   -0.00286   -0.04453    0.01550     29
  -0.04561   -0.00432   -0.04347    0.00983      2
  -0.01434   -0.00440   -0.05674   -0.02292      1
  -0.00509   -0.00472   -0.02521   -0.00644      2
   0.00011   -0.00482    0.01416   -0.04070      2
   0.00500   -0.00440    0.01963   -0.04248      1
   0.00790   -0.00255    0.01339   -0.02250      3
   0.04140   -0.00464    0.04597   -0.00637     18
   0.04392   -0.00266    0.04838   -0.00370     61
   0.04663   -0.00381    0.05240    0.00815      5
   0.05102   -0.00476    0.04634    0.02201      9
   0.05556   -0.00374    0.03754    0.03754      3
   0.05868   -0.00386    0.05961    0.02858      2
   0.06396   -0.00315    0.06491   -0.01149      9
   0.06852   -0.00467    0.06764   -0.00907      7
   0.07299   -0.00430    0.07377   -0.02281      2
   0.07615   -0.00377    0.07811   -0.01317     19
  -0.11441    0.00176   -0.08813   -0.00323      1
  -0.11382    0.00097   -0.09089   -0.00079      1
  -0.05981    0.00042   -0.04676    0.01051      4
  -0.05785   -0.00048   -0.05320   -0.00019      4
  -0.05044    0.00018   -0.04339   -0.00592     10
  -0.04846    0.00019   -0.04479    0.01077      8
  -0.04339    0.00133   -0.03412   -0.00580      4
  -0.03998    0.00006   -0.01411    0.00966      1
  -0.01415    0.00196    0.00822    0.03227      1
   0.00530   -0.00001    0.03111   -0.00899      3
   0.01504   -0.00048   -0.11654   -0.20185      1
   0.04167   -0.00049    0.04540   -0.00608     32
   0.04396    0.00037    0.04601   -0.00536     28
   0.04672    0.00034    0.05128    0.00639      9
   0.05274    0.00089    0.04788    0.01975     10
   0.05707    0.00018    0.04546    0.02703      3
   0.06420    0.00084    0.06518   -0.01111     12
   0.06891   -0.00065    0.06312   -0.01452      6
   0.07283   -0.00124    0.06911   -0.01372     18
   0.07686    0.00071    0.07683   -0.00809     25
   0.07931   -0.00113    0.07552   -0.00438      4
   0.13742    0.00144    0.12863   -0.00382      1
  -0.06720    0.00463   -0.04935    0.01022      1
  -0.05612    0.00304   -0.05664   -0.00107     17
  -0.05072    0.00343   -0.05089   -0.00369      9
  -0.04857    0.00239   -0.04927    0.01256      7
  -0.03993    0.00249   -0.01896   -0.00067      5
  -0.01380    0.00232   -0.08727    0.01273      1
   0.00429    0.00269    0.01569    0.00000      5
   0.04132    0.00491    0.04679   -0.00517     57
   0.04338    0.00443    0.04859   -0.00470     56
   0.04661    0.00353    0.05238    0.00194     14
   0.05200    0.00366    0.04847    0.01584     25
   0.05626    0.00350    0.04689    0.02856      4
   0.06460    0.00330    0.06992   -0.00909      4
   0.06916    0.00446    0.06497   -0.00751     23
   0.07248    0.00327    0.06917   -0.01143     13
   0.07518    0.00285    0.07756   -0.00853     18
  -0.21790    0.00845   -0.23971    0.06155      1
  -0.07727    0.00760   -0.06707   -0.00752      1
  -0.05572    0.00675   -0.04589    0.02082      3
  -0.05015    0.00826   -0.05214    0.00283     56
  -0.04930    0.00720   -0.05021    0.00629    238
  -0.04496    0.00811   -0.04364   -0.00730      2
  -0.03880    0.00962   -0.01695   -0.01339      1
  -0.00020    0.00850   -0.00375    0.02787     19
   0.01434    0.00942    0.01627    0.02371      7
   0.03947    0.00665    0.04326   -0.00571     16
   0.04366    0.00636    0.05228   -0.00347     72
   0.04660    0.00679    0.05190    0.00428      7
   0.05134    0.00869    0.05484    0.01255      4
   0.05665    0.00781    0.04999    0.03116      8
   0.05845    0.00900    0.05265    0.04216      4
   0.06492    0.00963    0.06101   -0.00074      9
   0.06995    0.00804   -0.04956   -0.27545      1
   0.07009    0.00677    0.06657   -0.00163      1
  -0.10941    0.01034   -0.08484    0.01057      1
  -0.09817    0.01150   -0.09080    0.00753      8
  -0.09794    0.01293   -0.02840   -0.23134      1
  -0.05133    0.01235   -0.05215    0.00646      5
  -0.04771    0.01192   -0.04374    0.00691     26
  -0.04386    0.01209   -0.04662   -0.00846     14
  -0.03999    0.01141   -0.03677   -0.01210     16
  -0.03775    0.01316   -0.02091   -0.02706      3
  -0.00067    0.01275   -0.00861    0.02247      5
   0.01043    0.01119    0.04571    0.02122      1
   0.03788    0.01278    0.02595    0.01513      3
   0.03846    0.01092    0.01809    0.01382      6
   0.04820    0.01249    0.05242    0.00908     14
   0.05268    0.01232    0.05236    0.01463     15
   0.05544    0.01248    0.04645    0.02774      9
   0.06072    0.01106    0.03917    0.05274      1
   0.06535    0.01340    0.06720    0.00702     15
   0.06657    0.01259    0.07198    0.00113     11
   0.07166    0.01257    0.01753    0.06679      3
   0.07597    0.01325    0.07977   -0.00460      4
  -0.10978    0.01449   -0.09565    0.05747      1
  -0.09769    0.01544   -0.08149    0.01117     10
  -0.06138    0.01451   -0.06177   -0.00638      1
  -0.05379    0.01475   -0.05025    0.00629      3
  -0.04704    0.01600   -0.04944   -0.00745     17
  -0.04348    0.01455   -0.04125   -0.00846     21
  -0.03888    0.01597   -0.04187   -0.01856     12
  -0.03766    0.01622   -0.02954   -0.02247     11
  -0.00751    0.01557   -0.01662   -0.01866      2
  -0.00211    0.01446   -0.00589    0.02545     13
  -0.00179    0.01441   -0.00654    0.02243     10
   0.00358    0.01515   -0.00127    0.02516     17
   0.00958    0.01413    0.01325    0.02056      3
   0.03630    0.01675    0.01842    0.01528     25
   0.04054    0.01764    0.03258   -0.02554      1
   0.04563    0.01742    0.05059    0.01502      2
   0.04943    0.01554    0.05005    0.01534     29
   0.05149    0.01499    0.05005    0.01803      8
   0.05465    0.01663    0.05679    0.00903     42
   0.06103    0.01604    0.05838    0.01282      5
   0.06505    0.01503    0.06574    0.00188    130
   0.06642    0.01607    0.07259    0.00340     12
   0.07259    0.01518    0.01266    0.08129      2
   0.09434    0.01505    0.09984    0.00314      2
  -0.10816    0.02032   -0.07884    0.01408      4
  -0.05583    0.02044   -0.05423    0.02262      6
  -0.05273    0.02098   -0.04350    0.02362      1
  -0.04665    0.02018   -0.04425   -0.01219      3
  -0.04422    0.01912   -0.03646   -0.00234     14
  -0.03989    0.02138   -0.04433   -0.01836      5
  -0.03662    0.01880   -0.03503   -0.02089     21
   0.03368    0.02154    0.01590    0.02391     31
   0.03429    0.02056    0.02028    0.02559     30
   0.04094    0.01857    0.04097   -0.02442      3
   0.04210    0.02072    0.05563   -0.00642      3
   0.04904    0.01899    0.04057    0.01922      5
   0.05117    0.02103    0.05117    0.02106      8
   0.05586    0.02056    0.06051    0.00779     45
   0.06076    0.02060    0.05797    0.00482     21
   0.06409    0.01881    0.06881    0.00640     56
   0.06707    0.01886    0.06974    0.00327      4
   0.12154    0.01971    0.11850    0.00829      1
  -0.10803    0.02237   -0.08906   -0.00249      1
  -0.06697    0.02242   -0.06901    0.01708      1
  -0.05647    0.02359   -0.04824    0.02372      3
  -0.05026    0.02237   -0.04349   -0.01752      2
  -0.04955    0.02373   -0.04730    0.01880     13
  -0.04476    0.02414   -0.04533   -0.00909     12
  -0.03510    0.02250   -0.03415   -0.02004      3
   0.00506    0.02600    0.00127    0.00127      1
   0.00639    0.02503   -0.00260    0.02043     10
   0.03281    0.02339    0.01785    0.02070     95
   0.04412    0.02511    0.04234    0.00697      8
   0.04788    0.02470    0.04566    0.06471      2
   0.05295    0.02413    0.05552    0.02543      5
   0.05655    0.02371    0.06294    0.01598     29
   0.06103    0.02584    0.07059    0.01679     29
   0.06289    0.02380    0.07505    0.02227      2
  -0.10747    0.02795   -0.10451    0.01880      1
  -0.04941    0.02801   -0.05630   -0.00109      7
  -0.04381    0.02740   -0.04859   -0.00754      9
  -0.04153    0.02667   -0.03824    0.02371      1
   0.00556    0.02607   -0.01417    0.02610      1
   0.00705    0.02697   -0.00204    0.02641      4
   0.01254    0.02864    0.00224    0.02339      5
   0.02706    0.02943    0.01404    0.02033     30
   0.03207    0.02777    0.02290    0.02248     42
   0.03501    0.02647    0.02621    0.03319      1
   0.04501    0.02766    0.04554    0.02619      8
   0.04708    0.02664    0.04379    0.03159      5
   0.05695    0.02876    0.05883    0.02601     13
   0.06066    0.02670    0.07258    0.01870     77
  -0.10781    0.03063   -0.08280    0.04552      1
  -0.04393    0.03089   -0.03051   -0.00355      4
  -0.04143    0.03306   -0.04499    0.00964      2
   0.01329    0.03045    0.00141    0.01713      2
   0.02128    0.03385    0.00843    0.02513     17
   0.02413    0.03188    0.01112    0.02517     93
   0.02855    0.03220    0.02718    0.03196     42
   0.03073    0.03072    0.02819    0.02780      1
   0.04149    0.03353    0.05509   -0.02663      5
   0.04830    0.03052    0.04284    0.03012      2
   0.05372    0.03248    0.06390    0.00917      6
   0.05688    0.03170    0.06094    0.01913     28
   0.05910    0.03030    0.05917    0.01761      5
  -0.04684    0.03715   -0.05083    0.00692      2
  -0.04391    0.03629   -0.05130   -0.00036      3
  -0.01826    0.03557   -0.00720   -0.01277      3
  -0.01702    0.03618   -0.00590   -0.01397     15
  -0.01297    0.03782   -0.00671   -0.01863      1
   0.01397    0.03746    0.00448    0.01836      3
   0.01581    0.03672    0.00378    0.01988     21
   0.02014    0.03497    0.00957    0.02550    169
   0.02244    0.03596    0.02345    0.02904     31
   0.02767    0.03505    0.03117    0.02828     20
   0.04136    0.03412    0.05909   -0.01676      3
   0.04554    0.03486    0.03871    0.03365      1
   0.04788    0.03699    0.03388    0.04546      1
   0.05226    0.03702    0.05920    0.00000      7
   0.05649    0.03520    0.05360    0.03188     17
   0.05861    0.03524    0.05228    0.02416      1
  -0.10737    0.04090    0.01693    0.02396      2
  -0.04479    0.03875   -0.04524    0.00223      5
  -0.03914    0.03830   -0.03695    0.02568      1
  -0.03528    0.03974   -0.04455    0.03928      1
  -0.01037    0.03861   -0.01130    0.02256     56
  -0.00815    0.03914   -0.01022    0.02085    631
  -0.00437    0.03974   -0.00585    0.02283    688
  -0.00188    0.03994   -0.00654    0.01686     18
   0.00470    0.03970   -0.00150    0.02419     51
   0.00765    0.03924   -0.00078    0.02332    960
   0.01030    0.03863    0.00341    0.01944     46
   0.02130    0.04126    0.02175    0.03857     59
   0.02333    0.04022    0.02474    0.03745     76
   0.02654    0.04083    0.02218    0.04018      3
   0.03042    0.03866    0.03522   -0.04557      1
   0.03945    0.04065    0.04224   -0.03258      2
   0.05181    0.04129    0.07070    0.01930     48
   0.05537    0.04058    0.05596    0.01597      3
   0.11725    0.03887    0.11510    0.03116      2
  -0.06805    0.04277   -0.05083   -0.22193      1
  -0.06507    0.04588   -0.06369    0.02730      1
  -0.04233    0.04264   -0.05748    0.01497      1
  -0.04124    0.04483   -0.04423    0.01280      3
  -0.03696    0.04596   -0.05044   -0.01658      1
  -0.00630    0.04376   -0.00526   -0.05081      5
   0.02093    0.04406    0.01953    0.04033     89
   0.02287    0.04483    0.01998    0.03870     11
   0.02998    0.04203    0.02898    0.03442      7
   0.03767    0.04489    0.05603   -0.02569      2
   0.03822    0.04518    0.06008   -0.02175      3
   0.04456    0.04498    0.05332    0.04134      5
   0.04861    0.04429    0.06482   -0.00049     13
   0.05043    0.04280    0.07091    0.01718      6
   0.05900    0.04254    0.06058    0.03889      1
   0.06407    0.04563    0.05976    0.03851      3
  -0.06076    0.04703   -0.04358    0.01119      1
  -0.05656    0.04879   -0.02701    0.05536      3
  -0.03973    0.04898   -0.04473    0.01079      2
  -0.03697    0.04643   -0.04655   -0.01286      7
  -0.03115    0.04992   -0.05255    0.02935      4
  -0.00658    0.04768   -0.01375   -0.05082      2
  -0.00591    0.04963   -0.00437   -0.05266      3
   0.01345    0.04939    0.01411    0.04282     15
   0.01663    0.04785    0.01546    0.04240     97
   0.01895    0.04689    0.01837    0.04332     21
   0.02469    0.04622    0.02060    0.04500      1
   0.03698    0.04804    0.05360   -0.02737      4
   0.04032    0.04883    0.05864   -0.01758      5
   0.04485    0.04922    0.06539    0.00068     41
   0.04695    0.04753    0.06903    0.00564     22
  -0.08205    0.05012   -0.07924    0.03662      1
  -0.03546    0.05157   -0.04097    0.00308     10
  -0.03243    0.05138   -0.04374    0.00250      2
  -0.02823    0.05334   -0.03517    0.05117      1
  -0.01413    0.05395   -0.02751    0.04436      1
  -0.01111    0.05369   -0.01237    0.04045      7
  -0.00834    0.05328   -0.00614    0.04070     30
  -0.00480    0.05269   -0.00234    0.03705     31
  -0.00072    0.05272   -0.00254    0.04488      9
   0.00272    0.05347    0.00682    0.04659      8
   0.00985    0.05379    0.01381    0.04528     13
   0.01191    0.05185    0.01402    0.04427     73
   0.01460    0.05185    0.01479    0.04435      9
   0.02067    0.05120    0.03093    0.04667      6
   0.02322    0.05146    0.03533   -0.04200      4
   0.03238    0.05342    0.05291   -0.02440      5
   0.03491    0.05104    0.05933   -0.02356      3
   0.03955    0.05047    0.04503    0.03295      5
   0.04396    0.05055    0.06522    0.00285     28
   0.11275    0.05051    0.11224    0.02591      1
  -0.10522    0.05433   -0.08560    0.04583      2
  -0.07774    0.05696   -0.07657    0.04897      1
  -0.02707    0.05549   -0.03472    0.03776      1
  -0.02395    0.05685   -0.02800    0.06007      3
  -0.01976    0.05476   -0.01838    0.04089      7
  -0.01554    0.05464   -0.01871    0.04217     73
  -0.01338    0.05432   -0.01360    0.04181     18
  -0.00828    0.05604   -0.00820    0.04018      6
  -0.00590    0.05421    0.00832   -0.04239      1
  -0.00117    0.05546    0.00070   -0.05759      1
   0.00375    0.05492    0.00576    0.04540     10
   0.00839    0.05529    0.01482    0.04653     32
   0.01071    0.05435    0.01588    0.04319      3
   0.01862    0.05636    0.03350   -0.03643      5
   0.02936    0.05568    0.05878   -0.03071     16
   0.03129    0.05453    0.05227   -0.02731      4
   0.03748    0.05432    0.06875   -0.00869      1
   0.04036    0.05550    0.07131    0.00565      5
   0.10401    0.05537    0.07934    0.03852      1
  -0.02657    0.05994   -0.03170    0.04808      1
  -0.01873    0.05850   -0.02395    0.04391     22
  -0.01777    0.05965   -0.01879    0.04308      6
  -0.01363    0.06147   -0.03326   -0.05344      2
  -0.00591    0.05929   -0.01801   -0.05737      7
   0.00000    0.06021   -0.00056    0.05399      1
   0.00546    0.05890    0.00131    0.05758      1
   0.01192    0.05813    0.01898    0.05912      1
   0.01694    0.05831    0.04901   -0.03356      1
   0.01889    0.05819    0.03890   -0.03122      3
   0.02935    0.06163    0.06854   -0.01888     13
   0.03041    0.06075    0.06554   -0.01216     22
   0.03821    0.05854    0.07157    0.00777      1
  -0.10386    0.06520   -0.06986    0.03332      1
  -0.05034    0.06386   -0.05475    0.05342      1
  -0.04010    0.06358   -0.05022    0.06006      1
  -0.01876    0.06252   -0.03335    0.00909      4
  -0.01506    0.06325   -0.03537   -0.05272      2
  -0.01060    0.06342   -0.00645    0.05180      1
  -0.00626    0.06322   -0.01327   -0.06678      4
  -0.00481    0.06279   -0.01122   -0.06564      5
   0.02082    0.06389    0.05547   -0.03433      4
   0.02541    0.06518    0.06488   -0.01764      3
   0.02721    0.06388    0.07072   -0.01682     12
   0.03034    0.06494    0.06610    0.00058      2
   0.01653    0.06833    0.01577    0.07485      1
   0.02041    0.06892    0.07179   -0.01567      5
   0.02261    0.06738    0.07160   -0.02256      4
   0.02970    0.06668    0.06490    0.02159      1
   0.10167    0.06987    0.09673    0.05743      1
  -0.09919    0.07388   -0.09645    0.06779      1
   0.01195    0.07376    0.07241   -0.02172      1
   0.01629    0.07155    0.07217   -0.01874      4
   0.02057    0.07036    0.08976   -0.00643      1
   0.03024    0.07100    0.02607    0.02737      1
   0.10118    0.07058    0.10680    0.06109      2
  -0.00811    0.07463   -0.05654   -0.03686      1
  -0.00599    0.07607   -0.07014   -0.02820      1
   0.00363    0.07691    0.07151   -0.02159      1
   0.00785    0.07668    0.03222    0.01730      2
   0.01071    0.07433    0.08685   -0.02113      2
   0.01793    0.07526    0.00304    0.07913      1
   0.06143    0.07502    0.05833    0.08330      1
  -0.09363    0.07938   -0.09616    0.06009      1
  -0.01186    0.08002   -0.01274    0.07587      2
  -0.00883    0.08142   -0.01064    0.07120      1
   0.00031    0.08023    0.00458    0.07197      6
   0.00461    0.08196   -0.00134    0.07667      3
   0.00527    0.08210   -0.00570    0.07086      1
   0.00663    0.08202    0.00528    0.07361      1
   0.08821    0.08641    0.08995    0.08300      1
  -0.08012    0.09315   -0.06856    0.09032      7
   0.00863    0.09395    0.01179    0.06828      1
   0.02037    0.09284    0.02407    0.09141      3
   0.08178    0.09257    0.06417    0.08433      2
  -0.07897    0.09414   -0.08251    0.08911      3
  -0.07532    0.09728   -0.08207    0.07954      1
   0.00849    0.09409   -0.12498   -0.01340      2
   0.01160    0.09598    0.00911    0.09733      6
   0.01698    0.09708   -0.00673    0.09876      1
  -0.07134    0.10008   -0.07660    0.08843      1
  -0.06442    0.10479   -0.07394    0.09302     15
   0.01653    0.10947    0.01696    0.09610      2
   0.05684    0.10956    0.03515    0.09925      1
  -0.05077    0.11165    0.09416    0.16670      2
  -0.04980    0.11211   -0.10591   -0.15761      1
  -0.03216    0.11310   -0.03680    0.09566      7
  -0.02960    0.11362   -0.01856    0.11460      1
  -0.01591    0.11275   -0.02271    0.11200      2
   0.01314    0.11111    0.00696    0.08905      2
   0.01548    0.11027    0.00856    0.09410      1
  -0.01399    0.11608   -0.01204    0.11456      1
  -0.00458    0.11506   -0.00530    0.09795      1
   0.00535    0.11422   -0.00122    0.07738      1
  -0.03009    0.11935   -0.02497    0.12165      1
   0.14679    0.16592    0.14254    0.15501      1
   0.14656    0.16612    0.15809    0.15754      1
