  -0.03899   -0.21843   -0.03266   -0.20339      2
  -0.03256   -0.21944   -0.04421   -0.19944      3
  -0.02462   -0.22054   -0.03139   -0.20188      3
  -0.00370   -0.22178   -0.00638   -0.17345      2
  -0.00081   -0.22179    0.00208   -0.19887      1
   0.00267   -0.22175   -0.01435   -0.19697      6
   0.00882   -0.22162   -0.00349   -0.19749      4
   0.01350   -0.22141    0.01127   -0.18040     14
   0.01513   -0.22132    0.00535   -0.18085     35
  -0.05532   -0.21470   -0.06556   -0.19822      1
  -0.05375   -0.21509   -0.06527   -0.19737      1
  -0.04797   -0.21638   -0.05166   -0.20415      1
  -0.06772   -0.21131   -0.06094   -0.19687      1
  -0.06099   -0.21291   -0.06381   -0.18758      2
   0.06753   -0.21146    0.07991   -0.26635      1
  -0.07038   -0.20987   -0.07157   -0.18941      1
  -0.09026   -0.20272   -0.09087   -0.18797      1
  -0.08680   -0.20320   -0.08551   -0.18850      1
  -0.08575   -0.20409   -0.08602   -0.19320      1
  -0.09483   -0.19952   -0.09403   -0.18943      1
  -0.09168   -0.20099   -0.08422   -0.18691      3
  -0.11316   -0.19074   -0.11235   -0.17704      1
  -0.10859   -0.19209   -0.09029   -0.17721      1
  -0.11847   -0.18747   -0.12225   -0.16703      1
   0.11992   -0.18678    0.11364   -0.16976      1
   0.13393   -0.17676    0.10968   -0.13118      1
   0.13586   -0.17528    0.12908   -0.17317      1
  -0.14016   -0.17167   -0.13417   -0.15165      1
   0.13841   -0.17351    0.09040   -0.10623      1
   0.14429   -0.16834    0.15022   -0.15393      1
  -0.15509   -0.15849   -0.14772   -0.13584      1
   0.15412   -0.15938    0.14807   -0.15226      1
  -0.15729   -0.15628   -0.14585   -0.13455      2
   0.15662   -0.15705    0.14930   -0.14723      1
   0.15824   -0.15539    0.14519   -0.12097      1
  -0.16627   -0.14685   -0.15790   -0.14069      1
  -0.16610   -0.14526   -0.17512   -0.11857      1
   0.16660   -0.14390    0.23658   -0.14441      1
   0.17006   -0.14219    0.17524   -0.12779      1
   0.17856   -0.13136    0.17902   -0.11759      1
  -0.18165   -0.12686   -0.17780   -0.11284      1
  -0.01817   -0.12224   -0.02805   -0.11213      2
  -0.01704   -0.12245   -0.01195   -0.10823      1
  -0.01372   -0.12290   -0.01016   -0.11028      3
  -0.00315   -0.12362   -0.00408   -0.11048      3
   0.00138   -0.12360    0.00075   -0.10481      6
   0.00345   -0.12357    0.00154   -0.10790     11
   0.00821   -0.12335    0.00320   -0.10884     49
   0.01002   -0.12322    0.00605   -0.11954      1
  -0.18585   -0.12074   -0.18232   -0.10357      1
  -0.03451   -0.11847   -0.04059   -0.10972      1
  -0.03217   -0.11931   -0.03771   -0.11389      2
  -0.02835   -0.12026   -0.03371   -0.10921      2
  -0.02219   -0.12165   -0.01516   -0.10783      1
  -0.02099   -0.12183   -0.02735   -0.11507      2
   0.01984   -0.12197    0.01559   -0.10686      1
   0.03541   -0.11852    0.04468   -0.14913      2
  -0.18845   -0.11671   -0.18563   -0.10503      1
  -0.03925   -0.11704   -0.04856   -0.11723      1
  -0.03774   -0.11776   -0.03393   -0.10631      1
   0.03763   -0.11783    0.04926   -0.14389      1
   0.04117   -0.11657    0.01566   -0.11140      1
   0.04285   -0.11603    0.04759   -0.14824      1
   0.18850   -0.11656    0.18830   -0.09225      1
  -0.19100   -0.11023   -0.19073   -0.09344      1
  -0.05116   -0.11216   -0.05504   -0.10331      7
  -0.04813   -0.11360   -0.05340   -0.10660      2
   0.05297   -0.11170    0.05450   -0.10250      1
   0.19030   -0.11362    0.18383   -0.09898      1
  -0.06307   -0.10631   -0.06012   -0.09401      1
  -0.06062   -0.10724   -0.06019   -0.10137      1
   0.05770   -0.10938    0.06059   -0.10841      1
   0.19379   -0.10733    0.18225   -0.07962      1
  -0.06603   -0.10449   -0.06777   -0.09091      1
  -0.04036   -0.10304   -0.05579   -0.08333      2
   0.06717   -0.10385    0.07670   -0.11541      2
  -0.19857   -0.09825   -0.16563   -0.07086      2
  -0.04729   -0.09988   -0.04720   -0.08699      8
  -0.04478   -0.10083   -0.04744   -0.08607      4
   0.07465   -0.09852    0.08142   -0.09138      1
   0.19698   -0.10123    0.19957   -0.08452      3
  -0.19963   -0.09599   -0.19956   -0.08022      1
  -0.07814   -0.09571   -0.07371   -0.08016      1
   0.07643   -0.09719    0.07262   -0.09112      2
  -0.20233   -0.09038   -0.18894   -0.08452      1
  -0.03854   -0.09062   -0.07591   -0.08056      1
   0.08043   -0.09384    0.07556   -0.09166      1
   0.08311   -0.09159    0.08754   -0.08424      1
   0.20036   -0.09324    0.21581   -0.07393      2
  -0.08730   -0.08751   -0.08624   -0.08204      3
  -0.04310   -0.08902   -0.05120   -0.09884      2
   0.08591   -0.08884    0.08665   -0.07453      1
   0.08774   -0.08707    0.08621   -0.08238      2
   0.20343   -0.08706    0.21128   -0.07852      3
  -0.20486   -0.08414   -0.18954   -0.07619      1
  -0.09017   -0.08453   -0.09032   -0.07991      1
   0.06382   -0.08402    0.02381   -0.04947      1
  -0.20670   -0.07976   -0.20062   -0.07030      2
  -0.09270   -0.08146   -0.09731   -0.07050      2
   0.09307   -0.08039    0.11637   -0.09223      1
   0.09480   -0.07926    0.09694   -0.07173      1
   0.20589   -0.08168    0.20638   -0.06666      1
   0.20691   -0.07858    0.20537   -0.06967      2
   0.20893   -0.07485    0.20736   -0.06657      1
  -0.20875   -0.07378   -0.19729   -0.05919      2
  -0.10128   -0.07073   -0.10344   -0.06021      1
  -0.01987   -0.07084   -0.01598   -0.06693      9
  -0.01527   -0.07132   -0.01130   -0.06684     12
  -0.01337   -0.07030   -0.01013   -0.06599      5
   0.09954   -0.07322    0.10166   -0.06652      1
   0.20851   -0.07396    0.19880   -0.08893      1
  -0.10361   -0.06731   -0.10440   -0.05668      1
  -0.03068   -0.06613   -0.03078   -0.07394      3
  -0.02941   -0.06710   -0.03143   -0.06567     11
  -0.02461   -0.06966   -0.04496   -0.06975      6
  -0.01557   -0.06788   -0.01065   -0.06391     37
  -0.01296   -0.06952   -0.00877   -0.05758      7
   0.02668   -0.06810    0.01894   -0.06650      3
   0.10203   -0.06970    0.09906   -0.06556      1
  -0.21158   -0.06493   -0.19979   -0.05055      1
  -0.10505   -0.06506   -0.10172   -0.06136      1
  -0.03526   -0.06257   -0.03879   -0.06065     13
  -0.03219   -0.06490   -0.03401   -0.06859      3
  -0.01530   -0.06453   -0.00634   -0.05476      5
  -0.01268   -0.06336   -0.01050   -0.06828     10
  -0.00158   -0.06568   -0.00705   -0.06713      1
   0.02524   -0.06451    0.02112   -0.06173      2
   0.10509   -0.06498    0.10220   -0.05877      1
   0.10608   -0.06334    0.10406   -0.04941      1
  -0.21297   -0.05956   -0.20306   -0.05402      2
  -0.10698   -0.06103   -0.10459   -0.05631      2
  -0.04235   -0.05815   -0.05105   -0.05575      2
  -0.03960   -0.06061   -0.05381   -0.05811     11
  -0.03700   -0.06193   -0.04489   -0.06792      2
  -0.01132   -0.06168   -0.00709   -0.06189      5
  -0.00903   -0.06094   -0.00809   -0.06332     54
   0.02721   -0.05806    0.01111   -0.05560      1
   0.10755   -0.06107    0.10007   -0.05327      3
   0.21237   -0.05802    0.22483   -0.00824      1
  -0.21406   -0.05648   -0.19953   -0.05835      1
  -0.21346   -0.05612   -0.20932   -0.03907      2
  -0.11071   -0.05478   -0.10813   -0.04917      2
  -0.05684   -0.05576   -0.06110   -0.06484      1
  -0.05006   -0.05410   -0.05390   -0.05428      1
  -0.04756   -0.05424   -0.05378   -0.05367     16
  -0.04332   -0.05700   -0.05324   -0.05356     20
  -0.01008   -0.05717    0.00226   -0.08096      1
  -0.00864   -0.05591   -0.00483   -0.05885      8
   0.03326   -0.05558    0.01662   -0.05796      1
   0.10983   -0.05645    0.10622   -0.04924      3
   0.11020   -0.05583    0.10836   -0.05689      1
  -0.21539   -0.05052   -0.20334   -0.04322      1
  -0.11131   -0.05352   -0.10785   -0.04849      3
  -0.05178   -0.05143   -0.05373   -0.04605      9
  -0.04872   -0.05351   -0.05951   -0.04933     16
  -0.01852   -0.05097   -0.00779    0.05726      7
  -0.01528   -0.05077   -0.00829    0.05728      4
  -0.01226   -0.05153   -0.00852    0.05492      2
  -0.00874   -0.05096   -0.00437   -0.04620     10
   0.00470   -0.05062    0.00459    0.05831      1
   0.01973   -0.05384    0.00580   -0.04623      2
   0.02891   -0.05167    0.03403   -0.05619      1
   0.03336   -0.05212    0.03206   -0.06346      1
   0.03599   -0.05148    0.01686   -0.04980      2
   0.03946   -0.05107    0.02411   -0.05625      1
   0.04343   -0.05031    0.04404   -0.05977      2
   0.04604   -0.05088    0.04131   -0.05563      1
   0.11162   -0.05212    0.11395   -0.04984      5
  -0.11423   -0.04692   -0.10819   -0.04682      1
  -0.11320   -0.04728   -0.11517   -0.03259      1
  -0.05443   -0.04900   -0.06463   -0.04450      7
  -0.02238   -0.04883   -0.01218    0.05021      2
  -0.00808   -0.04778   -0.01036   -0.05039      7
  -0.00053   -0.04997   -0.00723    0.04897      1
   0.00576   -0.04875    0.00333    0.04779      6
   0.00683   -0.04850    0.00432    0.04966      7
   0.01161   -0.04678   -0.00063    0.05268      6
   0.02584   -0.04723    0.02154   -0.04836      7
   0.02670   -0.04686    0.02304   -0.04582     11
   0.03212   -0.04740    0.01840    0.00025      2
   0.04141   -0.04969    0.03737   -0.05330      5
   0.04360   -0.04732    0.03852   -0.04998      9
   0.04830   -0.04768    0.04034   -0.04522      7
   0.05016   -0.04644    0.04395   -0.03820      4
   0.11344   -0.04859    0.11489   -0.04340      4
   0.11406   -0.04683    0.10210   -0.05135      1
   0.21392   -0.04641    0.22017   -0.03055      1
  -0.11524   -0.04447   -0.11035   -0.03886      2
  -0.05809   -0.04309   -0.06228   -0.03864      2
  -0.05704   -0.04506   -0.06795   -0.04055     13
  -0.03966   -0.04203   -0.03786   -0.03326      1
  -0.03708   -0.04297   -0.01526    0.05448      4
  -0.03203   -0.04297   -0.01748    0.05005     20
  -0.02746   -0.04447   -0.01552    0.04863     53
  -0.02375   -0.04281   -0.01623    0.04626     55
  -0.02019   -0.04449   -0.01520    0.04407     30
  -0.01625   -0.04379   -0.01400    0.04163    110
  -0.01267   -0.04367   -0.01255    0.04220     50
  -0.00761   -0.04274   -0.01036    0.04091     85
  -0.00433   -0.04225   -0.00571    0.03732     42
  -0.00117   -0.04253   -0.00423    0.03840     16
   0.00503   -0.04448   -0.00078    0.04409     19
   0.00788   -0.04443    0.00059    0.04386    147
   0.01249   -0.04299    0.00126    0.03687     13
   0.02169   -0.04235    0.00835    0.04421      1
   0.03321   -0.04420    0.02888   -0.04020      7
   0.03610   -0.04306    0.02884   -0.04137      2
   0.03978   -0.04351    0.03065   -0.04211      4
   0.04246   -0.04356    0.03061   -0.04879      1
   0.04726   -0.04240    0.04500   -0.04265     24
   0.05194   -0.04359    0.05555   -0.03844      4
   0.05500   -0.04304    0.05253   -0.04923      2
   0.11540   -0.04372    0.11234   -0.04189      6
   0.21416   -0.04548    0.22825   -0.01236      1
  -0.11641   -0.04114   -0.11000   -0.03712      2
  -0.05941   -0.04063   -0.06768   -0.03453     10
  -0.03522   -0.03948   -0.02426    0.04889     12
  -0.03350   -0.04164   -0.01734    0.03983      2
  -0.02984   -0.04151   -0.02558    0.05460      1
  -0.01189   -0.03817   -0.01664   -0.00382      2
  -0.00804   -0.03941   -0.00537   -0.03869     29
  -0.00284   -0.04069   -0.00558    0.01576     20
  -0.00074   -0.04118   -0.00761    0.00273      7
   0.00385   -0.03979    0.00566    0.01665     10
   0.00942   -0.04055    0.00438    0.03395     66
   0.01230   -0.03920    0.00889    0.03590    150
   0.01475   -0.03852    0.01041    0.03570     80
   0.01888   -0.04047    0.00970    0.03705      8
   0.02607   -0.03927    0.00320    0.04578      1
   0.03093   -0.04138    0.02626   -0.03982      1
   0.03687   -0.03827    0.04772   -0.02328      1
   0.04154   -0.04191    0.00492    0.05738      1
   0.04358   -0.04032   -0.01049    0.04653      1
   0.04838   -0.04180    0.04320   -0.04577      9
   0.05076   -0.03957    0.04328   -0.03868      2
   0.11656   -0.03862    0.11901   -0.03229      5
   0.21862   -0.03811    0.22843   -0.03618      1
  -0.21800   -0.03480   -0.20638   -0.03158      1
  -0.11853   -0.03439   -0.11536   -0.02834      1
  -0.11800   -0.03621   -0.11408   -0.02972      1
  -0.06208   -0.03722   -0.06913   -0.03676      3
  -0.04462   -0.03428   -0.02457    0.05896      2
  -0.03914   -0.03540   -0.02776    0.05045      2
  -0.03689   -0.03530   -0.02516    0.04689     14
  -0.01964   -0.03481   -0.01787   -0.01426      4
  -0.01693   -0.03622   -0.01029   -0.00742     14
  -0.01356   -0.03761   -0.01914   -0.01290      2
   0.01348   -0.03786    0.01019    0.01739     19
   0.01592   -0.03731    0.01043    0.01635     35
   0.01885   -0.03565    0.01400    0.02755     30
   0.02395   -0.03463    0.01451    0.03591      8
   0.03773   -0.03765    0.02895   -0.03562      1
   0.04021   -0.03768    0.03685   -0.04332      3
   0.04235   -0.03723    0.04541   -0.04103      1
   0.04803   -0.03684    0.03254    0.00990      2
   0.05082   -0.03663    0.04274   -0.04504      1
   0.05787   -0.03613    0.05549   -0.03980      3
   0.11765   -0.03685    0.12148   -0.02481      6
   0.11829   -0.03473    0.12219   -0.02043      3
  -0.11916   -0.03153   -0.11400   -0.03013      6
  -0.06376   -0.03260   -0.06508   -0.03204     11
  -0.05042   -0.03120   -0.02515    0.06630      2
  -0.04570   -0.03308   -0.01516    0.05213      2
  -0.03842   -0.03157   -0.02510    0.03585     19
  -0.03758   -0.03315   -0.02862    0.03824     56
  -0.03359   -0.03199   -0.02212    0.03499      1
  -0.02630   -0.03012   -0.01421   -0.01590      6
  -0.02559   -0.03072   -0.00957   -0.00818      9
  -0.02002   -0.03064   -0.05915    0.03252      1
  -0.01457   -0.03302    0.19295   -0.09705      1
   0.02148   -0.03372    0.01973    0.01973      9
   0.02404   -0.03195    0.00562    0.00186     17
   0.03829   -0.03383    0.01454    0.03972      1
   0.04404   -0.03374    0.04020   -0.02809      2
   0.06420   -0.03188    0.06177   -0.03310      2
   0.11869   -0.03154    0.12157   -0.02540      5
  -0.12014   -0.02818   -0.11033   -0.03310      1
  -0.06662   -0.02824   -0.07265   -0.03372      1
  -0.06568   -0.02953   -0.05838   -0.03097      2
  -0.04006   -0.02672   -0.04160   -0.01207      6
  -0.03671   -0.02774   -0.03546    0.02218     29
  -0.03029   -0.02626   -0.03110   -0.01617     25
  -0.02811   -0.02843   -0.01595   -0.01019     61
   0.02911   -0.02746    0.01246   -0.00693     17
   0.03036   -0.02642    0.01994   -0.01151     11
   0.03413   -0.02953    0.01268    0.03465      1
   0.06181   -0.02984    0.06050   -0.03764      2
   0.06478   -0.02609    0.06379   -0.02674      5
   0.11544   -0.02617    0.11815   -0.02081      4
   0.11894   -0.02949    0.11313   -0.02167      2
  -0.06855   -0.02390   -0.06819   -0.02368      7
  -0.05130   -0.02353   -0.02086    0.03471      1
  -0.04405   -0.02443   -0.03635    0.03472      3
  -0.03908   -0.02312   -0.04254   -0.01551     71
  -0.03664   -0.02509   -0.03709   -0.01850    106
  -0.03266   -0.02528   -0.03438   -0.01335     76
   0.03200   -0.02424    0.01401   -0.00325     46
   0.03448   -0.02324    0.02678   -0.01060      1
   0.03970   -0.02500    0.02414    0.04114      1
   0.04384   -0.02302    0.02481    0.03913      2
   0.04810   -0.02450    0.01958    0.05496      2
   0.05895   -0.02311    0.01013    0.06946      1
   0.06418   -0.02360    0.06118   -0.02298     21
   0.06699   -0.02448    0.06282   -0.02275     39
   0.11553   -0.02528    0.11499   -0.01147     33
   0.12008   -0.02449    0.11653   -0.02307      1
  -0.12168   -0.01943   -0.11606   -0.02531      1
  -0.07232   -0.01867   -0.07101   -0.01851      7
  -0.05724   -0.01883   -0.05663   -0.01465      1
  -0.05156   -0.01908   -0.02620    0.04357      2
  -0.04248   -0.01925   -0.04486   -0.01316     17
  -0.04036   -0.02012   -0.04462   -0.01271    212
  -0.03486   -0.02048   -0.02078   -0.00588      3
   0.03348   -0.02186    0.01398   -0.00316      3
   0.03545   -0.02011    0.03087   -0.00798     17
   0.03919   -0.01950    0.03605   -0.00915      6
   0.04999   -0.02099    0.02215    0.05023      1
   0.05122   -0.01886    0.02718    0.05729      6
   0.06396   -0.01838    0.05843   -0.01006     30
   0.06805   -0.02092    0.05883   -0.01286      8
   0.07038   -0.02029    0.06598   -0.01756      7
   0.09673   -0.01845    0.10127   -0.02134      1
   0.11527   -0.02107    0.11409   -0.01204      2
   0.12138   -0.02007    0.12238   -0.01429      3
  -0.07410   -0.01619   -0.07383   -0.01971      3
  -0.07382   -0.01700   -0.06770   -0.01589      3
  -0.06390   -0.01645   -0.07828   -0.02172      2
  -0.06142   -0.01517   -0.05802   -0.01466      2
  -0.05201   -0.01737   -0.03370    0.05054      2
  -0.04610   -0.01541   -0.04990   -0.00991     16
  -0.04326   -0.01521   -0.04763   -0.00908     45
  -0.04133   -0.01629   -0.04546   -0.01040     46
  -0.03677   -0.01570   -0.01780    0.00124      6
  -0.00402   -0.01515    0.01759    0.01756      2
   0.00136   -0.01509    0.00175    0.04766      3
   0.00433   -0.01426    0.02038    0.05807      3
   0.00678   -0.01510    0.01009    0.04338      2
   0.03738   -0.01651    0.03204    0.01433      7
   0.04111   -0.01758    0.03272   -0.00485     22
   0.04402   -0.01583    0.03431    0.01814     35
   0.04770   -0.01736    0.02928    0.03416      1
   0.05310   -0.01447    0.02642    0.05373      3
   0.06393   -0.01733    0.05927   -0.00651     82
   0.07551   -0.01446    0.06578   -0.01874      1
   0.09304   -0.01679    0.07988   -0.01337      1
   0.12153   -0.01732    0.12224   -0.01216      3
  -0.22147   -0.01114   -0.21451   -0.01575      1
  -0.07572   -0.01196   -0.07179   -0.01153      8
  -0.06409   -0.01089   -0.06857   -0.01235      9
  -0.06099   -0.01291   -0.06509   -0.00948     22
  -0.05313   -0.01277   -0.03606    0.04019      1
  -0.04765   -0.01116   -0.05477   -0.00677     16
  -0.04344   -0.01240   -0.04496   -0.00253     27
  -0.03995   -0.01048   -0.04526    0.00113      3
  -0.03778   -0.01310   -0.01221   -0.02306      1
  -0.00697   -0.01268   -0.00465    0.04657      1
   0.03987   -0.01163    0.03222    0.01881     37
   0.04476   -0.01235    0.03293    0.02932     18
   0.04813   -0.01136    0.03973    0.00128     51
   0.05295   -0.01066    0.04420    0.00402      7
   0.05489   -0.01108    0.04759    0.00140     48
   0.05919   -0.01103    0.05208    0.00328     19
   0.06372   -0.01285    0.05849   -0.00175     27
   0.07727   -0.01259    0.07240   -0.00054      6
   0.08125   -0.01190    0.08082    0.00523      1
   0.09402   -0.01274    0.08785    0.01486      1
  -0.12344   -0.00621   -0.11579   -0.00830      1
  -0.07832   -0.00694   -0.07606   -0.00398     12
  -0.07736   -0.00865   -0.06789   -0.00729     11
  -0.06513   -0.00842   -0.06829   -0.01163     17
  -0.05849   -0.00651   -0.05282   -0.02297      1
  -0.05508   -0.00726   -0.05251    0.00235     26
  -0.05248   -0.00699   -0.05278   -0.00377     24
  -0.04829   -0.00797   -0.04858   -0.00251     44
  -0.04445   -0.00883   -0.04010    0.00533     28
  -0.03923   -0.00772   -0.02115   -0.00167      2
  -0.01295   -0.00830   -0.03480   -0.04271      8
  -0.00056   -0.00856   -0.00766    0.00627      1
   0.00507   -0.00788    0.00544   -0.00564      5
   0.04105   -0.00772    0.03324    0.01753    128
   0.04347   -0.00876    0.03235    0.02724      7
   0.05202   -0.00920    0.04455    0.00394     26
   0.05445   -0.00836    0.03361    0.04635      3
   0.06100   -0.00815    0.05405    0.00394     18
   0.06268   -0.00815    0.05577    0.00487     36
   0.08194   -0.00643    0.08001    0.01259      8
   0.08201   -0.00612    0.06926   -0.00230      1
   0.09523   -0.00647    0.08638    0.00842     49
   0.11718   -0.00937    0.12859   -0.03470      1
   0.12254   -0.00752    0.12319   -0.00495      1
  -0.11422   -0.00217   -0.10663    0.00989      1
  -0.07917   -0.00465   -0.07469   -0.00655     15
  -0.06632   -0.00516   -0.01362   -0.08280      2
  -0.06437   -0.00257   -0.06553   -0.00283     37
  -0.05872   -0.00495   -0.04509    0.00422      2
  -0.05427   -0.00440   -0.05309    0.00155     20
  -0.05297   -0.00482   -0.05038    0.00015     34
  -0.04815   -0.00233   -0.05039   -0.00053     17
  -0.04476   -0.00526   -0.03830    0.02488     10
  -0.03970   -0.00472   -0.01947    0.00349      8
  -0.01491   -0.00250   -0.19875    0.09953      1
  -0.01358   -0.00447   -0.04975   -0.01409      4
   0.00185   -0.00214    0.04772   -0.02328      1
   0.00356   -0.00352    0.00802    0.00038     22
   0.00603   -0.00256    0.01703   -0.01470      1
   0.01386   -0.00313    0.04822   -0.23080      1
   0.01506   -0.00435    0.04604    0.02990      3
   0.04169   -0.00484    0.03383    0.01715     37
   0.04377   -0.00377    0.03455    0.02203     50
   0.04709   -0.00403    0.03743    0.02766     10
   0.05032   -0.00309    0.03445    0.03721     10
   0.05498   -0.00521    0.03130    0.04421      3
   0.06154   -0.00469    0.05490    0.00998      1
   0.06243   -0.00252    0.05747    0.00781      6
   0.08186   -0.00420    0.08187    0.01374     66
   0.08226   -0.00230    0.08366    0.01249     67
   0.09523   -0.00456    0.08688    0.01107     99
   0.09847   -0.00397    0.09445    0.00213      2
   0.11814   -0.00400    0.10708    0.00150      1
   0.12255   -0.00305    0.11562    0.00126      6
   0.17859   -0.00296    0.24202    0.24287      1
  -0.11440   -0.00186   -0.09446    0.00231      1
  -0.08135   -0.00084   -0.08133    0.00092     12
  -0.06259   -0.00075   -0.06458    0.00352     33
  -0.06150    0.00143   -0.06438    0.00574     13
  -0.05404   -0.00123   -0.05180    0.00645      1
  -0.05105   -0.00024   -0.05129    0.00518     42
  -0.04721    0.00015   -0.04379    0.01164     15
  -0.04550    0.00000   -0.04009    0.01602     11
  -0.03998    0.00012   -0.02229    0.01175      1
  -0.01473    0.00131   -0.05875    0.01356      3
  -0.00209    0.00198    0.00564    0.01127      1
   0.00070   -0.00111   -0.00332    0.01351     42
   0.01546    0.00087    0.04995    0.02734      2
   0.04164   -0.00103    0.03140    0.01663     20
   0.04364   -0.00127    0.03595    0.01813      4
   0.04762   -0.00068    0.03415    0.02613     16
   0.05081   -0.00091    0.03580    0.03477     11
   0.06302    0.00103    0.05500    0.00940      3
   0.08179    0.00003    0.08417    0.01284     91
   0.08221   -0.00042    0.08602    0.01083     37
   0.09639   -0.00013    0.08828    0.01171     30
   0.09847    0.00102    0.09634    0.01101     10
   0.11746    0.00107    0.09379    0.01152      1
   0.12291   -0.00097    0.12089   -0.00344      2
   0.14285    0.00045   -0.28108   -0.16822      1
   0.17586   -0.00028    0.03445    0.03168      1
  -0.12341    0.00269   -0.11247    0.00216      1
  -0.11236    0.00257   -0.11560    0.02733      1
  -0.09549    0.00415   -0.08761    0.01296      5
  -0.08214    0.00227   -0.06986   -0.01311      2
  -0.06307    0.00470   -0.04436    0.03499      2
  -0.06011    0.00279   -0.06194    0.00649     35
  -0.05767    0.00517   -0.05250    0.01260      1
  -0.05070    0.00321   -0.04990    0.01187     31
  -0.04635    0.00452   -0.03366    0.01815      8
  -0.04390    0.00313   -0.04016    0.00743      7
  -0.01423    0.00291   -0.02528    0.02929      5
  -0.01387    0.00283   -0.16622   -0.03458      2
  -0.00294    0.00485   -0.00820    0.02377    198
  -0.00179    0.00418   -0.00505    0.02107     24
   0.01656    0.00404    0.00866    0.01713      8
   0.04112    0.00512    0.03253    0.01800    148
   0.04344    0.00489    0.04849    0.02280      2
   0.04897    0.00420    0.03851    0.02654      6
   0.05216    0.00297    0.03665    0.03553     15
   0.05461    0.00486    0.03343    0.03402      1
   0.06803    0.00525    0.06123    0.01949    164
   0.07037    0.00520    0.06898    0.01720      9
   0.08158    0.00369    0.08369    0.01350    105
   0.08205    0.00329    0.08518    0.01151     10
   0.09646    0.00396    0.08715    0.01527     26
   0.09834    0.00368    0.09566    0.01957     43
   0.11734    0.00446    0.09225    0.02043      2
   0.11812    0.00409    0.09872    0.02216      2
   0.12254    0.00518    0.10400    0.02225      8
   0.14538    0.00485    0.15103   -0.00686      1
  -0.11033    0.00780   -0.11757    0.02243      3
  -0.09813    0.00846   -0.08357    0.02116      2
  -0.09608    0.00783   -0.08920    0.01190      5
  -0.05908    0.00794   -0.06187    0.00399      2
  -0.05526    0.00798   -0.05138    0.01342     25
  -0.05110    0.00812   -0.04955    0.01381     27
  -0.04716    0.00924   -0.04629    0.01618    210
  -0.04528    0.00929   -0.03681    0.02288      9
  -0.03984    0.00916   -0.03404    0.00527      4
  -0.01196    0.00870   -0.02684    0.00296      7
  -0.00298    0.00891   -0.00986    0.02913    280
  -0.00166    0.00799   -0.00768    0.03289    132
   0.00260    0.00844    0.00518    0.03056    239
   0.01536    0.00722   -0.03975   -0.02295      1
   0.04110    0.00704    0.03261    0.01961    131
   0.04276    0.00810    0.03426    0.01986     29
   0.04943    0.00627    0.05870    0.03682      1
   0.05145    0.00828    0.03794    0.03698      8
   0.05629    0.00680    0.03780    0.04869      2
   0.06177    0.00747    0.05419    0.02643      1
   0.06433    0.00842    0.06232    0.02014     11
   0.06755    0.00716    0.06220    0.02051     76
   0.07137    0.00800    0.06861    0.01694     48
   0.07413    0.00967    0.07641    0.01708      1
   0.07892    0.00868    0.08040    0.01740    138
   0.09709    0.00801    0.09237    0.02368     83
   0.09833    0.00846    0.09434    0.02317     12
   0.11274    0.00694    0.09244    0.03003      1
   0.11570    0.00816    0.09989    0.02106      2
   0.11814    0.00911    0.09575    0.03148      1
   0.12245    0.00857    0.10121    0.01952      5
  -0.09725    0.01251   -0.08353    0.01778      6
  -0.07629    0.01064   -0.07559   -0.00013      1
  -0.05088    0.01052   -0.05044    0.00935      3
  -0.04777    0.01089   -0.04537    0.01524    150
  -0.04389    0.01308   -0.03722    0.02064     23
  -0.03862    0.01146   -0.03207   -0.01793      4
  -0.03782    0.01296   -0.02958   -0.01948      5
   0.00104    0.01009    0.00067    0.03137      4
   0.00940    0.01225    0.01063    0.02328     21
   0.01061    0.01172    0.00936    0.02406      7
   0.03776    0.01268    0.01221    0.02168     19
   0.03826    0.01165    0.01250    0.01797     28
   0.04292    0.01011    0.03400    0.01882      2
   0.04859    0.01171    0.04257    0.02762      5
   0.05114    0.01252    0.04482    0.03272      6
   0.05613    0.01119    0.02743    0.04441      1
   0.06178    0.01227    0.05616    0.02575     21
   0.06406    0.01117    0.05977    0.02421     15
   0.06732    0.01267    0.06617    0.02812     13
   0.07356    0.01170    0.07023    0.02408     33
   0.07783    0.01326    0.07332    0.02668     72
   0.07826    0.01223    0.07746    0.01850    110
   0.09388    0.01229    0.08592    0.02676      3
   0.09732    0.01164    0.09405    0.02356     43
   0.09808    0.01153    0.09362    0.01872      6
   0.11724    0.01106    0.10218    0.02052      2
   0.12198    0.01233    0.09857    0.02211      6
   0.12210    0.01072    0.09608    0.02184      6
  -0.10576    0.01575    0.32158   -0.12151      1
  -0.09702    0.01586   -0.07848    0.02434      6
  -0.06371    0.01751   -0.06189    0.02204      1
  -0.04725    0.01679   -0.04913    0.01594     15
  -0.04384    0.01467   -0.04064    0.00772     16
  -0.04142    0.01540   -0.03603    0.02610      5
  -0.03709    0.01707   -0.03418   -0.01690     16
  -0.00606    0.01514    0.33030    0.10161      1
  -0.00432    0.01585    0.09444   -0.01083      2
   0.00282    0.01496    0.02350    0.09152      1
   0.00732    0.01434   -0.00231   -0.01391      3
   0.01921    0.01793    0.02232    0.03050      1
   0.03630    0.01676    0.01011    0.02026     99
   0.04002    0.01733    0.03420    0.01262      9
   0.04446    0.01705    0.02837    0.02486      8
   0.04894    0.01630    0.04221    0.02596      8
   0.05231    0.01523    0.04145    0.03639      4
   0.05535    0.01790    0.03242    0.04430      1
   0.06084    0.01541    0.05864    0.02366     11
   0.06582    0.01519    0.06751    0.03159      4
   0.06732    0.01671    0.06247    0.02959      5
   0.07145    0.01744    0.08042    0.01836      3
   0.07742    0.01501    0.07487    0.02908    405
   0.07981    0.01643    0.07849    0.02766     16
   0.09355    0.01503    0.08935    0.02554     12
   0.09680    0.01490    0.09347    0.02581     45
   0.10896    0.01696    0.09259    0.02291      6
   0.12160    0.01550    0.09609    0.02224      6
   0.21907    0.01747    0.15796    0.02051      1
  -0.09650    0.01927   -0.08526    0.02871      8
  -0.04648    0.01961   -0.04876    0.01348     18
  -0.04543    0.02100   -0.05305    0.00444     14
  -0.04037    0.02068   -0.04398   -0.00212     39
  -0.03632    0.01965   -0.03368   -0.01610     44
   0.01561    0.02002    0.01160    0.02338      3
   0.01898    0.01874    0.01110    0.02908     12
   0.02605    0.02062    0.01320    0.03155      1
   0.03371    0.02150    0.00852    0.01685     26
   0.03495    0.01985    0.01021    0.01482     72
   0.04092    0.02101    0.03070    0.03618      4
   0.04409    0.01938    0.03469    0.02600     14
   0.04958    0.02009    0.04407    0.02921    122
   0.05205    0.01994    0.04804    0.04256      2
   0.05485    0.01881    0.03836    0.04315      2
   0.05945    0.02070    0.05669    0.02873      8
   0.06425    0.01970    0.06241    0.02630     96
   0.06797    0.02053    0.06199    0.03041     21
   0.07369    0.01927    0.07032    0.03057     54
   0.07452    0.01905    0.07250    0.03054    111
   0.07874    0.01960    0.07811    0.02910     14
   0.09304    0.01929    0.08290    0.01150      1
   0.09671    0.01881    0.08676    0.02209      6
   0.12109    0.02015    0.09235    0.02443      3
  -0.09556    0.02388   -0.09262    0.03248      4
  -0.05061    0.02508   -0.05394    0.02690      2
  -0.04968    0.02380   -0.04802    0.03214      6
  -0.04401    0.02470   -0.04926    0.00647     21
  -0.03851    0.02314   -0.04551   -0.00876     48
  -0.03695    0.02482   -0.04449   -0.01230     81
  -0.03317    0.02540   -0.03370   -0.01221      4
   0.03220    0.02421    0.01022    0.02027     60
   0.03758    0.02403    0.03581   -0.00379     27
   0.03935    0.02487    0.03044    0.03289      9
   0.04483    0.02297    0.03595    0.03384     13
   0.04967    0.02358    0.04832    0.03148     38
   0.05121    0.02366    0.05110    0.03221     20
   0.05703    0.02507    0.05546    0.03434    133
   0.05847    0.02499    0.05661    0.03471    117
   0.06378    0.02312    0.06729    0.02974      4
   0.06763    0.02450    0.06416    0.03521     25
   0.07121    0.02415    0.06845    0.03373     21
   0.07541    0.02375    0.07023    0.03753      4
   0.09517    0.02247    0.10322    0.01930      2
   0.10784    0.02569    0.09733    0.03478      3
   0.12059    0.02238    0.12290    0.02153      2
   0.13855    0.02224    0.03918   -0.00572      1
  -0.09475    0.02679   -0.10557    0.03744      7
  -0.04954    0.02614   -0.04963    0.03424      1
  -0.04312    0.02708   -0.05193    0.00653     34
  -0.03997    0.02850   -0.04937   -0.00760     29
  -0.03596    0.02760   -0.04470   -0.01281    134
  -0.03308    0.02901   -0.03700   -0.02022     66
   0.02838    0.02816    0.01004    0.02307     77
   0.03013    0.02635    0.01274    0.02576     17
   0.03755    0.02729    0.03590   -0.00844     15
   0.03876    0.02780    0.03686    0.00422     28
   0.04257    0.02762    0.03633    0.03576     16
   0.04920    0.02802    0.04716    0.03302     20
   0.05288    0.02875    0.05346    0.03622     32
   0.05693    0.02789    0.05340    0.03611    173
   0.05834    0.02766    0.05535    0.03525     32
   0.06217    0.02793    0.05620    0.03039      1
   0.06921    0.02653    0.06717    0.03027      7
   0.07139    0.02753    0.06425    0.02914      8
   0.07491    0.02924    0.07828    0.03436      1
   0.09262    0.02642    0.08916    0.02833      2
   0.10788    0.02834    0.10192    0.02980      1
   0.11082    0.02961    0.10239    0.03706      1
   0.11921    0.02921    0.11938    0.03440      5
   0.21718    0.02798    0.16247    0.04720      1
  -0.09274    0.03366   -0.08730    0.03496     11
  -0.06823    0.03255   -0.06480    0.02697      1
  -0.04297    0.03338   -0.04896    0.01194      3
  -0.03987    0.03160   -0.05084   -0.00463     19
  -0.03503    0.03048   -0.04517   -0.01119     47
  -0.03290    0.03159   -0.03699   -0.01800     50
  -0.02745    0.03061   -0.03065    0.03044      1
  -0.02367    0.03221   -0.01200    0.00932      2
   0.02153    0.03370    0.01135    0.02470     48
   0.02391    0.03211    0.00840    0.02351    188
   0.02636    0.03012    0.01318    0.02679      9
   0.03180    0.03227    0.02448    0.03725      2
   0.03686    0.03005    0.04758   -0.03246      1
   0.03897    0.03075    0.03642    0.01132     12
   0.04300    0.03127    0.03545    0.03609      4
   0.04886    0.03082    0.04525    0.03459     38
   0.05180    0.03308    0.04970    0.03599     96
   0.05521    0.03100    0.05356    0.03293     24
   0.05808    0.03100    0.05761    0.03475      5
   0.06607    0.03322    0.06045    0.04233      1
   0.07194    0.03130    0.06997    0.03611      2
   0.09130    0.03250    0.08791    0.03463      2
   0.11304    0.03130    0.10732    0.03057      1
   0.11782    0.03370    0.10644    0.02693      1
  -0.10643    0.03710   -0.11395    0.02652      1
  -0.09234    0.03491   -0.09076    0.03237      8
  -0.03874    0.03523   -0.04973    0.01053     14
  -0.03761    0.03691   -0.04907   -0.00489      6
  -0.03084    0.03474   -0.04117    0.01087      8
  -0.02908    0.03571   -0.03246    0.03174     17
  -0.01843    0.03548   -0.01187    0.02507     44
  -0.01625    0.03653   -0.01329    0.02347    246
  -0.01285    0.03786   -0.00999   -0.00897     22
   0.01336    0.03768    0.00421    0.02517    334
   0.01481    0.03723    0.00755    0.02787    421
   0.01889    0.03536    0.00938    0.02876    283
   0.02301    0.03540    0.01568    0.03098      7
   0.03747    0.03562    0.04743    0.00443      6
   0.04021    0.03735    0.03680    0.03764      2
   0.04413    0.03700    0.04671    0.03369      3
   0.04740    0.03608    0.04714    0.03664     66
   0.05036    0.03460    0.05055    0.03449      3
   0.06451    0.03569    0.06157    0.04344      3
   0.07458    0.03446    0.07568    0.04529      1
   0.08736    0.03615    0.08932    0.04473      1
   0.09207    0.03521    0.09569    0.02967      2
   0.09515    0.03798    0.02437    0.01162      1
   0.10717    0.03684    0.10022    0.03510      1
   0.11273    0.03507    0.11209    0.01715      1
   0.13315    0.03416    0.15985    0.12133      1
  -0.09020    0.04071   -0.09151    0.03886      7
  -0.08987    0.04143   -0.09526    0.04527      6
  -0.05048    0.04137   -0.01959    0.06458      2
  -0.03884    0.04109   -0.05205    0.01134      6
  -0.03669    0.04065   -0.05069    0.00040     16
  -0.03077    0.04008   -0.03871    0.03365      1
  -0.02733    0.04102   -0.03221    0.02891      7
  -0.01080    0.03855   -0.00779    0.02614    125
  -0.00948    0.03885   -0.01088    0.03315     74
  -0.00339    0.04158   -0.00537    0.03843     19
  -0.00056    0.04091   -0.00526    0.03538     10
   0.00439    0.03974   -0.00192    0.02295      5
   0.00915    0.04074    0.00233    0.03574     55
   0.01146    0.03995    0.00498    0.03585    101
   0.01586    0.03849    0.00980    0.03482     57
   0.02722    0.03913    0.04874    0.02325      1
   0.03613    0.03891    0.04462    0.00144     10
   0.04437    0.03965    0.05041    0.04163     14
   0.04636    0.03881    0.04178    0.04228     57
   0.08572    0.04046    0.07544    0.03627      7
   0.08637    0.03998    0.08260    0.03945     32
   0.10465    0.04099    0.09690    0.03837      2
   0.10771    0.03948    0.10249    0.04274      6
   0.11565    0.04128    0.11650    0.04596      4
  -0.10075    0.04431   -0.10929    0.05307      1
  -0.08941    0.04240   -0.08929    0.04005      4
  -0.04954    0.04263   -0.02301    0.06057      1
  -0.03531    0.04253   -0.05063   -0.00592      4
  -0.03340    0.04432   -0.05383   -0.00130      4
  -0.02622    0.04218   -0.02855    0.03691      2
  -0.02466    0.04370   -0.02652    0.04012     21
  -0.01574    0.04591   -0.01881    0.04285     17
  -0.01150    0.04487   -0.01352    0.04144     58
  -0.00730    0.04319   -0.01111    0.04163     69
  -0.00329    0.04235   -0.00567    0.03654     29
  -0.00096    0.04236   -0.00453    0.03861     20
   0.00520    0.04467    0.00085    0.04499     46
   0.00723    0.04395    0.00092    0.04319     95
   0.01079    0.04286    0.00341    0.03382      6
   0.01574    0.04255    0.00331    0.03313      1
   0.03234    0.04466    0.04577    0.00336      5
   0.03473    0.04293    0.04126    0.04565      3
   0.03913    0.04513    0.04951    0.03599     11
   0.04463    0.04248    0.04328    0.04617     18
   0.08713    0.04545    0.08793    0.04441      4
   0.10437    0.04480    0.09188    0.04727      4
   0.10840    0.04426    0.09999    0.04080      1
   0.11435    0.04514    0.10240    0.04991      6
  -0.09812    0.04956   -0.10537    0.07998      1
  -0.08741    0.04634   -0.10047    0.04323      3
  -0.03150    0.04633   -0.05768    0.01417      9
  -0.01876    0.04921   -0.02198    0.05454      8
  -0.01457    0.04920   -0.01723    0.04717     37
  -0.01356    0.04816   -0.01740    0.04837     22
  -0.00528    0.04830   -0.00313   -0.05022      8
   0.00426    0.04881   -0.00500    0.04924      5
   0.01436    0.04911    0.02328   -0.04772      1
   0.01801    0.04973    0.03054   -0.03895      1
   0.02456    0.04697    0.02803    0.05339      1
   0.02931    0.04727    0.03398    0.02461      4
   0.03103    0.04641    0.04747    0.00560     12
   0.03776    0.04843    0.04870    0.03586     42
   0.03821    0.04790    0.04976    0.03562     37
   0.06796    0.04608    0.06239    0.05578      1
   0.08522    0.04947    0.07759    0.04254      2
   0.09656    0.04628    0.03597    0.01162      1
   0.10154    0.04806    0.10431    0.04886      1
   0.11231    0.04957    0.10548    0.04630     18
   0.21659    0.04814    0.21895    0.05176      1
  -0.09741    0.05151   -0.10157    0.04818      3
  -0.08358    0.05294   -0.10007    0.05124      4
  -0.03127    0.05043   -0.06069    0.01303      2
  -0.02805    0.05279   -0.06342    0.00733     12
  -0.02539    0.05348   -0.04512   -0.01805      1
  -0.01878    0.05334   -0.00925    0.05776      1
  -0.01493    0.05104   -0.01619    0.05217     14
  -0.01350    0.05077   -0.01491    0.04751      7
  -0.00810    0.05357   -0.00587    0.05936      5
  -0.00375    0.05345   -0.00736    0.00510      4
   0.01230    0.05252    0.02249   -0.04529     10
   0.01417    0.05346    0.03069   -0.04386      2
   0.02741    0.05125    0.05211    0.00834      3
   0.03148    0.05320    0.05603    0.03447     34
   0.03553    0.05052    0.04970    0.03571      3
   0.11116    0.05225    0.10440    0.05134     14
  -0.10909    0.05765   -0.10690    0.04638      2
  -0.09544    0.05515   -0.10047    0.05130      5
  -0.09394    0.05768   -0.10580    0.04556      1
  -0.08242    0.05439   -0.09844    0.05057      3
  -0.08134    0.05581   -0.07535    0.04931      4
  -0.05845    0.05701   -0.05773    0.05668    492
  -0.05785    0.05761   -0.05764    0.05746    168
  -0.05123    0.05421   -0.05118    0.06622      1
  -0.02636    0.05429   -0.06275    0.00560      3
  -0.02393    0.05642   -0.07171    0.01031      2
  -0.02192    0.05781   -0.06090    0.00589      2
  -0.00343    0.05465   -0.01195   -0.06643      3
   0.01641    0.05761    0.00930    0.07683      1
   0.02012    0.05761    0.05247    0.00415      2
   0.02545    0.05777    0.05611    0.03646     16
   0.02772    0.05647    0.05434    0.03395     36
   0.03026    0.05459    0.05359    0.03447      9
   0.03661    0.05655    0.01267    0.06904      2
   0.03870    0.05511   -0.00782    0.07971      1
   0.04207    0.05515    0.01289    0.02575      1
   0.04616    0.05552    0.04221    0.06839      3
   0.07906    0.05717    0.07588    0.05781      1
   0.10362    0.05483    0.10616    0.05185      4
   0.10888    0.05678    0.10367    0.05658      4
   0.11036    0.05469    0.10269    0.06823      1
  -0.09311    0.05852   -0.10646    0.04852      1
  -0.07845    0.05901   -0.07733    0.04945      3
  -0.07643    0.06084   -0.06838    0.05803     10
  -0.05531    0.05967   -0.05637    0.05619     37
  -0.05325    0.06143   -0.04890    0.06598      2
  -0.04637    0.05844   -0.04542    0.04870      3
  -0.02421    0.05930   -0.05896    0.03641      1
  -0.01985    0.05902   -0.06654    0.00512      5
  -0.01601    0.06098   -0.06648    0.00011      7
  -0.01067    0.06171   -0.01563    0.06935      1
  -0.00172    0.06144   -0.01069   -0.05702      2
   0.01149    0.05904    0.00703    0.05807      1
   0.01629    0.06059    0.05540    0.00924      4
   0.02033    0.06070    0.05622    0.03188     11
   0.02437    0.05857    0.05601    0.03487     37
   0.02996    0.06046    0.00099    0.06299      1
   0.03313    0.05873    0.00154    0.07378      1
   0.10655    0.06150    0.10441    0.06267     22
  -0.07432    0.06231   -0.06826    0.04996      1
  -0.07160    0.06419   -0.06592    0.05951     10
  -0.06890    0.06547   -0.05816    0.05717     14
  -0.05140    0.06306   -0.05311    0.05958     79
  -0.04894    0.06490   -0.04859    0.05752     20
  -0.02711    0.06507   -0.03168    0.06764      1
  -0.01167    0.06360   -0.06119    0.00021      1
  -0.00799    0.06509   -0.07229   -0.00939      1
   0.00559    0.06252    0.02950   -0.05668      1
   0.00764    0.06466    0.05122   -0.00277      7
   0.01329    0.06370    0.05730    0.03120      2
   0.01753    0.06527    0.01867    0.05922      3
   0.01842    0.06215    0.05440    0.03519      1
   0.09046    0.06515    0.03921   -0.06251      1
   0.10606    0.06254    0.10897    0.05917      2
  -0.07023    0.06648   -0.06885    0.06070      1
  -0.06920    0.06639   -0.06480    0.05713      5
  -0.04715    0.06646   -0.04940    0.05757      6
  -0.04232    0.06926   -0.04939    0.07144      4
  -0.04199    0.06985   -0.04208    0.06921      1
  -0.03201    0.06797   -0.03518    0.06589      1
   0.00118    0.06781    0.06391    0.02553      2
   0.00430    0.06853    0.00240    0.06657      9
   0.00938    0.06674    0.01492    0.08052      1
   0.01248    0.06663    0.00576    0.06092      3
   0.08737    0.06731    0.11642   -0.11521      1
   0.09305    0.06701    0.09063    0.07099      2
   0.10130    0.06950    0.09966    0.06535      4
   0.10283    0.06699    0.10272    0.07027      4
  -0.03847    0.07176   -0.03709    0.07006     12
  -0.03536    0.07329   -0.03617    0.06653      2
  -0.03198    0.07192   -0.02474    0.08037      2
  -0.00762    0.07120   -0.00873    0.07781      1
  -0.00549    0.07194   -0.00743    0.07507      2
   0.00015    0.07270   -0.00006    0.07102     24
   0.00309    0.07066   -0.00077    0.06789      2
   0.10117    0.07042    0.10185    0.06801      4
  -0.09690    0.07672   -0.08906    0.07447      1
  -0.03196    0.07472   -0.01944    0.08695      1
  -0.02657    0.07664   -0.02399    0.07653     10
  -0.02523    0.07715   -0.02314    0.08088     85
  -0.00631    0.07471   -0.00494    0.07633      1
  -0.00490    0.07432   -0.00433    0.07998      1
   0.00086    0.07435   -0.00024    0.07108      3
   0.00470    0.07510    0.00098    0.08006     17
   0.00815    0.07733    0.00278    0.08095     15
   0.01027    0.07487    0.01038    0.07579      1
   0.01951    0.07750    0.01281    0.07997      1
   0.09546    0.07702    0.09819    0.08037      1
  -0.09528    0.07852   -0.09294    0.07106      1
  -0.02206    0.07853   -0.02015    0.08632      2
  -0.01856    0.07918   -0.01757    0.08028     40
  -0.01622    0.07874   -0.01627    0.08144     20
  -0.01075    0.07863   -0.01191    0.07645     10
  -0.00938    0.07863   -0.00818    0.08077      8
   0.00011    0.07902   -0.00107    0.07559     13
   0.00557    0.07836    0.00430    0.07559     17
   0.00690    0.07806    0.00917    0.08518      3
   0.01245    0.08004    0.00849    0.08507      1
   0.07506    0.08061    0.06629    0.06641      6
   0.09237    0.08163    0.09433    0.07488      2
   0.09447    0.07870    0.09300    0.07808      2
   0.20675    0.08048    0.21073    0.07879      1
   0.09148    0.08280    0.09133    0.08116      3
   0.08738    0.08754    0.09445    0.08474      1
   0.20346    0.08767    0.19164    0.09765      1
  -0.08062    0.09373   -0.07639    0.08135      1
   0.01686    0.09348    0.01128    0.06273      2
   0.08246    0.09132    0.08502    0.09363      5
  -0.07567    0.09784   -0.07011    0.08566      1
   0.01309    0.09495   -0.00600    0.07626      1
   0.01659    0.09487    0.01023    0.08216      1
   0.07644    0.09714    0.08658    0.08903      1
  -0.10741    0.10020    0.27588    0.32416      1
   0.07056    0.10122    0.08048    0.09694      1
   0.07529    0.09812    0.08451    0.09223      1
  -0.19576    0.10308   -0.17829    0.10335      1
   0.14480    0.10471    0.07007    0.05054      1
   0.02063    0.10940    0.01578    0.10683      1
   0.04913    0.10712    0.06383    0.10019      1
   0.05828    0.10812    0.05927    0.09974      2
   0.19287    0.10616    0.18764    0.10877      1
  -0.05475    0.11087   -0.04813    0.09868      1
   0.05405    0.11102    0.05868    0.10329      1
   0.19051    0.11026    0.17039    0.10939      1
   0.03977    0.11690    0.04189    0.10827      2
   0.18583    0.11871    0.17586    0.11420      1
   0.00483    0.12286    0.00193    0.11067      1
   0.00791    0.12257    0.00437    0.10880      1
   0.18149    0.12595    0.16365    0.12377      1
   0.18212    0.12526    0.17256    0.13433      1
   0.18132    0.12611    0.18858    0.12434      1
  -0.17385    0.13764   -0.18765    0.11053      1
  -0.17087    0.14080   -0.15715    0.14552      1
   0.16414    0.14915    0.11333    0.10276      1
   0.15682    0.15709    0.16947    0.15205      1
   0.14716    0.16413    0.13472    0.19240      1
   0.15114    0.16231    0.10333    0.10663      1
  -0.14466    0.16818   -0.13375    0.15441      1
   0.13614    0.17519    0.14861    0.16528      2
   0.12649    0.18145    0.12575    0.15640      1
   0.10426    0.19343    0.09802    0.17613      2
   0.09694    0.19910    0.10249    0.18190      1
   0.07132    0.20963    0.07598    0.19639      2
   0.01414    0.21928   -0.00472    0.20783      1
