   0.00730   -0.22004    0.02131   -0.20340      2
   0.01023   -0.22023    0.02751   -0.23417      1
   0.01622   -0.21950    0.02008   -0.19596      2
   0.03224   -0.21806    0.05147   -0.20048      1
  -0.04974   -0.21423   -0.06127   -0.17497      1
  -0.02754   -0.21664   -0.04128   -0.18404      2
  -0.01060   -0.21677    0.01365   -0.20022      1
   0.03337   -0.21782    0.03883   -0.21155      1
   0.04967   -0.21633    0.05147   -0.20048      1
   0.05328   -0.21547    0.04924   -0.25812      1
  -0.06262   -0.21277   -0.05910   -0.20212      1
   0.05950   -0.21383    0.05853   -0.19760      1
  -0.08200   -0.20627   -0.12522   -0.22590      1
   0.07391   -0.20930    0.09269   -0.22266      1
   0.07697   -0.20819    0.08291   -0.20660      2
   0.08207   -0.20622    0.07124   -0.20008      1
  -0.08672   -0.20239   -0.07372   -0.18019      4
  -0.08405   -0.20353   -0.07374   -0.18110      5
  -0.08167   -0.20450   -0.07361   -0.16227      1
   0.08402   -0.20545    0.07780   -0.20919      3
  -0.08728   -0.20197   -0.04888   -0.17231      3
   0.09508   -0.19836    0.07619   -0.18857      1
  -0.10662   -0.19419   -0.08140   -0.16254      1
  -0.11192   -0.19118   -0.09823   -0.17687      2
  -0.10946   -0.19260   -0.10232   -0.15459      1
  -0.12010   -0.18629   -0.09527   -0.15032      2
   0.11859   -0.18608    0.09887   -0.18286      1
  -0.12269   -0.18332   -0.09869   -0.16101     38
  -0.12117   -0.18406   -0.09909   -0.16147     68
   0.12062   -0.18479    0.09766   -0.17464      4
  -0.12742   -0.18156   -0.13500   -0.18446      1
  -0.13311   -0.17754   -0.06139   -0.16247      1
   0.01235   -0.17578    0.02627   -0.17169      1
   0.03484   -0.17466    0.05325   -0.18695      1
  -0.02465   -0.17386    0.01365   -0.20022      1
   0.13091   -0.17316    0.10274   -0.18382      1
  -0.15963   -0.15421   -0.14633   -0.16251      1
  -0.15327   -0.15559   -0.16138   -0.18762      1
  -0.16247   -0.15121   -0.17469   -0.13599      2
  -0.16185   -0.15179   -0.17374   -0.13721      3
  -0.09825   -0.15049   -0.11146   -0.16904      1
  -0.16689   -0.14631   -0.16579   -0.11887      4
  -0.16574   -0.14759   -0.15217   -0.13985      2
  -0.16743   -0.14570   -0.16142   -0.12521      3
  -0.01266   -0.14303   -0.03460    0.01733      1
   0.03261   -0.14213    0.10466   -0.27407      1
  -0.17186   -0.14044   -0.16806   -0.12605      2
  -0.01014   -0.14147   -0.02378   -0.12464      1
  -0.00382   -0.14177    0.01736   -0.11157      2
   0.00171   -0.14181    0.05128   -0.13359      1
   0.00846   -0.14158    0.15756    0.10271      1
   0.05141   -0.13413    0.07635   -0.13774      1
  -0.06192   -0.13328   -0.02382   -0.12372      1
   0.05802   -0.13287   -0.05989    0.02227      1
  -0.18073   -0.12828   -0.14565   -0.14400      2
  -0.18314   -0.12540   -0.16541   -0.14028      1
  -0.18103   -0.12298   -0.15305   -0.09124      1
  -0.01812   -0.12236   -0.03096   -0.13029      2
  -0.01678   -0.12255   -0.02146   -0.13852      2
   0.00466   -0.12293    0.00919   -0.10941      7
   0.00906   -0.12263    0.00850   -0.12228      2
  -0.18689   -0.11941   -0.15313   -0.09379      6
  -0.18553   -0.12131   -0.18638   -0.09994      1
  -0.03490   -0.11858   -0.01106   -0.10018      1
  -0.03104   -0.11857   -0.03614   -0.11368      7
  -0.02767   -0.11975   -0.00050   -0.10394      2
  -0.01742   -0.12157    0.00134   -0.10975      2
   0.01864   -0.12165    0.02953   -0.12650      3
   0.02496   -0.12114    0.03141   -0.13872      5
   0.02742   -0.12060    0.03705   -0.14576      7
   0.03316   -0.11916    0.04612   -0.11531      1
   0.03559   -0.11847    0.04306   -0.13583      6
   0.07765   -0.12086    0.01880   -0.12003      1
   0.07910   -0.12001    0.15506   -0.19634      1
   0.08219   -0.12158    0.10144   -0.18761      1
  -0.18834   -0.11714   -0.17348   -0.10998      5
  -0.04629   -0.11417   -0.04805   -0.11536      7
  -0.04547   -0.11428   -0.03603   -0.09210     14
  -0.02436   -0.11512    0.01576   -0.12075      5
  -0.00749   -0.11676   -0.00501   -0.09886      1
  -0.00343   -0.11577   -0.02320   -0.11084      2
   0.00121   -0.11714    0.02169   -0.10367     15
   0.00270   -0.11736    0.01388   -0.10795     20
   0.00958   -0.11677    0.02503   -0.11980      1
   0.03765   -0.11783    0.05173   -0.13726      2
   0.03934   -0.11727    0.05264   -0.13647      8
   0.04382   -0.11566    0.05371   -0.13562     11
   0.04673   -0.11452    0.05651   -0.13493      8
  -0.05015   -0.11227   -0.03807   -0.09564      5
  -0.04825   -0.11350   -0.03528   -0.10083     45
  -0.01475   -0.11359   -0.00316   -0.10968     16
  -0.01386   -0.11363   -0.00867   -0.11721      2
   0.00000   -0.11043    0.03603   -0.08247      1
   0.01259   -0.11070    0.03867    0.11232      1
   0.01500   -0.11022    0.03595    0.11981      1
   0.05313   -0.11085    0.05365   -0.11994      1
  -0.19454   -0.10649   -0.16978   -0.08667      4
  -0.06249   -0.10649   -0.05205   -0.11292      5
  -0.06042   -0.10782   -0.05313   -0.09437      6
  -0.05679   -0.10860   -0.06125   -0.08571      2
  -0.03676   -0.10689   -0.03627   -0.09074      3
  -0.02279   -0.10942    0.00181   -0.09595      2
  -0.02134   -0.10941   -0.00568   -0.08563      2
   0.02564   -0.10820    0.06373   -0.12509      1
   0.03086   -0.10899    0.04841   -0.11241      1
   0.05770   -0.10885    0.05777   -0.11650      2
   0.05927   -0.10758    0.05334   -0.10514      1
   0.09977   -0.10789    0.12193   -0.14791      1
  -0.19500   -0.10566   -0.16349   -0.07772      9
  -0.13897   -0.10204   -0.09653   -0.10684      1
  -0.06784   -0.10272   -0.05035   -0.08732    238
  -0.06484   -0.10532   -0.05978   -0.11456      7
  -0.04686   -0.10298   -0.03382   -0.08630      5
  -0.03950   -0.10334   -0.01566   -0.10395      2
  -0.03720   -0.10481   -0.00091   -0.07715      2
  -0.03240   -0.10544    0.00000   -0.10259      1
   0.03286   -0.10588    0.04149   -0.10456      2
   0.03748   -0.10467    0.05670   -0.13040      1
   0.03833   -0.10473    0.05131   -0.10614      1
   0.06467   -0.10483    0.06959   -0.12606      1
   0.06723   -0.10321    0.05718   -0.11239      6
   0.09773   -0.10532    0.12142   -0.11126      1
  -0.07418   -0.09894   -0.05973   -0.08889      1
  -0.07101   -0.10119   -0.05906   -0.08498      1
  -0.06900   -0.10192   -0.05109   -0.09104      1
  -0.05818   -0.09961   -0.02401   -0.08486      1
  -0.05242   -0.09882   -0.01445   -0.07610      2
  -0.00480   -0.09837    0.03922   -0.11130      2
   0.04430   -0.10192    0.06364   -0.10978      1
   0.04817   -0.10026    0.05378   -0.14104      2
   0.05120   -0.09873    0.05938   -0.10496      1
   0.07102   -0.09998    0.05113   -0.11219      1
   0.10402   -0.10045    0.12600   -0.09210      2
   0.14280   -0.09910    0.17316   -0.08222      1
  -0.19984   -0.09570   -0.18124   -0.05959      1
  -0.07928   -0.09493   -0.04761   -0.09893      1
  -0.06253   -0.09413   -0.04530   -0.09205      3
  -0.06142   -0.09505   -0.05400   -0.10313      4
  -0.02742   -0.09453   -0.00407   -0.09921      4
  -0.02279   -0.09488   -0.01126   -0.08809     25
  -0.01923   -0.09478    0.00298   -0.09947     44
  -0.01566   -0.09467    0.00854   -0.09949     22
  -0.01351   -0.09532    0.01881   -0.09021     32
  -0.00867   -0.09578    0.00366   -0.09852     25
  -0.00598   -0.09458    0.01976   -0.09312     12
   0.00027   -0.09608    0.01753   -0.08528     17
   0.00380   -0.09548    0.02064   -0.07911     15
   0.00703   -0.09641    0.00133   -0.09586      9
   0.01091   -0.09609    0.02862   -0.09429      8
   0.01797   -0.09569    0.03890   -0.09915      5
   0.01959   -0.09523    0.03584   -0.11338      9
   0.02392   -0.09500    0.03399   -0.09914      3
   0.05525   -0.09586    0.03246   -0.07026      1
  -0.06935   -0.09176   -0.06153   -0.10787      1
  -0.06259   -0.09255   -0.06143   -0.08772      1
  -0.03687   -0.09109   -0.02249   -0.08357      6
  -0.03269   -0.09303   -0.01121   -0.08748     12
  -0.02922   -0.09393   -0.00496   -0.08355      1
  -0.02257   -0.09386    0.00035   -0.10010      9
  -0.01863   -0.09325    0.00218   -0.09236     37
  -0.01463   -0.09366   -0.00122   -0.08729     31
  -0.01275   -0.09382    0.00021   -0.08744     24
   0.01717   -0.09342    0.03512   -0.07547      2
   0.02338   -0.09291    0.03704   -0.08732     10
   0.02770   -0.09224    0.03857   -0.09595      7
   0.03139   -0.09132    0.03415   -0.09254      8
   0.03811   -0.09043    0.03867   -0.11232      1
   0.10892   -0.09142    0.13402   -0.09952      2
  -0.08773   -0.08693   -0.07949   -0.09180      2
  -0.04815   -0.08611   -0.03099   -0.07477     13
  -0.04530   -0.08679   -0.02748   -0.08079      8
  -0.04036   -0.08695   -0.01464   -0.07966     11
  -0.03532   -0.08861   -0.01117   -0.07529     29
  -0.03303   -0.08951   -0.02309   -0.07591      5
   0.02996   -0.08962    0.03873   -0.06853      5
   0.03074   -0.08949    0.00511   -0.07903      1
   0.03651   -0.08916    0.05449   -0.08048      7
   0.03951   -0.08930    0.05414   -0.09963      8
   0.04787   -0.08635    0.06406   -0.09789      1
  -0.20564   -0.08309   -0.18496   -0.04680      1
  -0.09096   -0.08379   -0.09101   -0.08156      9
  -0.08902   -0.08587   -0.08873   -0.08689      3
  -0.08022   -0.08235   -0.09526   -0.11273      1
  -0.07409   -0.08485   -0.07403   -0.06016      1
  -0.05403   -0.08220   -0.05745   -0.08391      1
  -0.05303   -0.08323   -0.02069   -0.07999     11
  -0.04862   -0.08558   -0.03610   -0.08095     13
  -0.04072   -0.08528   -0.01601   -0.07231      2
  -0.00545   -0.08210   -0.00618   -0.09749      3
   0.00142   -0.08221    0.00000   -0.15029      1
   0.00214   -0.08219    0.02745   -0.07398      5
   0.04107   -0.08584    0.02820   -0.05989      2
   0.04401   -0.08419    0.05667   -0.07470      7
   0.04872   -0.08563    0.05706   -0.08814     12
   0.05054   -0.08436    0.05996   -0.09567      4
   0.07297   -0.08248    0.07631   -0.08387      1
  -0.20613   -0.08020   -0.18157   -0.05251      5
  -0.09545   -0.07865   -0.09334   -0.07899      5
  -0.09312   -0.08139   -0.09067   -0.07997      8
  -0.08061   -0.08183   -0.07376   -0.07000      1
  -0.05851   -0.07930   -0.05510   -0.08737     10
  -0.05637   -0.08099   -0.03262   -0.07732      4
  -0.01547   -0.08063    0.00130   -0.08573     77
  -0.01211   -0.08099    0.01046   -0.09291    119
  -0.00778   -0.08085    0.01624   -0.08972     97
  -0.00328   -0.08097    0.02157   -0.09114     94
  -0.00024   -0.08108    0.02223   -0.08792    163
   0.00412   -0.08147    0.02611   -0.09583     77
   0.00697   -0.08149    0.01872   -0.08897     51
   0.01288   -0.08059    0.03631   -0.09081     32
   0.01537   -0.07960    0.03888   -0.08792     41
   0.02054   -0.07859    0.04191   -0.08743      7
   0.02311   -0.07855    0.04134   -0.08702      8
   0.04762   -0.08197    0.05627   -0.07477      2
   0.05319   -0.07870    0.06454   -0.08051     11
   0.05665   -0.07829    0.06623   -0.08757      5
   0.05940   -0.07857    0.06420   -0.09493      3
  -0.20832   -0.07619   -0.19979   -0.09323      2
  -0.09609   -0.07787   -0.09305   -0.08089      1
  -0.08114   -0.07672   -0.06124   -0.07873      2
  -0.06221   -0.07624   -0.02352   -0.08313      1
  -0.06063   -0.07690   -0.03878   -0.07659      4
  -0.03114   -0.07588   -0.01140   -0.07992     37
  -0.02946   -0.07508   -0.01132   -0.07463     69
   0.01649   -0.07631    0.04005   -0.08756      4
   0.01873   -0.07603    0.03864   -0.09635      6
   0.02547   -0.07730    0.04110   -0.08208    101
   0.02837   -0.07689    0.04128   -0.07909    537
   0.03227   -0.07538    0.04166   -0.07150    413
   0.03421   -0.07454    0.03815   -0.06594     26
   0.05342   -0.07776    0.06358   -0.07470      1
   0.05655   -0.07640    0.06497   -0.08180     12
   0.06039   -0.07667    0.06692   -0.08817      7
   0.11618   -0.07507    0.04321   -0.01529      3
  -0.21004   -0.07032   -0.17416   -0.03766      1
  -0.10075   -0.07151   -0.07062   -0.07189      2
  -0.06813   -0.07043   -0.06538   -0.06509      4
  -0.03869   -0.07067   -0.03274   -0.06714      1
  -0.03726   -0.07278   -0.03243   -0.06829      5
  -0.03327   -0.07317   -0.04001   -0.06875      2
   0.01992   -0.07399    0.05311   -0.08566      1
   0.03736   -0.07311    0.04907   -0.07884     22
   0.03897   -0.07237    0.05141   -0.07509     35
   0.04305   -0.07009    0.05295   -0.06826      1
   0.06150   -0.07281    0.07175   -0.07122      5
   0.06378   -0.07137    0.05999   -0.07531     16
   0.07384   -0.07294    0.05166   -0.03445      1
  -0.21011   -0.06718   -0.18602   -0.04985      1
  -0.10408   -0.06664   -0.09722   -0.05858     10
  -0.09764   -0.06633   -0.07697   -0.06367      1
  -0.04568   -0.06642    0.00501   -0.07543      1
  -0.04162   -0.06738   -0.03350   -0.06122      2
  -0.03064   -0.06841    0.01563    0.08954      1
  -0.01505   -0.06729   -0.00445    0.07366      6
  -0.01347   -0.06762   -0.00778    0.06853      5
  -0.00865   -0.06766   -0.00140    0.08502      2
   0.00863   -0.06736    0.01014    0.03573      2
   0.01260   -0.06654    0.01574    0.07277     12
   0.01547   -0.06663    0.01520   -0.08300      2
   0.02144   -0.06677    0.02614   -0.06833     16
   0.02259   -0.06784    0.04414   -0.08346      8
   0.04453   -0.06820    0.05390   -0.07513    114
   0.04760   -0.06623    0.05427   -0.08109     50
   0.06540   -0.06970    0.06457   -0.07022      3
   0.06638   -0.06782    0.06610   -0.07276      8
  -0.21219   -0.06463   -0.20032   -0.04441      1
  -0.10484   -0.06550   -0.08648   -0.05948      6
  -0.05003   -0.06283   -0.04387   -0.05011      1
  -0.04839   -0.06418    0.00078   -0.04896      2
  -0.03148   -0.06299   -0.00419    0.07150      2
  -0.02634   -0.06205    0.00000    0.08729      1
  -0.01471   -0.06278    0.00742    0.06618      1
  -0.01197   -0.06366    0.00325    0.07073     14
  -0.00870   -0.06427    0.00063    0.07018     40
  -0.00483   -0.06324    0.00040    0.07017     81
  -0.00113   -0.06251   -0.00244    0.07533     27
   0.00741   -0.06320    0.02126   -0.01992      2
   0.01537   -0.06435    0.01512    0.06973      4
   0.02145   -0.06420    0.02807    0.05726     12
   0.02509   -0.06281    0.03803   -0.06851     13
   0.02639   -0.06226    0.04110   -0.08208      1
   0.04499   -0.06559    0.04886   -0.06839     57
   0.04786   -0.06365    0.05040   -0.06849     48
   0.05112   -0.06309    0.05414   -0.07007     16
   0.06945   -0.06402    0.06405   -0.06449      1
  -0.21373   -0.05931   -0.17414   -0.04895      1
  -0.10859   -0.05906   -0.09715   -0.04727     16
  -0.05796   -0.05838   -0.04852   -0.07472      1
  -0.05211   -0.06041   -0.04591   -0.02483      1
  -0.02875   -0.05993    0.00242    0.07323      4
  -0.02268   -0.06176    0.00000    0.08549      1
  -0.02037   -0.05907   -0.00441    0.07500     10
  -0.01721   -0.06094   -0.00065    0.06830     12
  -0.01133   -0.06113    0.00678    0.08252      3
  -0.00637   -0.05989   -0.00750    0.07359     15
  -0.00545   -0.05976    0.00167    0.07538     49
   0.00045   -0.06060    0.00685    0.06854     43
   0.00370   -0.05928    0.01386    0.06852    114
   0.00735   -0.05856    0.01445    0.06565     88
   0.01077   -0.05858    0.02059    0.06757      3
   0.02387   -0.06053    0.01894    0.08614      1
   0.02854   -0.06103    0.06272   -0.04901      2
   0.03166   -0.05960    0.04003   -0.06852     82
   0.04264   -0.06125    0.04115   -0.06864      2
   0.04868   -0.05971    0.05122   -0.06569    115
   0.05032   -0.05926    0.05113   -0.06423     22
   0.05629   -0.05944    0.06063   -0.06560     49
   0.09299   -0.06021    0.03567    0.05409      1
   0.10819   -0.05997    0.11574   -0.07120      1
   0.21317   -0.06185    0.26983   -0.00895      1
  -0.08607   -0.05693   -0.08370    0.10011      1
  -0.07960   -0.05465   -0.08487   -0.03498      1
  -0.05671   -0.05574   -0.03648   -0.05392      3
  -0.02240   -0.05600   -0.01121    0.05174      5
  -0.01990   -0.05669    0.01069   -0.00715      4
  -0.01657   -0.05562   -0.01459   -0.05134      2
   0.00168   -0.05764    0.01886   -0.04963      1
   0.00411   -0.05613    0.01386   -0.05032      7
   0.00955   -0.05708    0.02050   -0.05005     16
   0.01100   -0.05737    0.01874    0.06226     68
   0.01586   -0.05567    0.01702    0.06439    110
   0.01839   -0.05489    0.01378    0.07024     30
   0.03553   -0.05733    0.05295   -0.06698     29
   0.03923   -0.05540    0.05294   -0.05138     14
   0.04395   -0.05414    0.05656   -0.07344      1
   0.04976   -0.05603    0.05295   -0.06487    117
   0.05119   -0.05463    0.05322   -0.06346    166
   0.05647   -0.05595    0.09158   -0.03515      1
   0.05896   -0.05692    0.06203   -0.06410     22
   0.07850   -0.05448    0.08311   -0.06754      1
   0.10966   -0.05723    0.12904   -0.07163      2
   0.11042   -0.05575    0.12503   -0.06959      1
  -0.21485   -0.05353   -0.18614   -0.03753      1
  -0.11142   -0.05336   -0.09352   -0.05400      1
  -0.08170   -0.05127   -0.07771   -0.04195      2
  -0.06392   -0.05158   -0.05990   -0.04461      2
  -0.06027   -0.05106   -0.06166   -0.05173     11
  -0.03935   -0.05203   -0.03268    0.07411      1
  -0.02518   -0.05162   -0.00755    0.05330     13
  -0.01417   -0.05344    0.00168   -0.04587      1
  -0.00028   -0.05321    0.01910   -0.05548      2
   0.00364   -0.05344    0.05125   -0.08364      1
   0.00783   -0.05274    0.01370   -0.07251      1
   0.01413   -0.05266    0.07004   -0.07862      1
   0.02130   -0.05359    0.00891    0.06480     21
   0.02330   -0.05285    0.01616    0.05261     49
   0.02842   -0.05087    0.01875    0.06166     59
   0.03030   -0.05019    0.02008    0.05155     29
   0.04145   -0.05255    0.05301   -0.05732     23
   0.04222   -0.05162    0.05401   -0.05156     15
   0.05303   -0.05328    0.05500   -0.06246     70
   0.05501   -0.05150    0.05971   -0.06039     48
   0.06098   -0.05296    0.07024   -0.06186     22
   0.06265   -0.05146    0.06374   -0.05249      7
   0.08199   -0.05049    0.07788   -0.06935      8
   0.08228   -0.05018    0.07898   -0.06726      7
   0.11230   -0.05185    0.12666   -0.07197      3
   0.12667   -0.05125    0.17730   -0.06001      1
  -0.21712   -0.04611   -0.17619   -0.12801      1
  -0.11456   -0.04648   -0.10515   -0.04072      2
  -0.11323   -0.04963   -0.10024   -0.03768      1
  -0.06218   -0.04944   -0.03097   -0.03264      1
  -0.06084   -0.04844   -0.05308   -0.05382      5
  -0.04169   -0.04774   -0.03611   -0.06010      3
  -0.03154   -0.04701   -0.00764    0.03470      4
  -0.02768   -0.04953    0.00603    0.07152      2
  -0.02382   -0.04777   -0.00637    0.05137     14
  -0.00201   -0.04837    0.01755   -0.05011      1
   0.00193   -0.04988   -0.03420    0.00000      1
   0.00559   -0.04643    0.02244   -0.05726      3
   0.01296   -0.04773   -0.05966   -0.00870      1
   0.01744   -0.04845    0.03480   -0.05439      2
   0.02979   -0.04989    0.03598    0.05124     13
   0.03071   -0.04951    0.02635    0.05704     53
   0.03597   -0.04711    0.02804    0.06222     21
   0.03978   -0.04783    0.05582   -0.04106     12
   0.04536   -0.04931    0.07062   -0.04657      1
   0.04729   -0.04910    0.05157   -0.05386      4
   0.05129   -0.04921    0.06217   -0.05669      2
   0.05632   -0.04921    0.06066   -0.06397     25
   0.06087   -0.04677    0.06057   -0.05013     11
   0.06346   -0.04825    0.06896   -0.06285     27
   0.08242   -0.04995    0.08099   -0.06868      1
   0.11420   -0.04753    0.12071   -0.06717      2
   0.12788   -0.04843    0.11543   -0.01930      4
  -0.11524   -0.04442   -0.10598   -0.04957      8
  -0.06558   -0.04290   -0.03264   -0.01721      1
  -0.06054   -0.04595   -0.02754   -0.03328      3
  -0.05549   -0.04343   -0.04525   -0.04517     31
  -0.04361   -0.04449   -0.01536    0.05700     10
  -0.03942   -0.04329   -0.01132    0.06288      1
  -0.03520   -0.04512   -0.01034    0.01896      1
  -0.03010   -0.04256   -0.04478    0.05170      1
  -0.02656   -0.04334   -0.01217    0.03760     10
  -0.02490   -0.04542    0.00173    0.03956      7
   0.00071   -0.04317    0.01589   -0.05102     10
   0.00347   -0.04504   -0.03625   -0.03501      1
   0.02393   -0.04231    0.02611    0.02733      1
   0.04054   -0.04560    0.03182    0.06227     18
   0.04385   -0.04332    0.02749    0.06847      9
   0.04900   -0.04334    0.03307    0.06100     10
   0.05702   -0.04341    0.06118   -0.05003      4
   0.05882   -0.04483    0.05631   -0.05136     11
   0.06507   -0.04213    0.06350   -0.04733     31
   0.06620   -0.04299    0.06374   -0.04998      1
   0.10287   -0.04375    0.08749    0.10280      1
   0.11580   -0.04348    0.13993   -0.05724      2
  -0.21827   -0.03829   -0.18662   -0.04377      1
  -0.11711   -0.03921   -0.11127   -0.03615      1
  -0.07047   -0.04003   -0.06712   -0.01723      1
  -0.06804   -0.03913   -0.05361   -0.04170      4
  -0.05650   -0.04160   -0.03641   -0.05030      1
  -0.03898   -0.03937   -0.03084   -0.02862     24
  -0.03421   -0.03910   -0.03497   -0.03564     24
  -0.03376   -0.03898   -0.02387   -0.03479     32
  -0.02932   -0.03976   -0.01341    0.03139     10
  -0.01242   -0.03800   -0.03586   -0.00868      1
  -0.00858   -0.03905   -0.02393    0.05040      1
  -0.00379   -0.03979    0.00150    0.12238      1
   0.00153   -0.03995    0.02618    0.01727      8
   0.00345   -0.03983    0.02601    0.01884    144
   0.00681   -0.03940    0.01885    0.01287    163
   0.01076   -0.03851    0.01809    0.01244     32
   0.04055   -0.03991    0.04725   -0.03075     13
   0.04597   -0.04196    0.02958    0.07668      6
   0.04903   -0.03887    0.03871    0.05839    120
   0.05035   -0.04150    0.03594    0.05863     17
   0.06037   -0.04050    0.06374   -0.04992     45
   0.06523   -0.04181    0.05787   -0.04523     53
   0.06815   -0.03922    0.07390   -0.04657      3
   0.11714   -0.03974    0.13998   -0.05590      5
  -0.11825   -0.03602   -0.11181   -0.03122      1
  -0.11725   -0.03769   -0.10633   -0.04415      2
  -0.07005   -0.03697   -0.05894   -0.03813      1
  -0.06964   -0.03476   -0.05854   -0.03123      3
  -0.04240   -0.03728   -0.03198    0.00168      2
  -0.04090   -0.03754   -0.03394   -0.03334      8
  -0.03149   -0.03672   -0.02119   -0.03447      9
  -0.02911   -0.03739   -0.01122    0.03403     23
  -0.02523   -0.03562   -0.01537   -0.03591     14
  -0.02046   -0.03435   -0.00390   -0.01696    125
  -0.01752   -0.03594   -0.00208   -0.01069      4
  -0.01348   -0.03764   -0.00846    0.00855      3
   0.01354   -0.03762    0.01361    0.00809     23
   0.01572   -0.03676    0.01841    0.01110    124
   0.01944   -0.03510    0.02983   -0.00399     20
   0.02711   -0.03547    0.03613   -0.03658     15
   0.03221   -0.03740    0.04371   -0.04852      6
   0.03700   -0.03721    0.03584   -0.02951     11
   0.03932   -0.03772    0.05166   -0.02497      7
   0.04942   -0.03611    0.03920    0.05475     98
   0.05054   -0.03595    0.03881    0.05903    126
   0.05964   -0.03545    0.07031   -0.05875      5
   0.06409   -0.03552    0.07621   -0.03452      8
   0.07149   -0.03453    0.07999   -0.03415      3
   0.10471   -0.03463    0.02504    0.10042      1
   0.11795   -0.03726    0.13518   -0.04958      2
   0.11870   -0.03480    0.13302   -0.04736      5
  -0.21915   -0.03377   -0.18617   -0.03686      5
  -0.21713   -0.03396   -0.18643   -0.02488      1
  -0.11912   -0.03306   -0.10050   -0.02469      1
  -0.10719   -0.03110   -0.11087   -0.02377      1
  -0.04607   -0.03293   -0.02237    0.05598      2
  -0.04587   -0.03302   -0.03268    0.03734     25
  -0.04158   -0.03229   -0.03505    0.04884      2
  -0.03313   -0.03257   -0.00173    0.03956      1
  -0.02934   -0.03238   -0.01132    0.01628     17
  -0.02279   -0.03291   -0.00291   -0.01378     78
  -0.02149   -0.03372   -0.00125   -0.01701     31
   0.00545   -0.03093    0.02582    0.03266      2
   0.00667   -0.03049    0.03574    0.01705      7
   0.01104   -0.03261    0.02072    0.02079      2
   0.02148   -0.03372    0.02021   -0.00760      3
   0.02439   -0.03168    0.02607    0.00165     47
   0.02628   -0.03024    0.04179    0.01623     18
   0.04977   -0.03112    0.04240    0.05028     80
   0.05092   -0.03084    0.04097    0.05310    188
   0.05633   -0.03121    0.03878    0.06516      3
   0.06040   -0.03123    0.03985    0.06049      2
   0.06520   -0.03327    0.08743   -0.01715      5
   0.06782   -0.03120    0.06598   -0.03450     30
   0.07069   -0.03042    0.07352   -0.03735     21
   0.10490   -0.03368    0.07487   -0.04993      3
   0.11931   -0.03265    0.13636   -0.05295      4
  -0.22023   -0.02704   -0.22898   -0.02250      2
  -0.11963   -0.02989   -0.11170   -0.03123      2
  -0.09427   -0.03000   -0.13564   -0.03256      1
  -0.07511   -0.02843   -0.06261   -0.04701      1
  -0.07096   -0.02926   -0.07928   -0.01399      2
  -0.06862   -0.02860   -0.05245   -0.02379      1
  -0.05065   -0.02661   -0.01877    0.06296      1
  -0.04923   -0.02619   -0.02348    0.05042      2
  -0.04563   -0.02753   -0.03629   -0.03447     10
  -0.04164   -0.02751   -0.02314    0.04571      4
  -0.03568   -0.02729   -0.03278    0.04284      2
  -0.03065   -0.02831   -0.01190    0.02315     15
  -0.02675   -0.02972   -0.00988   -0.02099      5
   0.00475   -0.02771    0.02036    0.01720     27
   0.00821   -0.02844    0.03132    0.02482      8
   0.02315   -0.02607    0.12624   -0.10006      1
   0.02803   -0.02851    0.03582    0.01710     42
   0.03007   -0.02635    0.00170   -0.01701      1
   0.04218   -0.02770    0.07465   -0.00248      1
   0.05169   -0.02855    0.03988    0.05345    380
   0.05652   -0.02720    0.03848    0.05421     46
   0.05964   -0.02933    0.01837    0.06123      2
   0.06427   -0.02697    0.05511   -0.05175      1
   0.06956   -0.02869    0.07641   -0.03584     26
   0.07141   -0.02676    0.07420   -0.03771    508
   0.10776   -0.02865    0.16289    0.00000      1
   0.12026   -0.02896    0.13424   -0.05451      1
  -0.22067   -0.02378   -0.21968   -0.01777      3
  -0.12103   -0.02524   -0.10438   -0.05384      2
  -0.11119   -0.02276   -0.07365   -0.01246      1
  -0.04806   -0.02474   -0.03406   -0.02015     17
  -0.03494   -0.02293   -0.03004    0.01829     58
  -0.03276   -0.02517   -0.02476    0.01739     16
  -0.02002   -0.02287   -0.01123   -0.00749      1
   0.00409   -0.02530    0.01971    0.01700     12
   0.02345   -0.02568    0.10115   -0.14996      1
   0.02668   -0.02227    0.17538   -0.06280      1
   0.03198   -0.02400    0.04582    0.01480     12
   0.03640   -0.02304    0.03815    0.01695    259
   0.03885   -0.02227    0.03740    0.01705    143
   0.04419   -0.02225    0.05044   -0.03200      2
   0.05333   -0.02420    0.03923    0.05052    132
   0.05444   -0.02319    0.04003    0.05337     70
   0.06958   -0.02259    0.07801   -0.03420     29
   0.07187   -0.02487    0.07519   -0.03760    547
   0.07456   -0.02363    0.07965   -0.03247     19
   0.09418   -0.02298    0.10133   -0.02508      1
   0.10096   -0.02493    0.12207    0.08611      1
   0.10266   -0.02395    0.09166    0.02321      2
   0.10754   -0.02574    0.10983   -0.03760      1
   0.12137   -0.02379    0.13998   -0.03343      7
  -0.22096   -0.02015   -0.21912   -0.02116      3
  -0.12214   -0.01891   -0.10464   -0.01808      3
  -0.12152   -0.02017   -0.10707   -0.01964      2
  -0.07176   -0.02138   -0.01884    0.08970      5
  -0.05144   -0.01909   -0.04848   -0.01248     13
  -0.03932   -0.01851   -0.17259   -0.03637      1
  -0.03560   -0.01975   -0.01190   -0.00131     55
  -0.03362   -0.02164   -0.00404   -0.00699     10
   0.02871   -0.02100    0.09714   -0.09619      2
   0.03379   -0.02132    0.03855    0.01245      3
   0.03571   -0.02126    0.03855    0.01705    143
   0.04149   -0.02110    0.03875    0.01736    123
   0.04481   -0.02029    0.04030    0.01608    219
   0.04871   -0.01869    0.04318    0.02324    227
   0.05259   -0.01898    0.05299    0.05027    237
   0.05509   -0.01937    0.04650    0.04465    212
   0.05814   -0.01884    0.04149    0.05379      6
   0.06258   -0.02049    0.04627   -0.01626      2
   0.06732   -0.01885    0.07037   -0.02584     66
   0.07329   -0.02124    0.07638   -0.03262    209
   0.07450   -0.01970    0.07656   -0.02912     89
   0.12184   -0.02126    0.13938   -0.03787      2
   0.12219   -0.01915    0.13906   -0.02532      9
   0.22112   -0.01954    0.23761   -0.02037      1
  -0.12248   -0.01626   -0.11414   -0.01079      8
  -0.07345   -0.01478   -0.03260   -0.09632      1
  -0.05226   -0.01575   -0.02947   -0.01259      3
  -0.04377   -0.01413   -0.03067    0.01707      3
  -0.03881   -0.01602   -0.03469    0.00889     16
  -0.03634   -0.01719   -0.00863   -0.00086     38
  -0.00955   -0.01417   -0.00125   -0.01254      1
   0.00185   -0.01484   -0.00817   -0.02725      2
   0.00247   -0.01560    0.03574    0.02194     12
   0.03162   -0.01481    0.12470   -0.04416      1
   0.03732   -0.01473    0.03865    0.00507     51
   0.04429   -0.01761    0.04438   -0.00743      1
   0.04925   -0.01640    0.04307    0.01464    462
   0.05281   -0.01596    0.05280    0.02730    817
   0.05532   -0.01644    0.05153    0.04672    375
   0.05852   -0.01523    0.05143    0.04824     34
   0.06586   -0.01446    0.06994   -0.02232     47
   0.06686   -0.01592    0.06528   -0.02131     69
   0.07249   -0.01553    0.07673   -0.02801    105
   0.07465   -0.01742    0.07741   -0.03445     36
   0.07949   -0.01522    0.09698   -0.03758      2
   0.09534   -0.01516    0.10158   -0.02828      2
   0.11024   -0.01502    0.12611   -0.05747      1
   0.12267   -0.01580    0.13906   -0.02502     17
  -0.12306   -0.01229   -0.13123   -0.01123     12
  -0.07398   -0.01208   -0.02594   -0.03454      1
  -0.05386   -0.01229   -0.04183   -0.00099      4
  -0.04638   -0.01117   -0.02352    0.00010      5
  -0.04552   -0.01220   -0.05048    0.00252      8
  -0.03854   -0.01069   -0.01028   -0.00377     56
  -0.03774   -0.01330   -0.01151    0.00000     11
  -0.01150   -0.01063   -0.03871    0.02938      1
  -0.00757   -0.01180    0.00480   -0.00141      2
   0.00092   -0.01381    0.00254   -0.00254      1
   0.01139   -0.01306    0.02037   -0.01632      1
   0.03322   -0.01164    0.12473   -0.06246      1
   0.03782   -0.01295    0.03499   -0.00574     41
   0.03844   -0.01105    0.03858    0.00000     71
   0.04518   -0.01144    0.05033   -0.01406    123
   0.04754   -0.01277    0.05155   -0.01265    229
   0.05264   -0.01349    0.05219   -0.00651    261
   0.05597   -0.01163    0.05156    0.01880    259
   0.05890   -0.01270    0.05290    0.03854     43
   0.06575   -0.01353    0.06843   -0.02045     99
   0.06635   -0.01168    0.07004   -0.02130     47
   0.07147   -0.01319    0.07648   -0.02414     46
   0.07560   -0.01058    0.07062   -0.01253    240
   0.09648   -0.01199    0.09780   -0.01694      2
   0.12297   -0.01327    0.13982   -0.03247      9
  -0.22077   -0.00948   -0.22373   -0.01251      1
  -0.12334   -0.00925   -0.11232   -0.00628      1
  -0.07485   -0.00747   -0.07416   -0.01739      7
  -0.07196   -0.00718   -0.05658   -0.00516      8
  -0.05619   -0.00835   -0.06839    0.01250      5
  -0.04792   -0.00766   -0.03459    0.00486      4
  -0.04215   -0.00682   -0.04181   -0.00640      1
  -0.03904   -0.00880   -0.01128   -0.00335    105
  -0.01515   -0.00782   -0.03614   -0.02365      1
  -0.01290   -0.00853    0.03639   -0.01560      3
   0.03778   -0.00843    0.10364    0.01254      3
   0.04091   -0.00795    0.04037    0.01245    473
   0.04267   -0.00674    0.03854    0.00793    517
   0.04625   -0.00973    0.04133   -0.01256      1
   0.05218   -0.00837    0.05116   -0.05011      2
   0.05643   -0.00802    0.05130    0.02057     55
   0.06062   -0.00784    0.05616   -0.00343     52
   0.06317   -0.00698    0.06208   -0.00500     39
   0.06936   -0.00849    0.07014   -0.01546     18
   0.07070   -0.00878    0.07660   -0.01546      9
   0.07575   -0.00848    0.07232   -0.01485     35
   0.09796   -0.00965    0.08939   -0.02373      2
   0.12343   -0.00782    0.15333   -0.01551      2
  -0.22078   -0.00428   -0.18656   -0.02390      1
  -0.12319   -0.00239   -0.10708   -0.00537      3
  -0.07710   -0.00358   -0.06100   -0.01030     28
  -0.06773   -0.00279   -0.05058   -0.00733     18
  -0.06452   -0.00224   -0.05397   -0.01025     14
  -0.06119   -0.00411   -0.04913    0.03355      5
  -0.05043   -0.00468   -0.03270    0.00623      2
  -0.04955   -0.00235   -0.03924    0.00530      9
  -0.04236   -0.00573   -0.03353    0.01038     21
  -0.03975   -0.00424    0.00386   -0.02409     27
  -0.03066   -0.00338   -0.01479   -0.01247      2
  -0.01632   -0.00449    0.01625    0.00023      4
   0.01316   -0.00419    0.10430    0.04158      5
   0.01526   -0.00345    0.05310    0.00171     11
   0.03764   -0.00456    0.11356   -0.08100      1
   0.04091   -0.00339    0.04178   -0.00254    152
   0.04373   -0.00564    0.03930    0.01251    181
   0.04652   -0.00295    0.04231    0.01481     12
   0.05301   -0.00343    0.04401    0.02047    112
   0.05504   -0.00418    0.04986    0.02051    183
   0.06047   -0.00297    0.05340   -0.00130     25
   0.06307   -0.00393    0.06539   -0.00249     37
   0.06822   -0.00292    0.06387   -0.00381     23
   0.07070   -0.00473    0.09506   -0.01689      4
   0.07546   -0.00479    0.08288   -0.01251     51
   0.11185   -0.00561    0.13897   -0.23878      1
   0.12363   -0.00370    0.14445    0.00892      2
  -0.12318    0.00120   -0.10696   -0.00512      2
  -0.07861   -0.00008   -0.03264    0.00000      5
  -0.07617    0.00056   -0.04881   -0.01253      1
  -0.06457   -0.00170   -0.04523   -0.01037      6
  -0.05024   -0.00026   -0.04157    0.01051      2
  -0.04985   -0.00070   -0.04947    0.00875      7
  -0.04455    0.00177   -0.03586   -0.00868      1
  -0.03998   -0.00031   -0.02480   -0.00002      8
  -0.01433   -0.00192   -0.03264    0.01721      1
  -0.01367    0.00199   -0.06166   -0.02516      1
  -0.00894    0.00050   -0.06209    0.00000      1
  -0.00367    0.00199   -0.01710    0.00000      1
   0.00777    0.00089   -0.00849    0.03406      1
   0.01392    0.00179    0.05845    0.08541      3
   0.01548    0.00095    0.05941    0.01252     16
   0.03453    0.00140    0.05122   -0.12489      1
   0.04144   -0.00085    0.04461    0.00061     72
   0.04522   -0.00088    0.04482    0.01867      8
   0.04723    0.00012    0.05302    0.02112     18
   0.05336    0.00040    0.04732    0.02499     59
   0.05427    0.00011    0.04920    0.02051     41
   0.06159    0.00041    0.05849   -0.00499     15
   0.06578   -0.00172    0.07001    0.00251     15
   0.06722   -0.00073    0.06568   -0.00141     23
   0.07164   -0.00069    0.07105   -0.00561     18
   0.07582    0.00040    0.07638    0.00335     13
   0.07834    0.00070    0.13760   -0.00505      1
   0.12369   -0.00004    0.13978   -0.04141      1
  -0.22065    0.00216   -0.18605   -0.00745      2
  -0.07880    0.00507   -0.05488    0.03504      2
  -0.05129    0.00387   -0.03250    0.00726      3
  -0.04843    0.00466   -0.03327   -0.00153     43
  -0.04549    0.00407   -0.03630    0.02504      7
  -0.03991    0.00491   -0.01928    0.00000      8
  -0.01591    0.00466    0.02964   -0.01655      2
  -0.00628    0.00285   -0.02228    0.02474      1
  -0.00403    0.00285   -0.03431    0.01197      2
   0.01541    0.00242    0.01617    0.01378      7
   0.04111    0.00420    0.04062    0.00258    189
   0.04293    0.00486    0.04114    0.01560     53
   0.04864    0.00481    0.04421    0.02554    153
   0.05334    0.00460    0.04703    0.02018     54
   0.05423    0.00346    0.04437    0.01981     12
   0.06141    0.00460    0.05124    0.01105     11
   0.06301    0.00505    0.06942    0.01173     20
   0.06678    0.00537    0.07420   -0.00050     29
   0.07074    0.00410    0.06600    0.03154      6
   0.07530    0.00292    0.07363    0.01255     11
   0.13542    0.00515    0.17614    0.05486      1
  -0.12331    0.00911   -0.13520    0.04933      2
  -0.07866    0.00720   -0.07417   -0.00857     11
  -0.06422    0.00859   -0.04058    0.03389      2
  -0.05764    0.00974   -0.03639    0.02491      1
  -0.05187    0.00809   -0.03761   -0.00067    111
  -0.04971    0.00787   -0.03635    0.00634      1
  -0.04293    0.00679   -0.06118    0.01503      3
  -0.03975    0.00838   -0.03271    0.00304     49
  -0.01571    0.00649   -0.00247   -0.01889      5
  -0.01313    0.00830    0.01946   -0.02229      2
   0.00913    0.00956    0.00501   -0.01253      1
   0.01247    0.00777    0.06445    0.04393     10
   0.01533    0.00797    0.01792    0.00163      1
   0.04112    0.00711    0.03946    0.01382    355
   0.04245    0.00864    0.03854    0.01118    738
   0.04750    0.00737    0.04422    0.01715     29
   0.05264    0.00815    0.05081    0.02249    495
   0.05417    0.00686    0.04615    0.02165      4
   0.06125    0.00787    0.06279    0.00180     22
   0.06296    0.00847    0.06691    0.00130    102
   0.06844    0.00670    0.07638   -0.00423     21
   0.07216    0.00680    0.10326   -0.00686      1
   0.07640    0.00745    0.07576    0.01049      8
   0.11729    0.00898    0.07911   -0.00373      1
  -0.07834    0.01212   -0.06606    0.01924      6
  -0.05037    0.01068   -0.03231   -0.01371      1
  -0.04830    0.01250   -0.02520    0.00351     19
  -0.03822    0.01198   -0.01245   -0.01069     38
  -0.03769    0.01334    0.00000   -0.01562     29
   0.00970    0.01233    0.02246    0.01707     64
   0.01016    0.01185    0.03564    0.01715     25
   0.03791    0.01271    0.03974    0.01248     14
   0.03855    0.01133    0.03854   -0.00082    147
   0.04270    0.01265    0.04464   -0.01121     19
   0.04637    0.01041    0.02048    0.00345      2
   0.05257    0.01218    0.04993    0.02488     92
   0.05479    0.01185    0.10165   -0.05024      1
   0.05920    0.01244    0.05130    0.00000      1
   0.06280    0.01078    0.06692    0.00197     56
   0.06685    0.01164    0.06995    0.00980     17
   0.07187    0.01107    0.07006    0.02317      3
   0.07615    0.01370    0.07245    0.01473     16
   0.08001    0.01296    0.07063    0.07063      1
  -0.22128    0.01635   -0.19246   -0.08996      2
  -0.12182    0.01673   -0.09970    0.02928      2
  -0.07760    0.01550   -0.06556    0.01029     15
  -0.04694    0.01592   -0.04693    0.01835      2
  -0.04536    0.01738   -0.02715    0.00055      4
  -0.03886    0.01506   -0.04642    0.01717      1
  -0.03652    0.01629   -0.00131   -0.01614    462
   0.03625    0.01727    0.03373    0.01242     70
   0.03823    0.01649    0.03574    0.02036      7
   0.04306    0.01576    0.05102   -0.01620     50
   0.04968    0.01773    0.04322    0.01822      6
   0.05115    0.01597    0.04513    0.02459     91
   0.05775    0.01727    0.04308    0.02753      2
   0.06020    0.01462    0.05850    0.01461      2
   0.06434    0.01512    0.06617    0.00754      5
   0.07260    0.01575    0.07890    0.02574      2
   0.07606    0.01453    0.06898    0.01720     56
   0.08014    0.01758    0.08923    0.02508      1
   0.10143    0.01778    0.05683   -0.01727      1
   0.12262    0.01610    0.13036   -0.02252      1
   0.21810    0.01671    0.19068    0.03776      1
  -0.12202    0.01845   -0.08988    0.00455      1
  -0.12144    0.02031   -0.11000    0.03184      2
  -0.07596    0.02112   -0.06712    0.01896    223
  -0.06873    0.02057   -0.02025    0.00430      1
  -0.04407    0.01849   -0.03501   -0.00251      5
  -0.04012    0.01984   -0.02616    0.01499      8
  -0.03564    0.01941   -0.01060    0.00180     74
  -0.03377    0.02140   -0.01798    0.00697      2
   0.01389    0.02142    0.01398    0.01748      3
   0.01552    0.02043    0.02478    0.02051    111
   0.02150    0.01914    0.02683    0.01712     12
   0.02269    0.02023    0.03541    0.01714     28
   0.02623    0.02183    0.05331    0.02407      1
   0.03373    0.02147    0.02424    0.00596     60
   0.03488    0.02036    0.03171    0.01690    409
   0.04117    0.02059    0.04375   -0.00864      3
   0.04406    0.02042    0.05128   -0.01132    106
   0.04922    0.02003    0.04687    0.01875    105
   0.05066    0.01914    0.04841    0.02414     43
   0.05646    0.01903    0.06617    0.02343      1
   0.05894    0.02027    0.04926    0.01725      7
   0.06453    0.01803    0.06995    0.01705      1
   0.06834    0.02000    0.06549    0.02536      5
   0.07333    0.02046    0.07602    0.01748      4
   0.07596    0.01994    0.07638    0.02056      9
   0.11247    0.02178    0.10113    0.01729      3
   0.12184    0.02124    0.14953    0.02235      3
  -0.12068    0.02439   -0.10228    0.02683      4
  -0.07524    0.02549   -0.07352    0.02237     28
  -0.03504    0.02275   -0.03103    0.01712     51
  -0.03213    0.02443   -0.00345   -0.00830     15
   0.01373    0.02291    0.01398    0.01615      5
   0.01576    0.02359    0.02074    0.01740    120
   0.01818    0.02559    0.01909    0.01909      1
   0.02574    0.02261    0.02764    0.00904      7
   0.02627    0.02328    0.05355    0.02295      3
   0.03119    0.02501    0.02235    0.01478    247
   0.03648    0.02482    0.03858    0.01720    445
   0.03903    0.02528    0.03854    0.01727    138
   0.04415    0.02411    0.05144   -0.01382     96
   0.04915    0.02420    0.04856    0.02148    111
   0.05004    0.02579    0.04935    0.01864     38
   0.05428    0.02356    0.05158    0.02046      3
   0.05971    0.02288    0.05987    0.01717      8
   0.06494    0.02525    0.05299    0.03413      3
   0.06807    0.02434    0.05129    0.01374      1
   0.07196    0.02436    0.07124    0.02246      5
   0.11211    0.02265    0.11311    0.01927     10
   0.12139    0.02372    0.13021    0.01749      2
   0.13597    0.02546    0.16504   -0.04690      2
  -0.11981    0.02921   -0.10260    0.02308      2
  -0.07500    0.02643   -0.06209    0.02516     57
  -0.06374    0.02692   -0.05700    0.02410      2
  -0.04719    0.02915   -0.03150   -0.00702      7
  -0.03194    0.02689   -0.02577    0.02750     17
  -0.02971    0.02914   -0.01354   -0.00826      6
   0.01699    0.02636    0.01422    0.02354      8
   0.01830    0.02690    0.03584    0.03413      1
   0.02896    0.02757    0.02192    0.01778    808
   0.03020    0.02620    0.01853    0.01274    271
   0.03763    0.02626    0.03855    0.02052     18
   0.04044    0.02864    0.04242    0.01388    315
   0.04363    0.02857    0.04707    0.01247    457
   0.04917    0.02734    0.05298    0.01713     47
   0.05185    0.02841    0.05312    0.01384     19
   0.05419    0.02891    0.06273   -0.00555      5
   0.06060    0.02804    0.05574    0.02051      3
   0.06958    0.02783    0.07063    0.03195     15
   0.07110    0.02917    0.06637    0.04043      4
   0.12049    0.02792    0.13320    0.02609      4
  -0.21861    0.03162   -0.17829    0.01962      2
  -0.11935    0.03058   -0.09963    0.02800      1
  -0.07489    0.03146   -0.07549    0.02553     10
  -0.06541    0.03033   -0.04436    0.05324      1
  -0.04902    0.03025   -0.06018   -0.00379      5
  -0.04374    0.03279   -0.06744   -0.03936      2
  -0.04028    0.03318   -0.11146    0.05269      1
  -0.02813    0.03352   -0.02433    0.03470      3
  -0.02556    0.03174   -0.04125    0.00242      2
   0.02164    0.03362    0.01864    0.01251    240
   0.02427    0.03177    0.02494    0.01768   1607
   0.02619    0.03021    0.02493    0.02196    211
   0.04170    0.03079    0.04712    0.02020      8
   0.04435    0.03152    0.05126    0.01490    516
   0.04686    0.03273    0.05025    0.01374    131
   0.05317    0.03174    0.06603   -0.00419     42
   0.05452    0.03288    0.06940    0.00000     60
   0.06079    0.03124    0.05108    0.00995      5
   0.06547    0.03315    0.06930    0.02246      2
   0.06634    0.03186    0.06503    0.01710      3
   0.07019    0.03016    0.07638    0.07506      1
   0.09229    0.03191    0.10091    0.05366      1
  -0.21746    0.03686   -0.15986    0.03956      1
  -0.11834    0.03461   -0.09852    0.02862      1
  -0.07425    0.03492   -0.05968    0.01445      2
  -0.05452    0.03420   -0.06380    0.00346      1
  -0.04934    0.03690   -0.04881   -0.00828     11
  -0.04278    0.03463   -0.04963    0.01739      5
  -0.03896    0.03717   -0.04640   -0.01866     20
  -0.03761    0.03729   -0.05393   -0.02585      2
  -0.03313    0.03669   -0.01953    0.03425      6
  -0.02771    0.03487   -0.01138    0.02528     13
  -0.02425    0.03642   -0.01531   -0.03447     29
  -0.01675    0.03630   -0.01988    0.03108      1
   0.01362    0.03759    0.03899    0.01639      1
   0.01726    0.03606    0.01398    0.01927     96
   0.01957    0.03487    0.01778    0.01705    205
   0.02538    0.03662    0.02099   -0.05604      4
   0.02703    0.03790    0.03639   -0.01560      3
   0.04192    0.03732    0.04263    0.04197     25
   0.04350    0.03594    0.05299    0.04993    527
   0.04786    0.03645    0.05299   -0.01049     17
   0.05328    0.03447    0.06378   -0.00515     43
   0.05926    0.03517    0.07740    0.02940      3
   0.06446    0.03509    0.05806    0.04407      3
   0.06630    0.03570    0.05148    0.09288      1
   0.11814    0.03664    0.12594    0.04860      1
   0.21885    0.03698    0.24231    0.02761      1
  -0.21663    0.04035   -0.18840    0.05473      1
  -0.11720    0.03826   -0.08642    0.02511      1
  -0.06725    0.04120   -0.05838    0.07043      2
  -0.04926    0.03905   -0.05990   -0.01251      3
  -0.03579    0.03977   -0.02392   -0.01507     12
  -0.02700    0.03998    0.00345   -0.02590      4
  -0.02557    0.04017   -0.00750    0.03624      7
  -0.00777    0.03922   -0.01118    0.01742      1
  -0.00407    0.03977    0.01887    0.07041      1
   0.00131    0.03996    0.00202   -0.01717      3
   0.02691    0.03890    0.06394   -0.03048      4
   0.03137    0.03982    0.03593   -0.05145      2
   0.04153    0.04143    0.04832    0.05007     38
   0.04329    0.03950    0.04855    0.04460    187
   0.04722    0.04046    0.05926   -0.00466     58
   0.05224    0.03952    0.06209    0.00201     11
   0.05488    0.03880    0.07638    0.01251      3
   0.05972    0.04095    0.06364    0.03772     13
   0.21435    0.04190    0.20727    0.06488      2
   0.21838    0.03963    0.22280    0.03155      2
  -0.21612    0.04367   -0.19397    0.05080      2
  -0.11543    0.04419   -0.11092    0.03993      1
  -0.08742    0.04324   -0.07712    0.04375      5
  -0.08501    0.04517   -0.07360    0.03871     88
  -0.06539    0.04476   -0.01648    0.00723      1
  -0.04783    0.04337   -0.04938   -0.01038      9
  -0.03146    0.04476   -0.02809   -0.02112     10
  -0.02704    0.04394   -0.02947   -0.03097     33
  -0.02438    0.04311   -0.01338    0.04619     10
  -0.02124    0.04483   -0.03626    0.03755      3
  -0.01343    0.04241   -0.00310    0.03857      1
   0.00109    0.04337    0.01903   -0.04292      2
   0.00639    0.04274    0.03617   -0.04482      1
   0.02868    0.04335    0.03554   -0.03753      8
   0.03715    0.04545    0.03752    0.05099     32
   0.03966    0.04334    0.04138    0.05192    142
   0.04378    0.04436    0.05323    0.04276     16
   0.04806    0.04481    0.07003   -0.00515     13
   0.05124    0.04433    0.06508    0.00506     11
   0.05562    0.04324    0.05525    0.05027      3
   0.05885    0.04355    0.06483    0.03774     27
   0.11604    0.04276    0.11370    0.03738      1
   0.21359    0.04528    0.20192    0.06866      2
   0.21406    0.04297    0.19012    0.03592      1
  -0.21569    0.04648   -0.19729    0.06259      1
  -0.08620    0.04709   -0.06712    0.03754     23
  -0.08501    0.04758   -0.06994    0.03395      4
  -0.05981    0.04782   -0.06435    0.06441      2
  -0.04567    0.04849   -0.08275   -0.02400      4
  -0.02710    0.04788   -0.03154   -0.03676     29
  -0.02237    0.04670   -0.00878    0.03795      9
  -0.01888    0.04793   -0.01611    0.04124     17
   0.00472    0.04663   -0.00846   -0.02746      3
   0.01092    0.04844    0.02616   -0.06222      1
   0.02834    0.04913   -0.01534   -0.07678      1
   0.03340    0.04956    0.03261    0.04964      9
   0.03565    0.04713    0.03969    0.05424    272
   0.03874    0.04719    0.04106    0.05491      9
   0.04381    0.04778    0.06402   -0.00924      9
   0.04756    0.04639    0.06657   -0.00756     17
   0.05338    0.04691    0.07321    0.04909      2
   0.05570    0.04858    0.07018    0.04451      4
   0.11361    0.04879    0.11292    0.03388      1
  -0.21553    0.05198   -0.19426    0.06879      1
  -0.21396    0.05271   -0.19762    0.05518      1
  -0.05493    0.05213   -0.02761    0.04664      3
  -0.04352    0.05264   -0.04604   -0.01721      3
  -0.03493    0.05274   -0.03260   -0.04639      1
  -0.02463    0.05053   -0.03119   -0.03488      1
  -0.02132    0.05225   -0.02389    0.04024      1
  -0.01735    0.05044   -0.01543    0.06848      5
  -0.00082    0.05330   -0.02506   -0.00263      1
   0.00579    0.05148    0.02216   -0.04950      3
   0.00610    0.05048    0.01617   -0.11223      1
   0.02769    0.05080    0.04305   -0.03690      3
   0.03154    0.05236    0.03964    0.05366     74
   0.03604    0.05075    0.03746    0.05550     20
   0.04060    0.05359    0.07131   -0.02036     11
   0.04465    0.05251    0.07999   -0.00154     14
   0.04684    0.05184    0.06358   -0.00337      3
   0.05169    0.05223    0.07211    0.01761      5
   0.05749    0.05155    0.05153    0.05028      1
  -0.21382    0.05478   -0.19481    0.05183      1
  -0.11050    0.05437   -0.09270    0.05430      2
  -0.08128    0.05537   -0.06325    0.06123     20
  -0.04208    0.05462   -0.04963   -0.03424      1
  -0.04025    0.05697   -0.04704   -0.00779      2
  -0.02216    0.05768   -0.01336    0.05695      3
  -0.01643    0.05479   -0.00719    0.03441      3
  -0.01388    0.05735    0.00000    0.07019      1
   0.00040    0.05539    0.03861   -0.04978      1
   0.00599    0.05692    0.01613   -0.05499      5
   0.00883    0.05722    0.01888    0.06233     25
   0.01088    0.05685    0.01387    0.06671     39
   0.01650    0.05552    0.02015    0.05534     32
   0.01913    0.05500    0.02397    0.05286     39
   0.02366    0.05545    0.02880    0.06214     17
   0.02891    0.05555    0.03607    0.05846     65
   0.03053    0.05466    0.03681    0.05658     16
   0.03765    0.05618    0.06662   -0.02318      8
   0.03923    0.05488    0.07034   -0.01777     76
   0.04557    0.05625    0.08168    0.01826      1
   0.04792    0.05530    0.06539    0.00504      2
   0.08712    0.05656    0.10808    0.03429      1
  -0.09758    0.06053   -0.10862   -0.02131      1
  -0.07806    0.05965   -0.06746    0.05675      2
  -0.07748    0.06027   -0.07223    0.06628     13
  -0.03837    0.05933   -0.05166   -0.03445      1
  -0.03698    0.06084    0.00000   -0.08189      1
  -0.01158    0.05972    0.00783    0.07295      2
  -0.00983    0.06077    0.00758    0.09419      1
  -0.00319    0.05996    0.00009    0.07464     18
   0.00175    0.05973    0.00440    0.06298     37
   0.00390    0.05904    0.01851    0.06749     50
   0.00675    0.05828    0.01923    0.06406     14
   0.01004    0.05986    0.01370    0.05223      1
   0.01530    0.06177    0.02616    0.06222      1
   0.02055    0.06067    0.04647   -0.06212      4
   0.02565    0.06033    0.03723    0.06874      8
   0.02612    0.06019    0.02462    0.07489      2
   0.03321    0.06165    0.07020   -0.02954      5
   0.03490    0.06037    0.06814   -0.02559     12
   0.03887    0.05907    0.06817   -0.00257      4
   0.04285    0.06116    0.06358    0.03745      5
   0.04635    0.05845    0.02224    0.07507      1
   0.08676    0.05828    0.10497    0.05165      1
  -0.21209    0.06202   -0.18854    0.03460      1
  -0.10643    0.06302   -0.10675    0.07813      1
  -0.10560    0.06421   -0.10844    0.06236      1
  -0.07515    0.06342   -0.06146    0.05078      2
  -0.07278    0.06443   -0.09721    0.05104      1
  -0.03339    0.06444   -0.12393   -0.07506      1
  -0.01894    0.06236   -0.00739    0.06799      1
  -0.01734    0.06299    0.25921   -0.10315      1
  -0.00840    0.06222    0.00000    0.05166      7
  -0.00344    0.06459    0.00000    0.06999     33
  -0.00186    0.06367   -0.00631    0.07343     20
   0.00594    0.06531    0.01888    0.06854      1
   0.00654    0.06558    0.03316    0.07483      2
   0.01331    0.06598    0.03210   -0.07824      4
   0.01667    0.06542    0.05146   -0.05160      9
   0.01935    0.06406    0.05278   -0.05614     20
   0.02556    0.06488    0.07657   -0.04897      1
   0.02945    0.06548    0.08076   -0.03312      3
   0.03249    0.06411    0.07743   -0.02659     20
   0.03581    0.06286    0.07638    0.00966      5
   0.03986    0.06373    0.06365    0.03909      5
   0.04326    0.06420    0.03885    0.05160      5
   0.08268    0.06203    0.26266    0.12025      1
   0.21200    0.06575    0.21928    0.06454      1
  -0.10187    0.06998   -0.09842    0.06490      1
  -0.07054    0.06927   -0.04964    0.07124     20
  -0.02939    0.06811   -0.06919    0.00000      5
  -0.02146    0.06725   -0.03507   -0.04875      8
  -0.01499    0.06820   -0.02746    0.07043      1
  -0.01142    0.06612   -0.00215    0.08817      1
  -0.00505    0.06638    0.00366    0.08537      3
   0.00198    0.06664   -0.01124    0.10016      1
   0.00765    0.06936    0.03736   -0.08418      8
   0.01321    0.06615    0.04276   -0.06852     22
   0.01506    0.06628    0.06358   -0.06851      3
   0.02018    0.06958    0.06388   -0.04502      5
   0.02573    0.06949    0.07170   -0.04365      6
   0.02795    0.06874    0.07557   -0.02382     29
   0.03230    0.06661    0.07534    0.00308     15
   0.03553    0.06714    0.08804    0.02645      2
   0.08042    0.06966    0.12613    0.07489      1
  -0.09999    0.07197   -0.07729    0.07003      4
  -0.06831    0.07150   -0.06019    0.07491     28
  -0.02275    0.07304   -0.03264   -0.01721      1
   0.01223    0.07386    0.05395   -0.06645     34
   0.01495    0.07339    0.06358   -0.06177      7
   0.02143    0.07318    0.07378   -0.03417    126
   0.02334    0.07115    0.07987   -0.02866     52
   0.02721    0.07144    0.04622   -0.00271      6
   0.03278    0.07196    0.05409    0.05151      3
   0.03624    0.07042    0.05345    0.05345      1
   0.08409    0.07079    0.08003    0.07516      1
  -0.09476    0.07786   -0.07559    0.07586      1
  -0.02746    0.07417   -0.06110    0.06484      1
  -0.01876    0.07522   -0.05674   -0.00183      6
  -0.01652    0.07704   -0.04963    0.01886     19
  -0.01234    0.07799   -0.04871   -0.00877      1
   0.00761    0.07688    0.05242   -0.06339     12
   0.01117    0.07501    0.06183   -0.05512     36
   0.01741    0.07438    0.07598   -0.03604     82
   0.01824    0.07419    0.07555   -0.03415     27
   0.02285    0.07522    0.04808    0.03222      2
   0.02656    0.07502    0.01375    0.09986      3
   0.08099    0.07479    0.00000    0.10619      1
   0.20823    0.07673    0.20158    0.06395      1
  -0.09542    0.07835   -0.08316    0.07306      1
  -0.07514    0.08051   -0.06107    0.06485      2
  -0.01934    0.07945   -0.01878    0.09830      4
  -0.01237    0.07812   -0.07012    0.01632      1
  -0.00898    0.08178   -0.01552    0.08792     13
  -0.00557    0.07869   -0.04067   -0.04698      2
   0.00162    0.08069    0.02759    0.00857      2
   0.00460    0.07895    0.04527   -0.05362     14
   0.00695    0.08102    0.02319    0.09401      6
   0.01261    0.07993    0.01887    0.08737     30
   0.01697    0.08034    0.02673    0.08687      1
   0.01858    0.08007    0.03756    0.09159      1
   0.07487    0.08167    0.07889    0.10507      1
   0.09486    0.07937    0.11145    0.07775      1
  -0.09000    0.08448   -0.08521    0.09033      2
  -0.07327    0.08253   -0.06143    0.07532      1
  -0.00539    0.08207   -0.00225    0.12837      2
   0.00000    0.08204   -0.00885    0.10348      3
  -0.08634    0.08819   -0.07412    0.07420      3
  -0.08501    0.08886   -0.06994    0.07435      2
  -0.07590    0.08940   -0.06246    0.07499      4
  -0.07089    0.08727   -0.07131    0.08756      6
  -0.06993    0.08654   -0.03256    0.11984      1
  -0.03552    0.08925   -0.02406    0.08560      3
   0.20386    0.08754    0.17645    0.06248      1
  -0.08292    0.09143   -0.07181    0.08499      4
  -0.08050    0.09356   -0.07228    0.08170      5
  -0.07458    0.09028   -0.05565    0.08538      3
  -0.07123    0.09352   -0.06671    0.09293      4
  -0.03139    0.09025   -0.01835    0.08280      2
  -0.01561    0.09360    0.00024    0.01613      2
  -0.01180    0.09385   -0.00963    0.08633      4
  -0.19911    0.09780   -0.17149    0.11265      1
  -0.07865    0.09537   -0.07996    0.08166      3
  -0.07673    0.09669   -0.06239    0.09575      2
  -0.07044    0.09448   -0.05682    0.08738      4
  -0.06945    0.09547   -0.05271    0.08652      8
  -0.02218    0.09613   -0.03246    0.08564      5
  -0.02053    0.09529   -0.01649    0.10125     28
  -0.01740    0.09439   -0.01544    0.09745      4
  -0.01076    0.09411   -0.01500    0.10921      4
  -0.00762    0.09403   -0.01007    0.09124      1
  -0.00356    0.09702    0.01500    0.11239      1
   0.07615    0.09739    0.08573    0.09355      1
  -0.07201    0.10009   -0.04509    0.06944      5
  -0.06915    0.10121   -0.06015    0.09285      7
  -0.00621    0.09872   -0.00510    0.03927      1
   0.01026    0.09810   -0.01119    0.10651      1
   0.07017    0.10180    0.07297    0.09374      1
  -0.06726    0.10250   -0.04891    0.08785      5
  -0.06445    0.10435   -0.06086    0.11539      6
   0.06452    0.10547    0.06769    0.09725     18
   0.06660    0.10416    0.06772    0.10545      2
  -0.05962    0.10728   -0.03960    0.09859     14
  -0.05717    0.10858   -0.04848    0.09659     23
  -0.02396    0.10935   -0.00244    0.10978     21
   0.05757    0.10942    0.06532    0.09775      2
   0.06059    0.10777    0.06780    0.10020     60
   0.06268    0.10658    0.06882    0.09864     27
  -0.19100    0.11309   -0.19070    0.13402      1
  -0.05127    0.11150   -0.03497    0.09828     14
  -0.04832    0.11286   -0.03634    0.10287     14
  -0.04553    0.11399   -0.03256    0.11984      1
  -0.03528    0.11249   -0.01369    0.11240      3
  -0.03127    0.11258   -0.02246    0.11213      8
  -0.02847    0.11104   -0.02367    0.08732      3
  -0.02363    0.11011    0.00500    0.10607      1
  -0.00665    0.11035   -0.01546    0.08591      1
   0.04930    0.11333    0.06430    0.12154     10
   0.05256    0.11175    0.05501    0.10317    108
   0.05449    0.11079    0.05152    0.10201     12
  -0.18946    0.11519   -0.19879    0.14128      1
  -0.04249    0.11595   -0.03331    0.11193     56
  -0.04057    0.11668   -0.02958    0.11213    301
  -0.03670    0.11757   -0.02916    0.10747     14
  -0.02673    0.11497   -0.01544    0.12051      1
  -0.01254    0.11672   -0.00242    0.11266      8
   0.04110    0.11665    0.05113    0.12666     26
   0.04422    0.11526    0.05144    0.11252     49
   0.04621    0.11448    0.04773    0.10976      9
  -0.03628    0.11808   -0.02375    0.11544     21
  -0.03251    0.11930   -0.04159    0.12021      2
  -0.02604    0.12075   -0.01764    0.10654      1
  -0.02213    0.12154   -0.01876    0.11776      3
  -0.02145    0.12166   -0.01113    0.11224     27
  -0.01605    0.12150   -0.01479    0.09932      2
  -0.00617    0.11808   -0.00000    0.10157      2
   0.02944    0.12003    0.04151    0.12173      2
   0.03228    0.11923    0.04142    0.11072     27
   0.03512    0.11824    0.05993    0.10256      1
  -0.18275    0.12555   -0.16715    0.12055      1
  -0.01967    0.12203   -0.01365    0.11730      2
  -0.01699    0.12229   -0.00967    0.12562      1
   0.00140    0.12368   -0.00627    0.13304      1
   0.00666    0.12334    0.01444    0.10122     12
   0.01080    0.12321    0.03888    0.02763      1
  -0.17948    0.12849   -0.16138    0.14513      3
  -0.11496    0.12848   -0.09781    0.11292      1
  -0.17111    0.14050   -0.13426    0.12652      1
   0.17023    0.14243    0.20131    0.15005      1
  -0.16137    0.15149   -0.13574    0.12424      2
  -0.15641    0.15652   -0.12629    0.13448      1
  -0.15478    0.15813   -0.13408    0.15397      2
  -0.15334    0.15951   -0.13028    0.15146      1
  -0.14867    0.16394   -0.12631    0.15115      2
  -0.14432    0.16776   -0.12296    0.17041      6
  -0.13999    0.17092   -0.09869    0.15373      1
  -0.02254    0.17092   -0.02807    0.14306      1
  -0.13263    0.17767   -0.10813    0.15500      1
   0.13663    0.17475    0.18831    0.12798      1
  -0.13003    0.17976   -0.10132    0.20590      1
  -0.12652    0.17886   -0.11114    0.16602      3
   0.11555    0.18937    0.12634    0.17510      3
   0.11947    0.18695    0.10168    0.15136      3
  -0.10794    0.19149   -0.09689    0.18743      2
  -0.10592    0.19346   -0.09905    0.18787      1
   0.10867    0.19341    0.10923    0.16292     15
   0.11158    0.19174    0.10299    0.16396     24
  -0.10223    0.19446   -0.09675    0.16973      2
  -0.10193    0.19431   -0.08393    0.17133      1
   0.10065    0.19770    0.12687    0.17145      1
   0.10596    0.19490    0.13113    0.17275      1
   0.10696    0.19436    0.10201    0.16010      6
  -0.09324    0.19940   -0.07901    0.20584      1
   0.09295    0.20097    0.09142    0.17518     33
   0.09572    0.19973    0.09020    0.17508     44
   0.09851    0.19827    0.07627    0.20399      1
  -0.08857    0.20254   -0.07365    0.16620      1
   0.08185    0.20567    0.10104    0.18782      5
   0.08285    0.20528    0.04491    0.17675      8
   0.08914    0.20267    0.08868    0.16892      5
   0.09032    0.20215    0.07538    0.18197      2
  -0.07846    0.20721   -0.06141    0.21270      3
  -0.07501    0.20847   -0.05986    0.19112     92
  -0.07221    0.20947   -0.05111    0.19298    203
   0.07314    0.20955    0.08872    0.22524      3
   0.07554    0.20853    0.08891    0.20875     17
   0.07935    0.20665    0.09545    0.19286      6
  -0.07033    0.21005   -0.07254    0.20583      3
  -0.06801    0.21074   -0.04147    0.19297     10
  -0.06513    0.21171   -0.04361    0.20011     21
  -0.06085    0.21333   -0.10112    0.22292      1
  -0.04903    0.21279   -0.02406    0.17146      2
   0.05782    0.21385    0.05124    0.20021      5
   0.05823    0.21375    0.02643    0.18804      1
   0.06294    0.21195    0.03590    0.15427      1
   0.06924    0.21085    0.08540    0.19642      1
   0.07167    0.21005    0.08425    0.20627      3
  -0.04671    0.21657   -0.03608    0.18734      1
  -0.03969    0.21799   -0.02483    0.20821      1
  -0.03383    0.21777   -0.03559    0.20390      1
  -0.02286    0.21747    0.00954    0.20807      2
   0.05281    0.21534    0.07248    0.19621      2
   0.05633    0.21425    0.06395    0.20520      3
  -0.03863    0.21821   -0.02179    0.21303     14
  -0.03661    0.21853   -0.03133    0.21115      5
  -0.03047    0.21931   -0.03359    0.20515      1
   0.01194    0.22122    0.02634    0.20046      7
