  -0.03877   -0.21823   -0.02829   -0.19184      4
  -0.03622   -0.21867   -0.02891   -0.18535      2
  -0.03052   -0.21940   -0.01410   -0.19847      2
  -0.02702   -0.22009    0.06458   -0.19191      1
  -0.02317   -0.22029   -0.00833   -0.21839      2
  -0.01981   -0.22070    0.03817   -0.22811      1
  -0.01461   -0.22121    0.00490   -0.21234     13
  -0.01188   -0.22140    0.01848   -0.20959     21
  -0.00870   -0.22151    0.00984   -0.19139      5
  -0.00433   -0.22153    0.02528   -0.22537      3
   0.00131   -0.22137    0.00958   -0.21937      3
   0.00350   -0.22122    0.00808   -0.17603      4
   0.00944   -0.22142    0.02544   -0.21672      2
   0.01313   -0.22102    0.03642   -0.19461      1
   0.02061   -0.21964   -0.03092   -0.21194      1
   0.02412   -0.21953    0.04074   -0.20716      2
   0.02760   -0.21939    0.04291   -0.20800      2
   0.03330   -0.21884    0.06297   -0.19781      4
   0.03590   -0.21825    0.05389   -0.19442      4
   0.04058   -0.21811    0.04911   -0.19551      1
  -0.05627   -0.21458   -0.05047   -0.20044      4
  -0.05322   -0.21520   -0.06014   -0.19429      1
  -0.04465   -0.21722   -0.04295   -0.20408      6
   0.04434   -0.21715    0.06114   -0.21464      1
   0.04612   -0.21638    0.06129   -0.20471      3
   0.05206   -0.21462    0.04015   -0.21530      2
  -0.06672   -0.21145   -0.03476   -0.18541      3
  -0.06558   -0.21199   -0.03907   -0.16536      4
   0.05745   -0.21321    0.05382   -0.19146      1
   0.05957   -0.21335    0.04931   -0.20380      1
   0.06506   -0.21173    0.07316   -0.20321      1
  -0.07250   -0.20948   -0.07934   -0.20052      5
   0.06270   -0.20952    0.08755   -0.20039      1
   0.06998   -0.20914    0.06280   -0.20289      1
   0.07241   -0.20935    0.08752   -0.18713      2
  -0.08712   -0.20401   -0.08082   -0.23377      2
   0.08478   -0.20447    0.08656   -0.21641      1
   0.09013   -0.20254    0.07129   -0.15937      1
  -0.09827   -0.19879   -0.08618   -0.19082      2
  -0.09762   -0.19909   -0.09316   -0.20971      2
   0.08778   -0.20122    0.09611   -0.17924      1
   0.09333   -0.19941    0.09002   -0.18538      3
   0.09567   -0.19865    0.10221   -0.18515      9
   0.09927   -0.19842    0.11049   -0.17696      3
  -0.10650   -0.19452   -0.10565   -0.18008      1
  -0.10331   -0.19627   -0.10031   -0.19026      1
  -0.10045   -0.19766   -0.06962   -0.15420      1
   0.09709   -0.19714    0.09113   -0.18684      1
   0.10049   -0.19569    0.10777   -0.17902     10
   0.10379   -0.19513    0.11588   -0.18736     16
  -0.11401   -0.19020   -0.11876   -0.17607      1
  -0.11368   -0.19040   -0.09475   -0.17895      3
   0.10519   -0.19317    0.09809   -0.18572     16
   0.10781   -0.19192    0.09866   -0.18531     19
   0.11088   -0.19101    0.10065   -0.17946     10
  -0.11510   -0.18934   -0.08048   -0.17991     11
   0.11369   -0.18897    0.09793   -0.18704     12
   0.11540   -0.18773    0.09991   -0.19071     15
   0.11868   -0.18615    0.09749   -0.18668      3
  -0.12332   -0.18408   -0.10685   -0.15260      1
   0.12100   -0.18445    0.09763   -0.18265     14
   0.12296   -0.18367    0.11320   -0.18858     14
  -0.13039   -0.17874   -0.15355   -0.15571      1
   0.12450   -0.18136    0.11489   -0.22274      2
   0.12770   -0.18021    0.13329   -0.19285      6
   0.13145   -0.17836    0.12438   -0.15863      1
  -0.13570   -0.17529   -0.11140   -0.17866      2
   0.12666   -0.17766    0.09870   -0.19471      3
   0.13199   -0.17604    0.10447   -0.18326      5
   0.13457   -0.17150    0.11144   -0.21592      1
   0.14131   -0.17081    0.14548   -0.19236      1
  -0.14647   -0.16643   -0.16350   -0.14113      1
   0.14186   -0.16698    0.10659   -0.11471      1
   0.14865   -0.16346    0.09578   -0.14864      2
  -0.15279   -0.16092   -0.16933   -0.15307      2
   0.14826   -0.15983   -0.16675   -0.21575      1
   0.15231   -0.16050    0.15531   -0.18928      2
   0.16015   -0.15080    0.19522   -0.15819      2
   0.16296   -0.14658    0.12741   -0.16617      2
  -0.16772   -0.14418   -0.17904   -0.12524      2
   0.16722   -0.14500    0.15160   -0.15002      1
  -0.17146   -0.14028   -0.16665   -0.11662      4
  -0.17427   -0.13420   -0.16657   -0.11193      1
   0.16959   -0.13596    0.20383   -0.27346      1
   0.17718   -0.13149    0.14522   -0.10785      1
   0.17731   -0.12949    0.13346   -0.13253      1
  -0.01924   -0.12205    0.00567   -0.11595      1
  -0.01683   -0.12237    0.00402   -0.10972      3
  -0.01239   -0.12286    0.00718   -0.11406      3
  -0.00744   -0.12335    0.00342   -0.11281     34
  -0.00485   -0.12347    0.00356   -0.11138     13
   0.00073   -0.12330    0.00962   -0.10575     11
   0.00400   -0.12266    0.01327   -0.10808     59
   0.00798   -0.12285    0.01321   -0.11385     14
   0.01161   -0.12260    0.01478   -0.10781     16
   0.01554   -0.12224    0.01965   -0.11386     18
   0.01851   -0.12217    0.00877   -0.11994      2
  -0.18658   -0.11978   -0.18700   -0.10069      1
  -0.03655   -0.11813   -0.02712   -0.11607      4
  -0.03136   -0.11959   -0.02592   -0.12130      4
  -0.02966   -0.11996   -0.02094   -0.11876      1
  -0.02488   -0.12107   -0.02631   -0.12425      6
  -0.02139   -0.12169   -0.01101   -0.12099      5
   0.01757   -0.12192    0.00976   -0.11387      3
   0.01939   -0.12174    0.02729   -0.11462     18
   0.02472   -0.12106    0.02731   -0.11448      7
   0.02800   -0.12005    0.03004   -0.11189      3
   0.03247   -0.11896    0.03612   -0.11352      5
   0.03546   -0.11830    0.03886   -0.12665      2
  -0.04498   -0.11519   -0.03040   -0.11670      1
  -0.04041   -0.11677   -0.02572   -0.11833      5
  -0.03720   -0.11789   -0.02510   -0.12002      4
  -0.01102   -0.11403   -0.00956   -0.09582      1
   0.03957   -0.11678    0.03924   -0.11296      3
   0.04728   -0.11403    0.03995   -0.11282      1
   0.18543   -0.11754    0.16257   -0.11299      1
  -0.19199   -0.11125   -0.15802   -0.09345      1
  -0.05461   -0.11080   -0.04737   -0.11264      6
  -0.05175   -0.11123   -0.03356   -0.08833      1
  -0.04855   -0.11333   -0.03278   -0.11136      6
  -0.03721   -0.11245   -0.02293   -0.12022      1
   0.03369   -0.11259    0.03847   -0.10571      1
   0.04908   -0.11265    0.02641   -0.12319      3
   0.05289   -0.11103    0.04498   -0.11501     27
   0.05464   -0.11039    0.04942   -0.11606     11
   0.18682   -0.11225   -0.34594   -0.08178      1
  -0.19249   -0.10870   -0.17323   -0.07656      2
  -0.06344   -0.10608   -0.04795   -0.10267      4
  -0.05936   -0.10842   -0.05198   -0.10380      1
  -0.05495   -0.10980   -0.05018   -0.10856      6
   0.05192   -0.10636    0.05481   -0.09305      1
   0.05667   -0.10914    0.04802   -0.11299     58
   0.05915   -0.10774    0.04956   -0.10920     93
   0.06212   -0.10628    0.05046   -0.11362      6
  -0.06876   -0.10263   -0.04314   -0.11357      1
  -0.06416   -0.10553   -0.05096   -0.10959     14
  -0.03726   -0.10372   -0.02868   -0.09098      1
   0.05759   -0.10339    0.04829   -0.10232     11
   0.05835   -0.10240    0.06109   -0.08442      7
   0.06421   -0.10503    0.05057   -0.11198     61
   0.06745   -0.10289    0.05869   -0.10809     51
   0.14549   -0.10416    0.18630   -0.15032      1
  -0.07222   -0.09943   -0.05230   -0.08598      4
  -0.06998   -0.10069   -0.07067   -0.09210      1
   0.05633   -0.09936    0.05305   -0.10829      3
   0.06034   -0.10051    0.05481   -0.09089     57
   0.06298   -0.09878    0.05564   -0.08421     12
   0.06953   -0.10153    0.06099   -0.09512     13
   0.07250   -0.09917    0.05999   -0.10371     58
   0.07411   -0.09831    0.06240   -0.10783      3
   0.19781   -0.09929    0.19963   -0.08361      8
   0.19814   -0.09863    0.21303   -0.08847      8
  -0.14330   -0.09587   -0.13008   -0.10534      1
  -0.07574   -0.09764   -0.05366   -0.10054      3
   0.03425   -0.09758   -0.00468   -0.01170      1
   0.05063   -0.09792    0.05305   -0.10829      1
   0.05700   -0.09590    0.05516   -0.11127      2
   0.06077   -0.09681    0.05001   -0.09247      8
   0.06463   -0.09479    0.06124   -0.08781     47
   0.06695   -0.09582    0.06268   -0.09157     24
   0.07151   -0.09408    0.07299   -0.06951      1
   0.07620   -0.09634    0.05778   -0.10652     16
   0.07868   -0.09446    0.06340   -0.10386     11
   0.19877   -0.09735    0.19442   -0.09027      4
  -0.08468   -0.09008   -0.07003   -0.09259      1
  -0.08164   -0.09277   -0.06339   -0.09293      1
   0.06437   -0.09304    0.05948   -0.08827     36
   0.06824   -0.09329    0.06141   -0.08803     61
   0.07277   -0.09178    0.06130   -0.08392     42
   0.07493   -0.09116    0.09407   -0.13419      2
   0.08030   -0.09317    0.07033   -0.09629     10
   0.08295   -0.09092    0.06840   -0.09780      4
   0.20173   -0.09172    0.21543   -0.09115      5
  -0.15421   -0.08910   -0.15799   -0.07843      1
  -0.08560   -0.08927   -0.08190   -0.09455      1
  -0.07668   -0.08603   -0.04682   -0.09229      1
   0.06850   -0.08929    0.06213   -0.08381     23
   0.07142   -0.08813    0.06273   -0.08046     44
   0.07477   -0.08730    0.06286   -0.08450     15
   0.07948   -0.08639    0.07329   -0.08409     18
   0.08522   -0.08908    0.06626   -0.09642      7
   0.08679   -0.08665    0.08517   -0.09004      4
   0.19913   -0.08617   -0.08275   -0.27583      1
  -0.08055   -0.08300   -0.06347   -0.08150      2
  -0.07729   -0.08441   -0.06026   -0.07967      1
   0.07272   -0.08491    0.06118   -0.06843      1
   0.07630   -0.08381    0.06889   -0.08407     34
   0.08030   -0.08447    0.06195   -0.08422     14
   0.08242   -0.08446    0.07424   -0.05990      5
   0.08941   -0.08390    0.07312   -0.06676     18
   0.09053   -0.08291    0.07249   -0.07737     10
  -0.09510   -0.07882   -0.08514   -0.07915      3
  -0.09268   -0.08122   -0.08209   -0.08711      1
  -0.07935   -0.08194   -0.08750   -0.07213      1
   0.05660   -0.08109    0.05396   -0.08755      2
   0.07673   -0.08095    0.07265   -0.06911      5
   0.08002   -0.07979    0.07323   -0.07936     15
   0.08471   -0.08094    0.07752   -0.06964     12
   0.08688   -0.07859    0.07294   -0.06796     11
   0.09207   -0.08135    0.08748   -0.07490     10
   0.09481   -0.07838    0.09605   -0.08833      1
   0.20670   -0.07827    0.17299   -0.09629      1
  -0.09575   -0.07716   -0.08273   -0.06942      6
  -0.09093   -0.07421   -0.09661   -0.06107      1
  -0.08785   -0.07411   -0.06939   -0.07186      1
  -0.08278   -0.07511   -0.07061   -0.06938      1
   0.06957   -0.07751    0.03062    0.04556      1
   0.08115   -0.07653    0.08299   -0.06768      3
   0.08385   -0.07624    0.07939   -0.06876      8
   0.08710   -0.07577    0.07820   -0.06570      8
   0.09090   -0.07411    0.07509   -0.05122      1
   0.09630   -0.07625    0.11453   -0.07010      8
   0.09803   -0.07411    0.12102   -0.05981      1
   0.16118   -0.07719    0.08039   -0.05301      1
   0.20786   -0.07699    0.20908   -0.07569      8
  -0.10006   -0.07123   -0.08305   -0.06970      2
  -0.09231   -0.07223   -0.07069   -0.05995      1
  -0.08459   -0.07025   -0.06792   -0.06946     21
   0.02305   -0.07361   -0.03545   -0.05316      1
   0.08531   -0.07030    0.08504   -0.07043      5
   0.08918   -0.07138    0.08763   -0.05658      2
   0.09248   -0.07207    0.07454   -0.06965      3
   0.09914   -0.07272    0.10962   -0.06597     11
  -0.10400   -0.06676   -0.10787   -0.06153      1
  -0.08494   -0.06982   -0.06116   -0.07085      1
  -0.00536   -0.06827    0.00932   -0.06173      4
   0.06822   -0.06824    0.08878   -0.05989      1
   0.08593   -0.06988    0.04532   -0.03554      1
   0.08769   -0.06837    0.07295   -0.04879     12
   0.09078   -0.06876    0.07312   -0.07226      3
   0.09748   -0.06717    0.09724   -0.06006      1
   0.10127   -0.06925    0.09351   -0.06042      2
  -0.20956   -0.06355   -0.15260    0.19254      1
  -0.09137   -0.06544   -0.09019   -0.05253      2
  -0.07600   -0.06342   -0.06821   -0.06845     28
  -0.00239   -0.06471    0.00835   -0.07029      2
   0.01716   -0.06549   -0.00438   -0.04388      1
   0.01957   -0.06269    0.02511   -0.07044      5
   0.02346   -0.06330    0.01692   -0.05794     11
   0.02746   -0.06327    0.02533   -0.06035      5
   0.03052   -0.06361    0.03751   -0.04835      1
   0.07583   -0.06276    0.07211   -0.05747      8
   0.08898   -0.06571    0.08535   -0.06009      2
   0.10474   -0.06403    0.07166   -0.07058      3
   0.16613   -0.06594   -0.23927   -0.23927      1
   0.21188   -0.06264    0.17174   -0.07214      2
  -0.21321   -0.05913   -0.20789   -0.04343      1
  -0.10754   -0.06024   -0.10638   -0.05824      6
  -0.07834   -0.06002   -0.07255   -0.05746      2
  -0.07725   -0.06014   -0.06427   -0.07183      5
  -0.07274   -0.06165   -0.05858   -0.07183      1
  -0.03905   -0.06140   -0.02998   -0.06053      2
  -0.00457   -0.05921    0.00966    0.04395      3
   0.00030   -0.05926    0.00609    0.03639      1
   0.00421   -0.05906    0.00980    0.03557      3
   0.01283   -0.05918    0.01068   -0.05934      1
   0.01657   -0.06061    0.03643   -0.06210      1
   0.02093   -0.06055    0.02114   -0.06145      9
   0.02262   -0.05932    0.00859   -0.06232      2
   0.02813   -0.05848    0.02543   -0.05368      5
   0.03700   -0.05928    0.03699   -0.05989      3
   0.04163   -0.06084    0.03217   -0.06068      2
   0.04246   -0.06077    0.06126   -0.03608      1
   0.05623   -0.05883    0.06202   -0.06506      4
   0.07712   -0.06146    0.07354   -0.04805     23
   0.07830   -0.05920    0.07598   -0.05057      2
   0.10843   -0.05848    0.10962   -0.06026      1
  -0.21420   -0.05742   -0.20308   -0.03724      2
  -0.10943   -0.05610   -0.11441   -0.06641      2
  -0.05683   -0.05443   -0.04842   -0.06153      5
  -0.04534   -0.05603   -0.02577   -0.06043      1
  -0.03475   -0.05459   -0.01081   -0.05704     12
  -0.03281   -0.05449   -0.01156   -0.05734     23
  -0.02026   -0.05476   -0.00533    0.03651      7
  -0.01560   -0.05444   -0.00798    0.04884      8
  -0.01353   -0.05547   -0.00833    0.02378      1
  -0.01000   -0.05769   -0.00842    0.03961      1
  -0.00288   -0.05712    0.01845    0.03605      1
   0.00861   -0.05757    0.00173    0.03890      3
   0.01523   -0.05532    0.00476   -0.02383      1
   0.01936   -0.05732    0.01670   -0.05981      1
   0.02357   -0.05524    0.02515   -0.05807      4
   0.02805   -0.05746    0.02522   -0.05182     12
   0.03037   -0.05758    0.02334   -0.04331      6
   0.04379   -0.05629    0.04243   -0.04912      4
   0.04928   -0.05588    0.04788   -0.04698     52
   0.05301   -0.05561    0.04939   -0.04687     12
   0.05608   -0.05712    0.06339   -0.05299      5
   0.07778   -0.05699    0.06894   -0.04804      2
   0.07953   -0.05608    0.07821   -0.04974      6
   0.09620   -0.05780    0.09816   -0.05307      1
   0.10954   -0.05508    0.08773   -0.03309      4
   0.11049   -0.05503    0.11306   -0.04927     20
   0.21377   -0.05572    0.21235   -0.00371      1
  -0.21534   -0.05114   -0.21072   -0.03489      2
  -0.06425   -0.05100   -0.05856   -0.05773      7
  -0.05829   -0.05266   -0.05217   -0.05001     23
  -0.05786   -0.05326   -0.05217   -0.06195      9
  -0.03941   -0.05128   -0.03018   -0.05659     14
  -0.03686   -0.05309   -0.02292   -0.04829     13
  -0.03174   -0.05205   -0.01972   -0.05087     54
  -0.02867   -0.05244   -0.01088   -0.04829      3
  -0.02517   -0.05059    0.00533    0.05851      4
  -0.02005   -0.05099   -0.00598    0.04469      5
  -0.01495   -0.05283   -0.00413    0.04154     44
  -0.01141   -0.05200   -0.00564    0.04111     47
  -0.00767   -0.05075   -0.00479    0.04036     71
  -0.00454   -0.05049   -0.00366    0.03688     37
  -0.00128   -0.05022   -0.00182    0.04334     14
   0.00239   -0.05254    0.00000    0.00000      2
   0.01160   -0.05010    0.05289   -0.05894      1
   0.01776   -0.05091    0.01823   -0.04212      7
   0.02541   -0.05117    0.01327    0.02924      6
   0.02644   -0.05028    0.01145    0.02831      2
   0.04979   -0.05205    0.04997   -0.04593      8
   0.05088   -0.05097    0.04819   -0.04465     29
   0.08185   -0.05251    0.07761   -0.03919      6
   0.08299   -0.05101    0.08398   -0.04423     25
   0.09660   -0.05318    0.07675   -0.03272      2
   0.09992   -0.05323    0.06740   -0.03611      2
   0.10551   -0.05028    0.09811   -0.04064      1
   0.11239   -0.05131    0.11157   -0.04835      9
  -0.08426   -0.04869   -0.07794   -0.06944      1
  -0.06529   -0.04898   -0.05896   -0.05421      1
  -0.04214   -0.04780   -0.03232   -0.04548      5
  -0.04116   -0.04944   -0.02267   -0.04299      3
  -0.02788   -0.04969   -0.01373   -0.03543     14
  -0.02275   -0.04847   -0.01089   -0.04367     44
  -0.02194   -0.04865   -0.01656   -0.02356      1
  -0.01429   -0.04990   -0.03265    0.04413      1
  -0.00220   -0.04995    0.00000    0.04050     22
   0.00077   -0.04936    0.00191    0.03733     35
   0.00328   -0.04901    0.01266    0.04772     59
   0.00827   -0.04806    0.01330    0.03960     43
   0.01177   -0.04782    0.01385    0.03594     44
   0.01696   -0.04741    0.01827    0.04067     12
   0.01947   -0.04766    0.02356    0.04759     23
   0.02509   -0.04664    0.02412    0.03905     39
   0.02729   -0.04673    0.01841    0.03621     27
   0.03176   -0.04710    0.01265   -0.05406      2
   0.05379   -0.04636    0.04985   -0.04777     50
   0.05408   -0.04645    0.03903   -0.04436      3
   0.08195   -0.04897    0.08193   -0.06174      1
   0.08486   -0.04788    0.08504   -0.04361    136
   0.08646   -0.04648    0.08033   -0.04074      3
   0.10098   -0.04847    0.08048   -0.04951      1
   0.10746   -0.04674    0.07196   -0.00589      2
   0.12769   -0.04665    0.03601   -0.05278      1
  -0.08562   -0.04432   -0.04657   -0.02152      1
  -0.04609   -0.04247   -0.04584   -0.03013      2
  -0.04406   -0.04358   -0.03457   -0.03621     11
  -0.02858   -0.04355   -0.01423    0.03788     69
  -0.01978   -0.04431   -0.01088   -0.03625      9
   0.02812   -0.04401    0.02529    0.04111    127
   0.03091   -0.04287    0.02634    0.04381     11
   0.03717   -0.04358    0.02514    0.04781      5
   0.05460   -0.04521    0.05025   -0.04747     76
   0.08410   -0.04474    0.10902   -0.04822      2
   0.08768   -0.04358    0.08487   -0.03607    150
   0.10168   -0.04370    0.07716   -0.04455      1
   0.10412   -0.04446    0.09658   -0.03842      2
   0.10870   -0.04297    0.12469   -0.03528      1
   0.11582   -0.04312    0.12166   -0.04002      9
   0.12831   -0.04389    0.01321   -0.02294      2
  -0.08765   -0.04038   -0.05886   -0.03621      3
  -0.04820   -0.03840   -0.03501   -0.03625     16
  -0.04394   -0.03918   -0.00797    0.04428      1
  -0.03009   -0.04062   -0.02558    0.05460      1
  -0.02710   -0.03924   -0.01064    0.03710     15
  -0.02564   -0.03996   -0.01057    0.05322      2
  -0.01619   -0.03844   -0.05851   -0.03365      1
  -0.01188   -0.03817   -0.00800   -0.04809      3
  -0.00869   -0.03902   -0.00554   -0.01942      4
  -0.00529   -0.03963   -0.01573   -0.00875      1
   0.00160   -0.03995    0.01037    0.01211     11
   0.00411   -0.03977    0.01382    0.00656      5
   0.00947   -0.03884    0.01289    0.00514     94
   0.01061   -0.03855    0.01393    0.00803     62
   0.01535   -0.03854    0.02758   -0.03207      1
   0.02928   -0.03992    0.02584    0.03947    152
   0.03080   -0.03898    0.02665    0.04058    196
   0.03556   -0.03985    0.02600    0.04228     26
   0.05690   -0.04148    0.03748   -0.04773      9
   0.05880   -0.03921    0.05416   -0.03557      5
   0.08929   -0.04078    0.08536   -0.03524    435
   0.09026   -0.03857    0.07838   -0.03426      6
   0.10529   -0.03965    0.08953   -0.02642      3
   0.10757   -0.04155    0.08762   -0.04797      1
   0.11650   -0.04086    0.05648   -0.09177      2
   0.12978   -0.03943    0.14501   -0.03589      1
  -0.21757   -0.03703   -0.19123   -0.02280      1
  -0.11727   -0.03556   -0.11848   -0.04787      1
  -0.08908   -0.03425   -0.08248   -0.04423      1
  -0.07345   -0.03452   -0.05739   -0.04781      1
  -0.06107   -0.03696   -0.07119   -0.03259      1
  -0.05098   -0.03533   -0.04747   -0.04795     16
  -0.04852   -0.03775   -0.04709   -0.04257      5
  -0.03470   -0.03741   -0.02260    0.03575      1
  -0.03079   -0.03515   -0.02041    0.02399      1
  -0.02725   -0.03699   -0.01783    0.03606      8
  -0.02574   -0.03787   -0.01086    0.03620      4
  -0.01944   -0.03493   -0.00967   -0.01234     17
  -0.01487   -0.03712   -0.00833   -0.01418     15
  -0.01367   -0.03757   -0.00789   -0.01519      3
   0.01314   -0.03776    0.01362    0.00504     18
   0.01585   -0.03671    0.01484    0.00796     14
   0.01981   -0.03476    0.01692    0.01189     13
   0.02363   -0.03440    0.03719   -0.02420      3
   0.03298   -0.03644    0.02751    0.04326    118
   0.03472   -0.03541    0.02856    0.04155     56
   0.03891   -0.03442    0.00241    0.04763      1
   0.04692   -0.03733    0.03730    0.03904      1
   0.05634   -0.03480    0.05497   -0.03597      3
   0.06006   -0.03549    0.05525   -0.04684     10
   0.08995   -0.03765    0.08830   -0.03361     12
   0.09053   -0.03621    0.08539   -0.03545    214
   0.10519   -0.03682    0.10807   -0.02396      1
   0.11833   -0.03463    0.11231   -0.02406     14
   0.14151   -0.03610    0.13038    0.10574      2
  -0.11938   -0.03201   -0.11210   -0.02650      3
  -0.09232   -0.03371   -0.08761   -0.03540      1
  -0.08900   -0.03302   -0.08214   -0.02198      2
  -0.07414   -0.03345   -0.07007   -0.05054      1
  -0.05499   -0.03095   -0.04696   -0.02656      3
  -0.05305   -0.03296   -0.04885   -0.03323     12
  -0.04699   -0.03202   -0.02301    0.03855      6
  -0.03861   -0.03252   -0.03455    0.09756      1
  -0.03079   -0.03183   -0.02276    0.03535     10
  -0.02850   -0.03116   -0.02168    0.01666      5
  -0.02445   -0.03163   -0.01347   -0.00089      3
  -0.02160   -0.03364   -0.00812    0.00000      3
   0.02162   -0.03361    0.03696    0.02001      8
   0.02515   -0.03180    0.02419    0.01059     48
   0.02753   -0.03119    0.02673    0.02991     79
   0.03301   -0.03152    0.02811    0.03824    147
   0.03541   -0.03133    0.02870    0.03872    487
   0.04001   -0.03109    0.02845    0.03632     51
   0.04330   -0.03112    0.02641    0.03415      5
   0.04773   -0.03028    0.02659    0.03741      1
   0.05311   -0.03092    0.03135   -0.02799      4
   0.05507   -0.03309    0.05339   -0.03198      8
   0.06023   -0.03368    0.06115   -0.03105     13
   0.06348   -0.03255    0.05576   -0.03803      1
   0.07162   -0.03258    0.06244   -0.03005      1
   0.09164   -0.03134    0.08542   -0.03453     34
   0.11912   -0.03174    0.11517   -0.03346     14
   0.14072   -0.03258    0.11888    0.15712      2
  -0.22012   -0.02810   -0.17546   -0.04133      2
  -0.12010   -0.02852   -0.12007   -0.02327      2
  -0.07494   -0.02701   -0.05880   -0.03126      1
  -0.05599   -0.02746   -0.03541   -0.03575     11
  -0.04492   -0.02659   -0.04476    0.03625      1
  -0.04196   -0.02843   -0.00789    0.03870      3
  -0.03134   -0.02720   -0.03208    0.02616      5
  -0.02752   -0.02900   -0.00700   -0.01189      4
   0.00206   -0.02941    0.00954    0.01735      1
   0.02869   -0.02928    0.01873    0.01205     52
   0.03153   -0.02912    0.02662    0.02911     71
   0.03608   -0.02883    0.02743    0.03620     95
   0.03964   -0.02756    0.02664    0.03718     79
   0.04420   -0.02837    0.04077   -0.01497      8
   0.04864   -0.02682    0.03627   -0.02660      9
   0.05225   -0.02741    0.05439   -0.02387      1
   0.05742   -0.02639    0.02753    0.05057      2
   0.06154   -0.02939    0.05289   -0.01086      1
   0.06385   -0.02684    0.05520   -0.03035      1
   0.07197   -0.02644    0.06296   -0.02160     47
   0.07529   -0.02669    0.07282   -0.02397     31
   0.09285   -0.02793    0.08953   -0.02867     17
   0.10869   -0.02608    0.08036   -0.02642      1
  -0.07869   -0.02307   -0.06943   -0.02990      1
  -0.07749   -0.02451   -0.06099   -0.03094      1
  -0.05679   -0.02431   -0.04691   -0.02579      7
  -0.04363   -0.02412   -0.02455    0.04174      2
  -0.04109   -0.02262   -0.02774    0.03118      2
  -0.03507   -0.02235   -0.02176    0.03162      4
  -0.03313   -0.02375   -0.01216   -0.00895     30
   0.03269   -0.02342    0.03687    0.01569    198
   0.03432   -0.02209    0.02542    0.03612      5
   0.03975   -0.02303    0.03301    0.03557     47
   0.04228   -0.02292    0.02529    0.03612     11
   0.04608   -0.02349    0.03112    0.04190      1
   0.05881   -0.02300    0.01437    0.03593      1
   0.06743   -0.02362    0.07262   -0.02888      2
   0.07143   -0.02438    0.06909   -0.02275    119
   0.07539   -0.02440    0.07231   -0.02493     36
   0.07875   -0.02276    0.07314   -0.02194     11
   0.09155   -0.02355    0.07827   -0.02387     63
   0.09414   -0.02323    0.08499   -0.03468      1
   0.11992   -0.02571    0.12089   -0.01207      1
  -0.12150   -0.02039   -0.12083   -0.00688      2
  -0.05850   -0.02034   -0.04711   -0.01150      6
  -0.04494   -0.01877   -0.02292    0.02415      1
  -0.03848   -0.02034   -0.04337    0.03983      2
  -0.03496   -0.01972   -0.01104   -0.00880     72
  -0.03383   -0.02131   -0.01490   -0.01762      9
   0.03390   -0.02123    0.02257   -0.01143     12
   0.03500   -0.01955    0.02518   -0.00885     79
   0.04062   -0.02097    0.03471    0.02785     90
   0.04238   -0.02168    0.02662    0.02421     23
   0.04836   -0.02091    0.02870    0.03582      1
   0.05214   -0.02191    0.02870    0.03582      1
   0.06955   -0.01874    0.05893   -0.02087      4
   0.07242   -0.02083    0.07268   -0.02417     45
   0.07575   -0.01963    0.07279   -0.02458      4
   0.07989   -0.01844    0.07465   -0.01773     83
   0.09270   -0.02080    0.07888   -0.01746      4
   0.09426   -0.01967    0.08523   -0.01794      2
  -0.12266   -0.01566   -0.11921   -0.01495      2
  -0.05988   -0.01642   -0.03390   -0.02084      4
  -0.05797   -0.01711   -0.02363   -0.00874      1
  -0.03867   -0.01592   -0.02547    0.01576     49
  -0.03649   -0.01638   -0.00966   -0.01170    153
   0.00406   -0.01528    0.03081    0.02107      2
   0.03601   -0.01738    0.02407   -0.01695     32
   0.04079   -0.01458    0.03707    0.01833     68
   0.04347   -0.01491    0.03707    0.02420     85
   0.04990   -0.01729    0.03197    0.03416      2
   0.06963   -0.01573    0.06300   -0.01208      3
   0.07251   -0.01669    0.07281   -0.01773     17
   0.07488   -0.01621    0.07312   -0.01803     23
   0.07997   -0.01624    0.07852   -0.01202     37
   0.09387   -0.01781    0.07351   -0.01765      1
   0.09459   -0.01709    0.08555   -0.01632     14
  -0.11012   -0.01169   -0.11501   -0.00643      1
  -0.07891   -0.01022   -0.07942   -0.04420      1
  -0.06243   -0.01116   -0.04705   -0.01806      3
  -0.06184   -0.01195   -0.07010   -0.02579      3
  -0.04989   -0.01267   -0.01565    0.03125      2
  -0.03850   -0.01207   -0.02309   -0.00798     68
  -0.03774   -0.01320   -0.00697   -0.01122     32
  -0.01039   -0.01091   -0.36005    0.07195      1
  -0.00383   -0.01320   -0.00173    0.02604      1
  -0.00184   -0.01379    0.05360    0.03952      1
   0.00559   -0.01261    0.01301    0.02366      1
   0.00793   -0.01174    0.02520    0.03836      1
   0.01119   -0.01147   -0.13642   -0.01805      4
   0.02854   -0.01073    0.01982   -0.03532      1
   0.03757   -0.01367    0.00547   -0.01613      5
   0.03969   -0.01299    0.03687    0.00885     28
   0.04411   -0.01340    0.03707    0.02389    112
   0.04649   -0.01125    0.03640   -0.01775      1
   0.05026   -0.01084    0.04895    0.02860      1
   0.06981   -0.01116    0.07180   -0.00527      1
   0.07069   -0.01105    0.06314   -0.00840     30
   0.07502   -0.01102    0.07282   -0.01078     13
   0.07981   -0.01168    0.07628   -0.01136     20
   0.09470   -0.01308    0.08767   -0.01202     15
   0.09812   -0.01125    0.07121   -0.04045      1
   0.10999   -0.01181    0.07182   -0.00502      1
   0.11202   -0.01171    0.09744   -0.01679      2
   0.12295   -0.01061    0.15981   -0.02646      1
   0.22137   -0.01013    0.22664   -0.00792      1
  -0.06647   -0.00767   -0.05951   -0.01043      4
  -0.06491   -0.00889   -0.05880   -0.02386      7
  -0.04761   -0.00997   -0.04961   -0.00884      1
  -0.04264   -0.00774   -0.03189    0.01205     14
  -0.03944   -0.00659   -0.02807   -0.01077    129
  -0.01491   -0.00736    0.01525   -0.01170      3
  -0.01294   -0.00917   -0.03906    0.03041      1
  -0.00695   -0.00606   -0.00808   -0.00717      1
  -0.00066   -0.00735    0.01233   -0.03251      3
   0.00337   -0.00864    0.01525    0.00117      3
   0.01210   -0.00890    0.03718    0.04244      8
   0.01403   -0.00836    0.03956    0.00173      1
   0.03491   -0.00711    0.02043   -0.00665      2
   0.03937   -0.00767    0.03725   -0.00261     10
   0.04333   -0.00668    0.00093   -0.02285      4
   0.04858   -0.00652    0.04924   -0.01087     22
   0.05287   -0.00702    0.04056    0.02912      2
   0.05438   -0.00766    0.04740   -0.00815      2
   0.06733   -0.00942    0.06024    0.00258      4
   0.07118   -0.00860    0.06357   -0.00851     15
   0.07711   -0.00723    0.06860   -0.00247      2
   0.08129   -0.00831    0.08050   -0.01195     29
   0.08203   -0.00661    0.08050   -0.00889      1
   0.09497   -0.00821    0.08686   -0.00790      5
   0.11266   -0.00762    0.07648   -0.00780      2
   0.13598   -0.00760    0.06259    0.02029      2
  -0.07923   -0.00439   -0.08327   -0.01938      1
  -0.07532   -0.00218   -0.07099   -0.01145      6
  -0.07123   -0.00263   -0.07059   -0.00484     29
  -0.06901   -0.00409   -0.05912   -0.00565     24
  -0.05654   -0.00353   -0.04091   -0.01023      2
  -0.05327   -0.00245   -0.04130    0.00301      6
  -0.04625   -0.00395   -0.02566    0.02123      1
  -0.04267   -0.00420   -0.02452   -0.00299     12
  -0.04057   -0.00385   -0.02383   -0.00844     84
  -0.01645   -0.00535   -0.00694   -0.01489      2
  -0.00776   -0.00467   -0.00788   -0.00568     12
  -0.00515   -0.00525    0.01116   -0.01441      2
   0.00448   -0.00439   -0.00610    0.02445      1
   0.00952   -0.00213    0.03682   -0.01189     16
   0.01445   -0.00507    0.00089    0.00895      3
   0.03600   -0.00538    0.07121    0.01935      1
   0.04091   -0.00325    0.03726   -0.00481     72
   0.04499   -0.00245    0.04043   -0.00476      5
   0.04819   -0.00335    0.04770   -0.00859    181
   0.05097   -0.00214    0.04770    0.00000     28
   0.06048   -0.00283    0.02510    0.04781      1
   0.06717   -0.00479    0.01862    0.16091      1
   0.07117   -0.00421    0.05740   -0.00445      8
   0.07575   -0.00423    0.06300    0.00000     25
   0.08000   -0.00351    0.07962   -0.00323     36
   0.08204   -0.00467    0.07190   -0.00364      1
   0.09483   -0.00489    0.07725   -0.02080      4
   0.09802   -0.00202    0.08906   -0.00233      3
   0.12346   -0.00398    0.12594   -0.00247      2
   0.14134   -0.00498    0.12869    0.00000      1
   0.22150   -0.00381    0.16062   -0.00136      2
  -0.10653   -0.00017   -0.00418   -0.00167      1
  -0.07906    0.00048   -0.07030   -0.00240      6
  -0.07484   -0.00182   -0.05909   -0.00880      5
  -0.07311   -0.00179   -0.07059   -0.00358      7
  -0.06854    0.00162   -0.01515    0.05384      2
  -0.05633    0.00059   -0.04770   -0.00164     25
  -0.05310   -0.00142   -0.04509   -0.00497      6
  -0.04605    0.00159   -0.03489    0.01201      1
  -0.04356    0.00186   -0.03436    0.00000     17
  -0.04144   -0.00137   -0.02414   -0.01073     55
  -0.01591   -0.00053    0.01600    0.00000      6
   0.00945   -0.00007    0.03588   -0.00242     42
   0.01547   -0.00003    0.05782   -0.00450      8
   0.03673    0.00044    0.13110   -0.00871      1
   0.04167   -0.00066    0.03829   -0.00269    173
   0.04356    0.00047    0.03710   -0.00356    141
   0.04823   -0.00110    0.04770   -0.00698    160
   0.05099    0.00042    0.04770    0.00000    331
   0.05494    0.00166    0.03748    0.03632      1
   0.06241    0.00143    0.06469   -0.00362      1
   0.07208    0.00086    0.06182    0.00022     14
   0.07667   -0.00000    0.06961    0.00598      2
   0.08053   -0.00131    0.07941   -0.00595      2
   0.08205   -0.00099    0.10799    0.00000      1
   0.09633   -0.00142    0.09314    0.00000      2
   0.12351   -0.00194    0.13100    0.01008      1
  -0.07925    0.00551   -0.08001   -0.02401      7
  -0.06861    0.00271   -0.00968    0.06042      1
  -0.05813    0.00398   -0.04770    0.00000      1
  -0.05697    0.00414   -0.04577    0.00276     11
  -0.05040    0.00352   -0.03089   -0.00617      1
  -0.04647    0.00516   -0.03499   -0.00119     43
  -0.04496    0.00350   -0.03489   -0.00119     74
  -0.04079    0.00328   -0.02292   -0.00820     16
  -0.01444    0.00586   -0.09580   -0.36004      1
   0.00570    0.00524    0.01786    0.03134     16
   0.00745    0.00267    0.02865    0.01755     53
   0.01384    0.00441    0.07861    0.01209      2
   0.01597    0.00444    0.01422    0.00442     15
   0.03608    0.00354    0.08819    0.00000      3
   0.03964    0.00522    0.01978    0.00090     15
   0.04451    0.00298    0.03747   -0.00390     38
   0.04690    0.00582    0.03682    0.01189      1
   0.05329    0.00272    0.04936    0.00116     73
   0.05440    0.00478    0.04833    0.00729      4
   0.06024    0.00528    0.06643    0.01195      1
   0.06528    0.00600    0.03733    0.01569      1
   0.06715    0.00319   -0.00349    0.03764      1
   0.07268    0.00429    0.06093   -0.00088     25
   0.07453    0.00422    0.06704    0.00000      2
  -0.07914    0.00885   -0.06749    0.00000     13
  -0.05586    0.00649   -0.05235   -0.00719     13
  -0.05353    0.00836   -0.05052    0.01758      5
  -0.04849    0.00817   -0.03592   -0.00239     21
  -0.04253    0.00690   -0.03302    0.00891      7
  -0.03894    0.00911   -0.00802   -0.00829     17
  -0.01411    0.00637   -0.19013    0.07222      1
   0.00516    0.00813    0.01801    0.02642    154
   0.00612    0.00887    0.01636    0.01904      8
   0.01311    0.00619   -0.08950   -0.04564      2
   0.01464    0.00900    0.01235    0.00694      7
   0.03780    0.00788   -0.06994    0.05663      1
   0.03898    0.00889    0.01863    0.00891     56
   0.04462    0.00778    0.04526   -0.00962     79
   0.04606    0.00731    0.03505   -0.01152      1
   0.05269    0.00678    0.05207    0.01201     10
   0.05574    0.00872    0.05255    0.01199     24
   0.06009    0.00913    0.05279    0.01195      8
   0.06256    0.00832    0.06127    0.00869     88
   0.06917    0.00702    0.06101    0.00480     11
   0.07237    0.00728    0.06213    0.00720    194
   0.07638    0.00749    0.07199    0.01192      7
   0.08067    0.00918    0.07282    0.01192      1
  -0.07924    0.01179   -0.07006    0.01205     24
  -0.06920    0.01040   -0.06749    0.00000      1
  -0.05085    0.01291   -0.04320    0.00000     57
  -0.04792    0.01057   -0.03961    0.00000     19
  -0.04415    0.01274   -0.02292    0.01059      5
  -0.04061    0.01203   -0.02506    0.01061     33
  -0.03777    0.01311   -0.00532   -0.01926     20
  -0.00098    0.01399   -0.01566   -0.01739      1
   0.00502    0.01279    0.01830    0.01274     10
   0.00958    0.01078    0.01336    0.01336     27
   0.01046    0.01156    0.01317    0.01716     50
   0.03773    0.01334    0.03707    0.01666     67
   0.03853    0.01087    0.01869    0.00888     74
   0.04537    0.01132    0.04770   -0.00597     55
   0.04647    0.01306    0.04926    0.00483      5
   0.05184    0.01242    0.05281    0.00656      6
   0.05634    0.01148    0.05255    0.01595     58
   0.05906    0.01103    0.05585    0.01227     36
   0.06411    0.01228    0.05157    0.01730     22
   0.06700    0.01320    0.05400    0.01502     40
   0.07176    0.01174    0.06235    0.02661    134
   0.07542    0.01275    0.06565    0.03553      2
   0.07995    0.01385    0.07454    0.00886      3
   0.12300    0.01191    0.13337    0.01379      2
  -0.07916    0.01540   -0.07099    0.01202     11
  -0.05159    0.01494   -0.03538   -0.00060      6
  -0.04803    0.01498   -0.05039   -0.00088      1
  -0.03869    0.01577   -0.02292    0.02415     59
  -0.03757    0.01588   -0.01343    0.01328      4
   0.00042    0.01410    0.00744    0.04021      2
   0.00238    0.01411    0.02524    0.01565      1
   0.03729    0.01538    0.03707    0.01668    201
   0.03922    0.01659    0.03707    0.01704     51
   0.04523    0.01630    0.04770   -0.01078    136
   0.04615    0.01585    0.04770   -0.00242     49
   0.05223    0.01665    0.04890    0.01556     61
   0.05636    0.01605    0.04934    0.01831     37
   0.06074    0.01720    0.06026    0.01435     14
   0.06313    0.01550    0.05301    0.01205     52
   0.06891    0.01499    0.06155    0.02404     58
   0.07111    0.01519    0.06322    0.02663     70
   0.07429    0.01556    0.07310    0.03660      2
   0.07994    0.01402    0.07829    0.03816      2
   0.12139    0.01721    0.12412    0.02638      1
  -0.07843    0.01939   -0.07085    0.02635      5
  -0.05040    0.01997   -0.01693    0.02654      5
  -0.04976    0.02153   -0.02258    0.01309      1
  -0.04071    0.02039   -0.03382    0.02540      1
  -0.03656    0.01952   -0.02276    0.02921     22
   0.01701    0.01939    0.01568    0.01845     25
   0.02111    0.02048    0.01813    0.02391      7
   0.02391    0.02156    0.02470    0.02366      6
   0.03377    0.02141    0.01235    0.00708     35
   0.03443    0.02032    0.01435    0.00518    115
   0.04087    0.02079    0.03707    0.02389    144
   0.04565    0.01937    0.04803   -0.00361     75
   0.04681    0.01991    0.04770    0.00000    212
   0.05307    0.02086    0.04888    0.01770    174
   0.05696    0.01896    0.06121    0.02310      6
   0.05977    0.01884    0.05377    0.01820     13
   0.06576    0.02123    0.06039    0.03351     10
   0.06851    0.02018    0.06285    0.02397    161
   0.07125    0.01819    0.07306    0.01758      5
   0.12185    0.01893    0.11936    0.03087      3
  -0.07700    0.02440   -0.06951    0.02810      4
  -0.04960    0.02268   -0.05990    0.00799      4
  -0.04396    0.02549   -0.07599    0.00879      1
  -0.03445    0.02310   -0.01508    0.03138      2
  -0.03265    0.02565   -0.02309   -0.01217      5
   0.02529    0.02317    0.03631    0.02658      1
   0.03151    0.02461    0.01336    0.00585    831
   0.03703    0.02518    0.02731    0.02640     33
   0.03977    0.02288    0.03703    0.02420     77
   0.04585    0.02248    0.04770   -0.00241     31
   0.04680    0.02427    0.04803    0.00000     86
   0.05340    0.02350    0.04920    0.02304     24
   0.05532    0.02490    0.05108    0.02232      9
   0.05884    0.02315    0.05145    0.01342     13
   0.06487    0.02453    0.06053    0.01940      6
   0.06676    0.02285    0.06312    0.02854     26
   0.12036    0.02351    0.10050    0.01556      1
   0.22055    0.02244    0.21241    0.01933      1
  -0.07511    0.02892   -0.06302    0.04376      4
  -0.06467    0.02831   -0.05521    0.03724      1
  -0.05221    0.02918   -0.04137    0.03609      1
  -0.04853    0.02668   -0.05036    0.00241      4
  -0.04537    0.02781   -0.04294   -0.00474      9
  -0.03960    0.02643   -0.03567    0.03194      2
  -0.03610    0.02998   -0.02278    0.03625      5
  -0.03150    0.02711   -0.01916    0.03526     11
  -0.02730    0.02921   -0.00362   -0.01784     41
   0.02756    0.02898    0.01440    0.01738   1609
   0.03026    0.02900    0.02542    0.02691     44
   0.03622    0.02831    0.02923    0.02634     51
   0.03841    0.02602    0.03168    0.02803      1
   0.04421    0.02785    0.03594   -0.01194      3
   0.04858    0.02824    0.04896    0.01306     22
   0.05349    0.02800    0.04896    0.01676     35
   0.05488    0.02771    0.06112    0.01666      5
   0.05874    0.02726    0.04903    0.04267      7
   0.06382    0.02785    0.04293    0.04173     10
   0.06629    0.02736    0.06107    0.02874      3
   0.11995    0.02620    0.11602    0.04430      1
  -0.07414    0.03198   -0.07115    0.05057      1
  -0.07306    0.03302   -0.06436    0.03595      8
  -0.05300    0.03340   -0.05026    0.04369      1
  -0.04719    0.03058   -0.05203    0.01010      4
  -0.04482    0.03358   -0.05154    0.00480      2
  -0.03595    0.03014   -0.02592    0.03111      1
  -0.02874    0.03258   -0.02282    0.02415      5
  -0.02524    0.03101   -0.00109   -0.04180      2
  -0.02148    0.03372    0.00604    0.01207      1
   0.02148    0.03372    0.01353    0.02383     33
   0.02394    0.03207    0.01452    0.01802     97
   0.02639    0.03024    0.01838    0.02301    198
   0.03117    0.03227    0.02783    0.03616     87
   0.03652    0.03076    0.01858    0.01800     17
   0.04277    0.03177    0.05188   -0.02054      1
   0.04842    0.03128    0.05407    0.01753     30
   0.05232    0.03151    0.04836    0.02658     12
   0.05635    0.03212    0.03945    0.05634      2
   0.05800    0.03091    0.05368    0.03787      1
   0.06263    0.03225    0.07149    0.03611      3
   0.06606    0.03030    0.07174    0.02654      1
   0.09936    0.03027   -0.35998   -0.03593      1
   0.11891    0.03235    0.13538   -0.04347      1
  -0.07014    0.03733   -0.06346    0.03618     60
  -0.06988    0.03786   -0.06654    0.03595     84
  -0.04448    0.03545   -0.04707    0.00879      9
  -0.04035    0.03454   -0.03748    0.03930      2
  -0.03050    0.03546   -0.03431    0.05283      1
  -0.02772    0.03551   -0.02194    0.02942      7
  -0.02479    0.03793   -0.01507    0.02663      1
  -0.02026    0.03445   -0.00880   -0.03889      2
  -0.01582    0.03705   -0.02216   -0.04426      1
   0.01327    0.03771    0.01127    0.02070    271
   0.01508    0.03703    0.01225    0.02366   1575
   0.01916    0.03509    0.01330    0.01829    338
   0.02302    0.03479    0.04525   -0.01773      1
   0.02935    0.03642    0.02826    0.03884    267
   0.03065    0.03534    0.02918    0.03868    161
   0.03793    0.03676    0.03724    0.03908      6
   0.04508    0.03539    0.05197    0.00482      1
   0.04756    0.03637    0.05111    0.01741     28
   0.05039    0.03562    0.08319    0.00145      2
   0.05539    0.03680    0.06499    0.02652      1
   0.05992    0.03755    0.04825    0.03618     18
   0.11845    0.03439    0.12470    0.04416      1
  -0.06964    0.03829   -0.06695    0.03699    170
  -0.04109    0.03902   -0.04715   -0.00722      1
  -0.02984    0.04139   -0.02486    0.02477      1
  -0.02379    0.03952   -0.01917    0.03612     18
  -0.02183    0.04195   -0.01086    0.03620      1
  -0.01693    0.03902   -0.00621   -0.04242      3
  -0.01092    0.03830   -0.32279    0.02767      1
  -0.00202    0.03993    0.01445   -0.05668      1
   0.00411    0.03977    0.00954    0.01765      7
   0.00847    0.03907    0.01046    0.02380    537
   0.01093    0.03846    0.01149    0.02366    314
   0.01495    0.03840    0.01157   -0.04441      1
   0.02536    0.04190    0.02549    0.04202     21
   0.02868    0.03984    0.02724    0.04003    117
   0.03073    0.04016    0.03693    0.03196     18
   0.03629    0.03910    0.02728    0.03764      4
   0.04559    0.04014    0.05309    0.01800      4
   0.04692    0.03996    0.05167    0.02297     13
   0.05133    0.04015    0.03950    0.04777      3
   0.05705    0.03952    0.05351    0.03563      4
   0.05828    0.03888    0.05278    0.03601      3
   0.10074    0.03940   -0.17908    0.03611      1
   0.11648    0.04150    0.11085    0.03879      4
  -0.11419    0.04593   -0.12116    0.04338      1
  -0.06643    0.04395   -0.06066    0.04127     21
  -0.06582    0.04482   -0.05983    0.03841     10
  -0.02240    0.04590   -0.02260    0.03575      1
  -0.02060    0.04272   -0.00968    0.04055      3
  -0.01526    0.04354   -0.01393   -0.03696      2
   0.02152    0.04452    0.02517    0.03864     56
   0.02303    0.04376    0.02664    0.04058    153
   0.02649    0.04368    0.02993    0.04335     14
   0.03097    0.04322    0.04881   -0.02412      4
   0.04173    0.04539    0.06238    0.01753      1
   0.04481    0.04347    0.04960    0.01234     10
   0.04813    0.04320    0.04912    0.05980      3
   0.05213    0.04403    0.03907    0.03388      2
   0.05758    0.04320    0.04261    0.05079      4
   0.05926    0.04339    0.03748    0.03632      1
   0.06283    0.04251    0.06108    0.05982      1
   0.11503    0.04536    0.11377    0.04585      6
  -0.06492    0.04645   -0.05820    0.02732      8
  -0.02679    0.04835   -0.03224    0.01794      1
  -0.02320    0.04714   -0.01076    0.06572      1
  -0.01863    0.04854   -0.01209    0.03839     46
  -0.01507    0.04838   -0.01391   -0.04021      4
   0.00113    0.04944    0.00427    0.04302     30
   0.00413    0.04869    0.01257    0.04490     32
   0.00817    0.04827    0.01892    0.04338     30
   0.01164    0.04887    0.02327    0.04781     17
   0.01778    0.04938    0.02743    0.04382      8
   0.01876    0.04829    0.02514    0.04281     55
   0.02240    0.04707    0.03004    0.04015      9
   0.02816    0.04728    0.03196    0.04221      2
   0.03063    0.04629    0.01755   -0.01892      2
   0.03891    0.04925    0.06092    0.01196     34
   0.04341    0.04783    0.05166    0.02713      4
   0.04689    0.04942    0.03826    0.04776      1
   0.05231    0.04809    0.03321    0.06453      2
   0.09074    0.04683    0.05638    0.00593      1
   0.11342    0.04919    0.11748    0.04778     18
   0.11434    0.04706    0.11550    0.04853     12
  -0.11235    0.05143   -0.11326    0.06197      2
  -0.06197    0.05178   -0.07085    0.02635      1
  -0.05728    0.05298   -0.05565    0.05795      2
  -0.05052    0.05350   -0.05432    0.04995      3
  -0.04378    0.05381   -0.05222    0.03015      1
  -0.02657    0.05028   -0.02329    0.02803      2
  -0.01536    0.05143   -0.01086    0.01775      9
  -0.01332    0.05183   -0.01207   -0.03962     16
  -0.00881    0.05193   -0.00616    0.04396     21
  -0.00355    0.05087   -0.00607    0.03691     63
  -0.00150    0.05023   -0.00177    0.04055     15
   0.00685    0.05061    0.01448   -0.04827      1
   0.01239    0.05040    0.02526    0.03734      8
   0.01638    0.05070    0.02512    0.03887     44
   0.01822    0.05030    0.02706    0.03001      2
   0.02726    0.05234   -0.30552    0.12780      1
   0.03674    0.05192    0.05774    0.00994     20
   0.03893    0.05064    0.05487    0.01195     11
   0.04897    0.05269    0.01323    0.07351      3
   0.06018    0.05282    0.06355    0.05298      5
   0.11231    0.05173    0.11555    0.04874     22
  -0.10949    0.05627   -0.10975    0.05616      1
  -0.05991    0.05465   -0.05179    0.02719      5
  -0.05747    0.05767   -0.06853    0.04484      1
  -0.02845    0.05629   -0.05855   -0.02318      6
  -0.02522    0.05655   -0.03422   -0.01207      5
  -0.01516    0.05717   -0.00362    0.04837      2
  -0.01314    0.05437   -0.01616   -0.01028      4
  -0.00802    0.05531   -0.00605    0.03592     15
   0.00572    0.05447    0.00471    0.10789      1
   0.01322    0.05470    0.02603    0.04489      7
   0.01410    0.05453    0.02775    0.03726      3
   0.02140    0.05636    0.01245    0.04883      1
   0.03151    0.05699    0.05881    0.00100      8
   0.03518    0.05450    0.05294    0.02886      3
   0.04649    0.05582    0.03726    0.02523      1
   0.11095    0.05457    0.10697    0.05568      7
  -0.12843    0.05942   -0.36036   -0.06030      1
  -0.05582    0.05946   -0.08251    0.05136      1
  -0.05391    0.06141   -0.04965    0.04439      1
  -0.02312    0.05821   -0.05388   -0.02416      3
  -0.01998    0.05859   -0.04307   -0.03615     11
  -0.01690    0.06008   -0.02506   -0.05247      4
  -0.01194    0.05982   -0.01578   -0.05258     27
  -0.00939    0.06129   -0.00766    0.02073      2
  -0.00176    0.05932    0.00243    0.03862      3
   0.00553    0.06085    0.01780   -0.05758      5
   0.00689    0.06034    0.02117   -0.10498      1
   0.02289    0.05906    0.03735    0.05295      1
   0.02888    0.06099    0.05422    0.01443     10
   0.03063    0.05946    0.06174    0.01170      6
  -0.05121    0.06403   -0.04767    0.05394     66
  -0.04060    0.06445   -0.04965    0.04439      1
  -0.02334    0.06239   -0.06025   -0.00242      3
  -0.02091    0.06439   -0.04781   -0.01593      2
  -0.01304    0.06242   -0.03137   -0.04830      7
  -0.00950    0.06382   -0.01089   -0.06023      7
   0.00573    0.06422    0.02517   -0.04675      1
   0.00752    0.06332    0.01695   -0.04841      5
   0.01555    0.06434    0.06128   -0.03304      2
   0.01958    0.06481    0.06093   -0.01196      1
   0.02423    0.06480    0.06116    0.02397      9
   0.02671    0.06370    0.05156    0.03264      9
  -0.04840    0.06640   -0.04346    0.08794      1
  -0.01610    0.06756   -0.06467   -0.00109      4
  -0.01285    0.06933   -0.06025   -0.00242      1
   0.00433    0.06690    0.01182   -0.06530      3
   0.00851    0.06940    0.07138   -0.03826      2
   0.01386    0.06990    0.06759    0.01688      4
   0.01463    0.06971    0.06972    0.01319      4
   0.01939    0.06730    0.06116    0.02387      5
   0.02255    0.06703    0.04828    0.03693     14
  -0.04212    0.07056   -0.04445    0.06496      9
  -0.03962    0.07165   -0.03475    0.05983     22
  -0.03583    0.07354   -0.03004    0.04808      1
   0.00180    0.07363    0.06260   -0.00702      1
   0.00527    0.07227    0.05054   -0.01939     18
   0.00741    0.07194    0.04201    0.00000     17
   0.01303    0.07024    0.07029    0.02396     10
   0.01552    0.07059    0.01316    0.07170      3
  -0.05810    0.07500   -0.05835    0.05313      6
  -0.05486    0.07772   -0.04709    0.06327     11
  -0.03121    0.07542   -0.03253    0.06625     37
  -0.02950    0.07610   -0.03475    0.06232      7
  -0.02482    0.07775   -0.01626    0.07787      4
  -0.01595    0.07728   -0.00235    0.07466      1
  -0.01162    0.07608   -0.00298    0.07800      4
  -0.00601    0.07760    0.00086    0.02608      1
  -0.00323    0.07716    0.00000    0.07170     30
  -0.00099    0.07695    0.00969    0.06407      1
   0.00491    0.07506    0.00364    0.07416     11
   0.00755    0.07408    0.03751    0.05335      5
   0.01221    0.07495    0.03723    0.06475      1
   0.09818    0.07512    0.09996    0.07370      1
   0.20879    0.07513    0.18144    0.07221      1
  -0.09347    0.07941   -0.11389    0.06184      1
  -0.05423    0.07816   -0.03493    0.06152     16
  -0.05396    0.07831   -0.03475    0.06454      5
  -0.02267    0.07897   -0.02774    0.08807      4
  -0.01930    0.07983   -0.01434    0.08471      8
  -0.01587    0.08062   -0.00792    0.08425     12
  -0.01106    0.08138   -0.00360    0.08364     26
  -0.00694    0.08165    0.00000    0.07199     28
  -0.00452    0.08077    0.00378    0.07204     36
   0.00311    0.08066    0.01323    0.07351      3
   0.20634    0.08153    0.17106    0.06338      2
  -0.00382    0.08213   -0.01196    0.11586      2
   0.20516    0.08443    0.19688    0.07504      5
  -0.04394    0.08660   -0.01076    0.09025      1
   0.05205    0.08770    0.08040    0.06373      1
   0.20310    0.08932    0.21315    0.10092      5
  -0.20227    0.09069   -0.19690    0.12641      1
  -0.20084    0.09382   -0.20708    0.13551      1
  -0.08211    0.09229   -0.09652    0.07957      1
  -0.08139    0.09294   -0.09713    0.09624      2
   0.03469    0.09039    0.05824    0.09359      2
   0.20157    0.09269    0.20956    0.07934      2
   0.20202    0.09172    0.22341    0.08845      1
   0.00442    0.09761    0.00976    0.07315      1
   0.01277    0.09766    0.01237    0.09673      6
   0.01459    0.09777    0.02450    0.10610      2
   0.19980    0.09648    0.19571    0.08852      4
  -0.07270    0.09937   -0.07959    0.09059      1
   0.19776    0.10059    0.22963    0.10805      1
   0.19859    0.09895    0.19156    0.09680      2
  -0.06356    0.10487   -0.06083    0.09888      1
   0.02554    0.10391    0.04801    0.02048      1
   0.06371    0.10599    0.07381    0.10690      3
  -0.02066    0.10977   -0.01198    0.11999      1
   0.05720    0.10964    0.05553    0.10154     44
   0.05980    0.10824    0.05468    0.09802    147
   0.06267    0.10661    0.06175    0.09915     23
  -0.00081    0.11102    0.00592    0.09972      1
   0.05579    0.11035    0.05739    0.10074      7
  -0.04392    0.11475   -0.14124    0.19913      2
  -0.03901    0.11632   -0.03729    0.10135      1
   0.02223    0.12147    0.00966    0.11749      1
   0.03104    0.11904    0.02733    0.10784      2
  -0.14727    0.16552   -0.15776    0.17644      1
  -0.14637    0.16649   -0.12920    0.08847      1
   0.10819    0.19374    0.11593    0.18621     15
   0.11184    0.19167    0.11713    0.19073      8
   0.11429    0.19021    0.14179    0.18613      1
   0.10140    0.19739    0.10665    0.18778      5
   0.10390    0.19607    0.09807    0.18400     29
   0.10690    0.19446    0.10709    0.18549     33
   0.09998    0.19810    0.10660    0.17742      1
   0.05436    0.21386    0.07144    0.20287      1
