  -0.01605   -0.22073    0.01430   -0.15413      1
   0.02401   -0.22064   -0.27910    0.04421      1
  -0.04411   -0.21741    0.02786    0.22688      1
  -0.03703   -0.21752   -0.05892   -0.06802      1
   0.05089   -0.21568    0.01054   -0.04483      4
  -0.07711   -0.20779   -0.10514   -0.05334      1
   0.07575   -0.20846    0.06612   -0.19424      1
   0.09679   -0.19976    0.04675    0.11990      1
  -0.11409   -0.19010   -0.14133   -0.12950      1
   0.15276   -0.16080    0.08155   -0.04013      3
   0.15512   -0.15852    0.09979   -0.11485      6
  -0.07576   -0.15486   -0.04737   -0.15397      1
   0.15692   -0.15673    0.08172   -0.08847      8
   0.15883   -0.15481    0.05691   -0.08021      2
   0.16053   -0.15303    0.12106   -0.13322      3
  -0.01930   -0.12218   -0.02479   -0.12995      1
  -0.01434   -0.12235   -0.03629   -0.10370      2
  -0.01192   -0.12280   -0.02743   -0.13186      2
  -0.00888   -0.12309   -0.01224   -0.13470      6
  -0.00374   -0.12317   -0.01182   -0.14124      4
   0.00958   -0.12288   -0.00392   -0.16275      2
   0.01151   -0.12272    0.00523   -0.12995     11
  -0.12267   -0.12114   -0.08159   -0.10184      1
  -0.03266   -0.11890   -0.03996   -0.10190      4
  -0.02694   -0.12018   -0.01197   -0.09105      5
  -0.02458   -0.12087   -0.02468   -0.09327      3
  -0.02067   -0.12143   -0.02468   -0.08466     10
   0.02850   -0.12021    0.02793   -0.09069      7
   0.03091   -0.11927    0.01483   -0.11647      2
  -0.12708   -0.11650   -0.13698   -0.13445      2
  -0.04294   -0.11553   -0.02995   -0.10347      4
  -0.03982   -0.11657   -0.02298   -0.06595      4
  -0.03666   -0.11749   -0.04646   -0.03982      3
   0.01301   -0.11768   -0.00646   -0.06357      1
   0.03731   -0.11754    0.03193   -0.12001      1
   0.03853   -0.11697    0.02796   -0.10151      3
   0.04287   -0.11569    0.01752   -0.12154      2
   0.04628   -0.11410    0.03103   -0.10344      1
  -0.13008   -0.11315   -0.11900   -0.12026      1
  -0.05452   -0.11069   -0.03866   -0.10680      3
  -0.05300   -0.11107   -0.05077   -0.07158      2
  -0.04938   -0.11287   -0.06556   -0.05346      3
   0.03993   -0.11105    0.04309   -0.13833      1
   0.05295   -0.11178    0.05732   -0.16539      2
   0.05564   -0.11046    0.06614   -0.13276      2
   0.13220   -0.11066    0.08460   -0.13177      1
  -0.19468   -0.10645   -0.18679   -0.09724      1
  -0.13461   -0.10772   -0.09629   -0.09202      1
  -0.06204   -0.10638   -0.05971   -0.07782      1
  -0.05944   -0.10781   -0.04355   -0.09151      8
  -0.05715   -0.10914   -0.08990   -0.04942      1
   0.06112   -0.10693    0.05454   -0.08901      1
  -0.06696   -0.10340   -0.05218   -0.09357      3
  -0.06359   -0.10547   -0.05546   -0.10301      5
   0.06478   -0.10444    0.02790   -0.09319      5
   0.06752   -0.10274    0.04156   -0.08029      5
  -0.07221   -0.09987   -0.08966   -0.06491      1
   0.06873   -0.10193    0.01874   -0.05351      1
   0.07168   -0.09983    0.05325   -0.07806      1
  -0.20021   -0.09562   -0.14161   -0.09091      1
  -0.14305   -0.09623   -0.10237   -0.10380      1
  -0.07911   -0.09449   -0.11562   -0.09060      3
  -0.07581   -0.09717   -0.07641   -0.07884      3
  -0.01206   -0.09575   -0.01691   -0.05806      2
  -0.00780   -0.09435   -0.01717   -0.09224      4
   0.00000   -0.09463    0.00715   -0.07077      2
   0.00803   -0.09727   -0.00509   -0.06432      3
   0.07734   -0.09568    0.04013   -0.16714      1
  -0.08146   -0.09247   -0.07668   -0.07802      4
  -0.01532   -0.09328   -0.01489   -0.07948      2
  -0.01365   -0.09373   -0.02995   -0.08186      4
   0.08415   -0.09055    0.08664   -0.09716      9
  -0.20426   -0.08649   -0.33563   -0.17771      1
  -0.08814   -0.08610   -0.10240   -0.07809      3
  -0.08457   -0.08962   -0.05026   -0.04770      1
   0.08552   -0.08926    0.08140   -0.08098     26
   0.08746   -0.08735    0.08148   -0.08697     68
  -0.20546   -0.08372    0.10818    0.14944      1
  -0.09039   -0.08408   -0.11852   -0.02671      1
  -0.08861   -0.08574   -0.09853   -0.06473      3
  -0.00300   -0.08205   -0.02456   -0.09005      2
   0.07057   -0.08579    0.07895   -0.07758      1
   0.08919   -0.08559    0.07889   -0.08451     17
   0.09026   -0.08445    0.08454   -0.08603      6
  -0.20650   -0.08134   -0.19087   -0.07023      1
  -0.09455   -0.07908   -0.10250   -0.07781      1
  -0.09260   -0.08130   -0.09169   -0.06516      1
  -0.02301   -0.07837   -0.02306   -0.07608      8
  -0.02165   -0.07917    0.00000   -0.06643      3
  -0.01493   -0.08079   -0.01201   -0.05080      1
  -0.00723   -0.08198    0.01422   -0.04928      1
  -0.00334   -0.08062   -0.02541   -0.09101      1
  -0.00070   -0.08105    0.01006   -0.05759      4
   0.00384   -0.07939   -0.00134   -0.04047      1
   0.09381   -0.07956    0.14410   -0.06355      1
  -0.15532   -0.07481   -0.10621   -0.06082      1
  -0.09823   -0.07417   -0.08784   -0.04325      2
  -0.09620   -0.07714   -0.09529   -0.05311      2
  -0.03114   -0.07487   -0.02498   -0.06518     52
  -0.02884   -0.07586   -0.01197   -0.05273     12
  -0.02462   -0.07784   -0.03163   -0.06484     12
   0.01718   -0.07545   -0.00267   -0.06114      1
   0.01896   -0.07471    0.02803   -0.05339      1
  -0.10033   -0.07154   -0.09880   -0.06474      7
  -0.03493   -0.07252   -0.07660   -0.08843      1
  -0.03257   -0.07395   -0.03617   -0.02677      3
   0.01942   -0.07313    0.01412   -0.03603      3
   0.09958   -0.07196    0.11268   -0.09509      2
  -0.21108   -0.06860   -0.12567    0.01929      2
  -0.15826   -0.06839   -0.13978   -0.04141      1
  -0.10353   -0.06719   -0.10124   -0.07875      2
  -0.03946   -0.06957   -0.02109   -0.05130      6
   0.01190   -0.06620    0.01421   -0.06432      3
   0.01690   -0.06886    0.02041   -0.07135      8
   0.10323   -0.06814    0.12154   -0.12027      1
   0.20999   -0.06673    0.23436   -0.02587      1
  -0.15965   -0.06509   -0.11474   -0.04752      1
  -0.10548   -0.06401   -0.10898   -0.05194      2
  -0.04779   -0.06554   -0.06420   -0.06443      2
   0.01006   -0.06213   -0.02545   -0.08819      1
   0.10498   -0.06378    0.05606   -0.10677      1
  -0.10807   -0.05914   -0.07672   -0.02665      3
  -0.05311   -0.06039   -0.06106   -0.05855      5
  -0.03665   -0.05898   -0.01198   -0.07737      3
  -0.01996   -0.06002   -0.04834   -0.07672      2
   0.21237   -0.06041    0.05701   -0.07760      1
  -0.11116   -0.05412   -0.11506   -0.04908      1
  -0.10908   -0.05731   -0.11400   -0.02195      3
  -0.06026   -0.05531   -0.03259   -0.01303      1
  -0.04976   -0.05429   -0.03755   -0.03626      1
   0.00123   -0.05632   -0.01735   -0.03998      6
   0.00365   -0.05745   -0.03106   -0.06979      2
   0.00729   -0.05763   -0.03747   -0.05176      1
   0.01295   -0.05720    0.01497   -0.03930      2
   0.10984   -0.05558    0.09579   -0.05179      1
  -0.11234   -0.05128   -0.07120   -0.04265      4
  -0.04145   -0.05174   -0.08783   -0.00799      1
   0.04357   -0.05298    0.03068   -0.05783      4
   0.04882   -0.05036    0.04267   -0.06672      1
   0.08445   -0.05147    0.05855   -0.05198      1
   0.11220   -0.05073    0.14365   -0.06456      1
  -0.21676   -0.04761   -0.19471    0.15994      1
  -0.11429   -0.04659   -0.12525   -0.05797      2
  -0.11348   -0.04872   -0.12213   -0.05949      3
  -0.02659   -0.04858   -0.01163   -0.06466      1
  -0.00813   -0.04918   -0.01217   -0.02709      1
   0.01171   -0.04727    0.00000    0.02604      3
   0.02025   -0.04636    0.00062    0.05792      4
   0.04140   -0.04828    0.05346   -0.05217      1
   0.04831   -0.04693    0.04127   -0.07997      1
   0.05223   -0.04752    0.04004   -0.06675     69
   0.05567   -0.04739    0.04137   -0.05333      3
   0.11469   -0.04627    0.09179   -0.07540      1
   0.17019   -0.04964    0.18299   -0.02344      1
   0.21385   -0.04694    0.09200   -0.04933      1
   0.21567   -0.04604    0.14795   -0.06372      1
  -0.11486   -0.04575   -0.11592   -0.05161      3
  -0.01122   -0.04542   -0.01032   -0.03355      1
   0.00493   -0.04208   -0.02461    0.06478      1
   0.00694   -0.04380   -0.04651    0.04115      1
   0.01593   -0.04353   -0.00137    0.02683     17
   0.02122   -0.04372    0.00121    0.02888      8
   0.02206   -0.04230   -0.03358    0.02422      1
   0.03549   -0.04207   -0.02951    0.02214      2
   0.04773   -0.04500    0.01138   -0.11128      2
   0.05261   -0.04549    0.04071   -0.06542     56
   0.05445   -0.04386    0.04126   -0.06447     54
   0.05905   -0.04247    0.02269   -0.05806      4
   0.09474   -0.04511   -0.00922    0.00049      2
   0.11453   -0.04514   -0.08532    0.14685      2
   0.21673   -0.04390    0.13115   -0.06684      3
  -0.11731   -0.03914   -0.10747   -0.02958      2
  -0.01279   -0.03964   -0.03584   -0.03324      2
  -0.00947   -0.03884   -0.01269    0.02280      1
  -0.00321   -0.03985   -0.03703    0.00258      8
  -0.00188   -0.03994   -0.02275    0.00000      3
   0.00446   -0.04157   -0.02870    0.05405      6
   0.00947   -0.03884    0.02670   -0.00399      1
   0.01136   -0.03833    0.01434   -0.00392      5
   0.02147   -0.04177    0.01229    0.04154      4
   0.02466   -0.04038   -0.00602    0.03494     20
   0.02636   -0.03925    0.01434    0.02647      9
   0.05283   -0.03885    0.04164   -0.05225     39
   0.05573   -0.03980    0.04360   -0.06353     54
   0.06165   -0.03877    0.05315   -0.06054     70
   0.06259   -0.03844    0.04137   -0.06116     23
   0.11690   -0.03903    0.08313   -0.04132      3
   0.21752   -0.03932    0.21867   -0.02477      6
  -0.11812   -0.03500   -0.11999   -0.03024      2
  -0.11771   -0.03764   -0.11844   -0.03735      3
   0.01345   -0.03765   -0.01001   -0.01903      2
   0.01653   -0.03640   -0.01249    0.00732      4
   0.01957   -0.03486    0.00000   -0.02284      7
   0.02911   -0.03773    0.00132    0.02916      5
   0.03193   -0.03636   -0.01531    0.04116     16
   0.03535   -0.03597    0.04046    0.03005      1
   0.04180   -0.03689    0.04007    0.03883      1
   0.04950   -0.03467    0.04071   -0.03993     14
   0.05104   -0.03640    0.04137   -0.05191     39
   0.05607   -0.03682    0.04802   -0.06474     10
   0.06415   -0.03753    0.06057   -0.05320     10
   0.06653   -0.03430    0.05603   -0.04802      5
   0.11715   -0.03722    0.11507   -0.02022      2
   0.11816   -0.03496    0.10899   -0.06093      3
   0.13822   -0.03698    0.05709    0.02203      1
   0.21744   -0.03695    0.14626   -0.04502      2
   0.21830   -0.03570    0.11565    0.02987      5
  -0.16956   -0.03116   -0.26727   -0.00140      1
  -0.11916   -0.03181   -0.13144   -0.03236      4
  -0.08949   -0.03310   -0.07297   -0.03912      1
  -0.05437   -0.03102   -0.03025   -0.02598      2
  -0.02420   -0.03182   -0.05230   -0.01292      9
   0.02146   -0.03373   -0.03043   -0.03558      4
   0.02469   -0.03145    0.00247   -0.01235     11
   0.02620   -0.03020    0.01474   -0.02681      1
   0.03400   -0.03377   -0.02133    0.03336      1
   0.03666   -0.03243   -0.00129    0.03879      9
   0.03898   -0.03077   -0.00924    0.04163      2
   0.04889   -0.03248    0.03207   -0.04000     28
   0.05071   -0.03221    0.04322   -0.04264      2
   0.06157   -0.03351    0.02788   -0.07700      1
   0.06558   -0.03366    0.06636   -0.05809      3
   0.06604   -0.03308    0.03051   -0.05305      1
   0.11876   -0.03225    0.09463   -0.05203      3
   0.13820   -0.03170    0.09089    0.00000      1
   0.21750   -0.03127    0.26843    0.04251      1
   0.21866   -0.03268    0.18831   -0.01320      3
  -0.11980   -0.02866   -0.09951   -0.01051      4
  -0.02746   -0.02906   -0.02506   -0.01031      7
   0.02817   -0.02815   -0.00475   -0.01472      4
   0.03955   -0.02988    0.00797    0.05532      2
   0.04280   -0.02700   -0.00402    0.04291      3
   0.04785   -0.02778    0.04132   -0.02647     27
   0.05072   -0.02829    0.04884   -0.03567      4
   0.06847   -0.02914    0.06035   -0.06109     14
   0.07018   -0.02712    0.05301   -0.03880      1
   0.09310   -0.02809    0.09222   -0.04006     13
   0.09420   -0.02639    0.08978   -0.02305      1
   0.11391   -0.02712    0.07739    0.00000      1
   0.11520   -0.02643    0.10801   -0.04543      4
   0.21919   -0.02763    0.17228    0.00053      8
  -0.12082   -0.02355   -0.11522   -0.03239      1
  -0.03249   -0.02330   -0.01856   -0.03318      4
   0.02949   -0.02382   -0.26553   -0.05354      1
   0.03189   -0.02309    0.04050   -0.02667      8
   0.04407   -0.02571    0.00468    0.02684     14
   0.04762   -0.02336    0.04319   -0.02732     14
   0.05143   -0.02455    0.04216   -0.04151      2
   0.07325   -0.02445    0.06974   -0.03972      9
   0.07473   -0.02435    0.04722   -0.01314      2
   0.07871   -0.02259    0.06809   -0.04651     21
   0.09371   -0.02274    0.09205   -0.05183      2
   0.09643   -0.02224    0.11921   -0.00984      2
   0.10536   -0.02282    0.05508    0.01343      3
   0.11496   -0.02330    0.12135   -0.02132      6
   0.12089   -0.02373    0.08793   -0.04957      8
   0.21755   -0.02398    0.21995   -0.01538      1
   0.21946   -0.02385    0.14785   -0.05319     27
  -0.03526   -0.01886   -0.02478   -0.00509      9
  -0.03369   -0.02153    0.03051   -0.05305      1
   0.03092   -0.02169    0.27267   -0.00238      1
   0.03553   -0.01833   -0.00071   -0.00869     16
   0.04533   -0.02185    0.02803   -0.03745      2
   0.04744   -0.01996    0.03594   -0.03271     16
   0.05304   -0.01864   -0.00267   -0.02415      1
   0.05502   -0.01824    0.05282   -0.02059      1
   0.07669   -0.01965    0.06899   -0.03894      5
   0.07881   -0.02149    0.07148   -0.05129     58
   0.09394   -0.02148    0.08160   -0.04942      1
   0.09409   -0.01997    0.08852   -0.01798      2
   0.10965   -0.02193    0.10550   -0.03903      1
   0.12164   -0.02002    0.08742   -0.02642     16
   0.12220   -0.01892    0.12295   -0.02301      1
   0.21994   -0.01937    0.11969   -0.04016     41
  -0.04299   -0.01531   -0.04908   -0.00130      3
  -0.03861   -0.01550   -0.05040    0.02969      1
  -0.03617   -0.01705   -0.03493   -0.00520      4
  -0.00153   -0.01714   -0.03342    0.01337      1
   0.02900   -0.01467    0.00653   -0.00805      7
   0.03688   -0.01544    0.01464   -0.00396     13
   0.04744   -0.01573    0.02802   -0.02669     21
   0.05296   -0.01654    0.03576   -0.02486     18
   0.05461   -0.01608    0.04025   -0.01300      5
   0.06824   -0.01532    0.01536   -0.03972      2
   0.07310   -0.01706    0.05554   -0.03334     10
   0.07673   -0.01682    0.06805   -0.02667      8
   0.07950   -0.01709    0.05077   -0.02003      2
   0.09550   -0.01566    0.12171   -0.08025      1
   0.10436   -0.01728    0.10684    0.36068      1
   0.12158   -0.01748    0.18310   -0.03892      1
   0.12236   -0.01533    0.10845   -0.03246     17
   0.21687   -0.01714    0.18845   -0.07158      1
   0.22005   -0.01616    0.14407   -0.03993     75
  -0.04815   -0.01377   -0.05032    0.01069      2
  -0.03851   -0.01076   -0.02535   -0.00256     13
  -0.03771   -0.01327   -0.03744   -0.00776      5
   0.00512   -0.01396    0.06738    0.09343      1
   0.02882   -0.01157    0.00427   -0.00142      5
   0.03778   -0.01309   -0.00517   -0.00591      4
   0.03913   -0.01053    0.01431    0.00000      7
   0.04715   -0.01271    0.04025   -0.02604     47
   0.05252   -0.01209    0.03870   -0.02604     50
   0.05566   -0.01094    0.02826   -0.03502      7
   0.07362   -0.01179    0.06757   -0.01612      2
   0.07706   -0.01177    0.08047   -0.01565     10
   0.08121   -0.01190    0.08805   -0.03205      4
   0.09660   -0.01232   -0.03881   -0.06696      1
   0.10717   -0.01073   -0.01135   -0.09318      2
   0.11286   -0.01316    0.10822   -0.06273      1
   0.11706   -0.01203    0.09853   -0.00903      2
   0.12271   -0.01130    0.10483   -0.02594     86
   0.22029   -0.01189    0.12116   -0.02568     44
  -0.11689   -0.00787    0.01587    0.01720      1
  -0.09659   -0.00721   -0.07622   -0.02462      1
  -0.04891   -0.00671   -0.07356   -0.01297      1
  -0.03935   -0.00707   -0.03608   -0.00066     44
  -0.00120   -0.00778   -0.05529   -0.03596      2
   0.01206   -0.00713    0.05804    0.03872      2
   0.02848   -0.00705    0.01337   -0.02604      5
   0.03047   -0.00648   -0.01136   -0.01610      4
   0.03938   -0.00735    0.00898   -0.00130     28
   0.04590   -0.00653    0.04391   -0.01334      1
   0.04650   -0.00892    0.04794   -0.02682     12
   0.05287   -0.00916    0.04049   -0.02288     23
   0.05608   -0.00771    0.04007   -0.02566     74
   0.06069   -0.00648    0.05306   -0.01317     13
   0.06248   -0.00647    0.04883   -0.02677      2
   0.06993   -0.00734    0.05484   -0.00259      1
   0.07591   -0.00933    0.05591   -0.02707      5
   0.08130   -0.00753    0.04664   -0.05962      3
   0.09729   -0.00751    0.09719   -0.02590      3
   0.09870   -0.00742    0.15684   -0.10381      1
   0.10925   -0.00785    0.06343    0.03547      2
   0.12288   -0.00848    0.10277   -0.02592    130
   0.22049   -0.00810    0.09482   -0.05331     11
  -0.22159   -0.00329   -0.15394   -0.02328      1
  -0.09832   -0.00333   -0.06478   -0.00124      1
  -0.04782   -0.00547   -0.04482   -0.00658      4
  -0.04541   -0.00311   -0.05056    0.01298      1
  -0.03978   -0.00399   -0.02553   -0.00331     30
  -0.03389   -0.00429   -0.04842   -0.01163      2
  -0.02917   -0.00502   -0.01260    0.00000      1
  -0.01582   -0.00331   -0.03960   -0.00940      2
   0.01597   -0.00274    0.02095    0.03437      2
   0.02948   -0.00405    0.02235   -0.00260     18
   0.03092   -0.00497    0.02818    0.00258      8
   0.03987   -0.00439    0.01442   -0.00540    193
   0.04419   -0.00468    0.02740   -0.01343     21
   0.05632   -0.00562    0.03038   -0.01317    279
   0.06008   -0.00467    0.04025   -0.01317     31
   0.06307   -0.00265    0.03408   -0.01340      6
   0.06904   -0.00295   -0.05207    0.02665      1
   0.07301   -0.00314    0.05455   -0.01023      2
   0.07445   -0.00432    0.05474   -0.02670      2
   0.07920   -0.00382    0.08033   -0.01343     14
   0.08211   -0.00381    0.03831   -0.00924      2
   0.09835   -0.00397    0.11260   -0.03898      4
   0.11441   -0.00516    0.04149   -0.15379      1
   0.12310   -0.00453    0.10629   -0.02581     35
   0.21790   -0.00217    0.10779   -0.07976      1
   0.22055   -0.00406    0.15059   -0.01317     14
  -0.12344    0.00150   -0.12958   -0.00136      3
  -0.11123    0.00071   -0.12237   -0.00185      2
  -0.09715   -0.00153   -0.08929    0.03356      1
  -0.08099    0.00021   -0.10887   -0.01294      2
  -0.04526    0.00030   -0.04582    0.00256      1
  -0.03998   -0.00031   -0.03361   -0.00668     19
  -0.03488    0.00046   -0.04303   -0.00334      2
  -0.03209   -0.00022   -0.04677   -0.00935      5
  -0.01672   -0.00168   -0.03852   -0.02657      1
  -0.00900   -0.00017   -0.02283    0.01627      4
  -0.00468    0.00123   -0.05222   -0.06425      1
   0.01679   -0.00075    0.01552    0.00387      4
   0.03188    0.00048    0.02581   -0.01300     11
   0.03998    0.00017    0.01343   -0.00250    111
   0.04226    0.00085    0.04025   -0.01197      5
   0.05607   -0.00003   -0.01627    0.04612      2
   0.06340    0.00001    0.05539   -0.00980     20
   0.07475    0.00075    0.06787   -0.01330     16
   0.08090    0.00027    0.07916   -0.00515      7
   0.08210   -0.00173    0.09344   -0.00539      1
   0.09626    0.00027    0.08264   -0.06668      1
   0.09829    0.00168    0.10976   -0.02399      3
   0.11190   -0.00104    0.10924   -0.02632      4
   0.11812    0.00074    0.13103    0.01818      1
   0.12312    0.00039    0.10290   -0.01706     39
   0.22060    0.00050    0.16144   -0.01208     17
  -0.12305    0.00324   -0.11698    0.02679      4
  -0.11173    0.00314   -0.08907    0.01812      3
  -0.09663    0.00435   -0.07856    0.02583      5
  -0.08142    0.00459   -0.09009    0.00258     30
  -0.04336    0.00250   -0.04997    0.01990      4
  -0.03972    0.00459   -0.03555   -0.00334     30
  -0.03356    0.00388   -0.03902   -0.00405      3
  -0.01665    0.00223   -0.09174   -0.01322      1
  -0.00388    0.00487   -0.06303   -0.03108      2
   0.01320    0.00446    0.16243    0.30807      1
   0.03476    0.00221    0.00741   -0.00570      2
   0.03981    0.00374    0.00537   -0.00135     64
   0.04445    0.00453    0.02222    0.01832      3
   0.05110    0.00458    0.05333    0.01300      3
   0.05668    0.00373    0.02599    0.03010      6
   0.05806    0.00546    0.02860    0.02993      1
   0.06441    0.00419    0.04179   -0.00390     32
   0.06681    0.00247    0.04105   -0.02247      1
   0.07591    0.00325    0.07883   -0.00384      7
   0.07929    0.00447    0.04288   -0.00866      4
   0.12305    0.00350    0.10595   -0.00854     46
   0.22045    0.00461    0.13074   -0.01305     21
  -0.12299    0.00935   -0.11902    0.05349      3
  -0.11146    0.00718   -0.12038    0.00296      2
  -0.09432    0.00880   -0.05056    0.01298      3
  -0.08102    0.00774   -0.07140    0.01117     32
  -0.05109    0.00984   -0.05209    0.01733      1
  -0.03904    0.00861   -0.02144    0.01041      4
  -0.02972    0.00766   -0.06332    0.02584      1
  -0.01444    0.00947    0.02803   -0.05339      1
  -0.00266    0.00627    0.00000    0.00810      1
   0.01108    0.00921    0.14480   -0.15018      2
   0.03927    0.00749    0.01456   -0.00256     21
   0.04288    0.00805    0.04458    0.03774      2
   0.04882    0.00868    0.02762    0.01520      9
   0.05650    0.00795    0.02995    0.02967     15
   0.06199    0.00881    0.02762    0.01317      1
   0.06385    0.00710    0.03237    0.00667     77
   0.07278    0.00966    0.03998   -0.02064      1
   0.07877    0.00632    0.09723   -0.02614      3
   0.09735    0.00736    0.10953   -0.01167     12
   0.11664    0.00957    0.08278   -0.00260      3
   0.12269    0.00810    0.09562   -0.01890     26
   0.14030    0.00806    0.01430    0.06504      1
   0.22025    0.00775    0.08285   -0.01950     16
  -0.12258    0.01287   -0.12712   -0.00028      2
  -0.11635    0.01377   -0.09360    0.02600      2
  -0.11189    0.01308   -0.10207    0.01297     25
  -0.10980    0.01399   -0.09187    0.01786      1
  -0.09455    0.01266   -0.11048   -0.02399      2
  -0.09372    0.01177   -0.07172    0.01303      1
  -0.08023    0.01129   -0.08904   -0.00267      6
  -0.07698    0.01200   -0.07592   -0.00932      1
  -0.03822    0.01173   -0.04613   -0.00584      4
  -0.03754    0.01375   -0.01718    0.00787      3
  -0.01084    0.01336   -0.02468    0.01301      1
   0.04306    0.01326    0.04320    0.00000      1
   0.04765    0.01178    0.04015    0.00274     45
   0.05571    0.01286    0.02854    0.02604     11
   0.06077    0.01225    0.02806    0.01336     36
   0.06222    0.01112    0.03237    0.00540      5
   0.11576    0.01074    0.07650   -0.03992      2
   0.12192    0.01380    0.08602   -0.02321      1
   0.12238    0.01245    0.09443   -0.01337     25
   0.22003    0.01216    0.13437    0.01337     11
  -0.22074    0.01699   -0.19735    0.01588      1
  -0.12236    0.01507   -0.10324    0.04279     18
  -0.12177    0.01742   -0.11802    0.02671     26
  -0.11691    0.01467   -0.10939    0.01498     20
  -0.11220    0.01438   -0.11888    0.02673      3
  -0.09539    0.01471   -0.07842    0.02654      3
  -0.07940    0.01674   -0.07928    0.01851     13
  -0.07793    0.01629   -0.11418   -0.00395      3
  -0.06338    0.01664   -0.06155    0.01342      1
  -0.03690    0.01539   -0.02524    0.01319     10
   0.04287    0.01595    0.02173   -0.01287      4
   0.04857    0.01643    0.02762    0.00256     69
   0.05073    0.01692    0.02954    0.01294      5
   0.05506    0.01655    0.01473    0.03413      4
   0.05993    0.01665    0.04434    0.01449     12
   0.07363    0.01788    0.05603    0.01335      1
   0.07592    0.01445    0.04999   -0.00327      8
   0.08010    0.01588    0.05580    0.00063      4
   0.12191    0.01671    0.10540   -0.01294     17
   0.12218    0.01501    0.09711   -0.01027     17
   0.21953    0.01626    0.16026   -0.03642      9
  -0.22010    0.02147   -0.19634    0.02550      1
  -0.12201    0.01871   -0.08955    0.02721      1
  -0.12163    0.01867   -0.11666    0.04134     18
  -0.09648    0.01847   -0.06526    0.01328      1
  -0.09333    0.02007   -0.09174    0.01322      1
  -0.07922    0.02119   -0.09022    0.02795      4
  -0.07693    0.02068   -0.06499    0.02652      7
  -0.06822    0.01981   -0.07197    0.02311      1
  -0.03455    0.02056   -0.03727    0.00999      9
  -0.03358    0.02169   -0.03994   -0.00384      5
   0.03518    0.01890    0.20171    0.35220      1
   0.04199    0.02105    0.01474   -0.02681      1
   0.04201    0.02093    0.05288   -0.03744      1
   0.04888    0.01867    0.03055    0.01426      5
   0.05275    0.02117    0.02816    0.01767     54
   0.05434    0.02105    0.04148    0.02642      9
   0.05927    0.01911    0.03964    0.01299     17
   0.06517    0.02005    0.04022    0.01557      2
   0.07339    0.02057    0.04161    0.06632      1
   0.07673    0.02072    0.05508    0.01343      7
   0.09257    0.01919    0.10841    0.01736      1
   0.09588    0.02140    0.10746    0.03326      1
   0.12157    0.01956    0.09443   -0.00308     17
   0.12204    0.01864    0.11429    0.00000      2
   0.21921    0.02157    0.14052    0.00019      8
  -0.12101    0.02420   -0.11535    0.01951      5
  -0.11239    0.02342   -0.10285    0.04557      1
  -0.09179    0.02564   -0.08649    0.03068      3
  -0.07873    0.02255   -0.07672    0.04165      1
  -0.07532    0.02310   -0.06524    0.00677     10
  -0.07390    0.02517   -0.08907    0.01284      1
  -0.06669    0.02444   -0.08684    0.02973      1
  -0.04249    0.02323   -0.08658    0.05161      1
  -0.03849    0.02453   -0.00563   -0.00282      1
  -0.03668    0.02381   -0.03751   -0.03884      1
  -0.03266    0.02306   -0.02589    0.01436     13
   0.03190    0.02405   -0.02660    0.02848      2
   0.04062    0.02445    0.03861   -0.00130     11
   0.04496    0.02359    0.02801    0.00667      1
   0.04897    0.02429    0.02802    0.02669     16
   0.05193    0.02347    0.03983    0.01818     54
   0.05500    0.02371    0.04111    0.02650     11
   0.06759    0.02227    0.00399    0.02670      1
   0.07228    0.02524    0.06619    0.02594      1
   0.09520    0.02467    0.08736    0.00000      4
   0.11534    0.02446    0.10493    0.00007      2
   0.12063    0.02455    0.09206    0.01299     13
   0.21892    0.02470    0.19566   -0.00911     11
  -0.21931    0.02712   -0.23307   -0.00244      3
  -0.12032    0.02740   -0.11849    0.03064      5
  -0.09434    0.02908   -0.10543    0.03063      1
  -0.09330    0.02761   -0.08419    0.06617      4
  -0.07546    0.02781   -0.05772    0.02709      2
  -0.07344    0.02864   -0.06349    0.01292      1
  -0.03023    0.02616   -0.03541    0.01773      1
  -0.02901    0.02751   -0.06061    0.00000      5
   0.02756    0.02887    0.10991    0.04263      1
   0.03065    0.02701    0.06664    0.05925      2
   0.03860    0.02963    0.02223   -0.02517      4
   0.04354    0.02659    0.05631    0.03218      2
   0.04740    0.02802    0.01852    0.02010     30
   0.05147    0.02891    0.02733    0.02681    122
   0.05438    0.02831    0.02762    0.02604     45
   0.06329    0.02721    0.06656    0.02744      1
   0.06856    0.02660    0.05378    0.02311      2
   0.09370    0.02887    0.05948    0.02200      4
   0.11467    0.02751    0.11693    0.01288      3
   0.12000    0.02714    0.10648   -0.00638      8
   0.21841    0.02839    0.14560    0.03936     18
  -0.11902    0.03150   -0.09136    0.04934      2
  -0.07192    0.03150   -0.07098    0.01789      6
  -0.04780    0.03186   -0.05201   -0.01068      1
  -0.03850    0.03208   -0.05047   -0.02583      1
  -0.02611    0.03027   -0.03728    0.01335      1
  -0.02358    0.03229   -0.03313    0.01308     20
  -0.02127    0.03385   -0.02524    0.00263      7
   0.03762    0.03108    0.02976   -0.02523     32
   0.03812    0.03091    0.03975   -0.02569      5
   0.04537    0.03295    0.01716    0.03964      3
   0.04894    0.03271    0.01577    0.02681    176
   0.05043    0.03098    0.01995    0.02669     64
   0.05514    0.03175    0.04133    0.03881      3
   0.05835    0.03114    0.02689    0.02681      4
   0.07455    0.03053    0.06820    0.02007      1
   0.08906    0.03252    0.02802    0.02669      1
   0.09293    0.03322    0.06805    0.01332      6
   0.10941    0.03287    0.12447    0.09795      1
   0.11374    0.03157    0.09267    0.01295      4
   0.11418    0.03173    0.08189    0.00000      1
   0.11852    0.03357    0.10578    0.00528      4
   0.21796    0.03304    0.24273    0.14642      3
   0.21821    0.03078    0.13471   -0.00914      7
  -0.21840    0.03600   -0.17895    0.09475      1
  -0.11784    0.03673   -0.12702    0.04005      1
  -0.07177    0.03592   -0.08372    0.01058      2
  -0.04623    0.03683   -0.06188   -0.00520      1
  -0.03586    0.03597   -0.03783   -0.00774      3
  -0.01816    0.03562   -0.02547    0.00398     15
  -0.01611    0.03659   -0.01479    0.01390     12
  -0.01273    0.03790   -0.01204    0.01338      1
   0.03567    0.03573    0.03528   -0.03139      4
   0.04463    0.03654    0.02926    0.02607     74
   0.04709    0.03497    0.02737    0.02681    127
   0.05134    0.03591    0.04136    0.01769      5
   0.08982    0.03520    0.06623    0.01299      1
   0.09205    0.03511    0.10489    0.04863      2
   0.09755    0.03493    0.09713    0.03826      1
   0.10096    0.03757    0.04009    0.02584      1
   0.10441    0.03746    0.08050   -0.00267      2
   0.10957    0.03594    0.08122    0.01734     53
   0.11115    0.03625    0.09321    0.02637     52
   0.11782    0.03524    0.09705    0.00526      3
   0.21770    0.03548    0.11222    0.01986      8
   0.21891    0.03455    0.08164   -0.09359      1
  -0.21758    0.04060    0.04323    0.10385      1
  -0.11658    0.04056   -0.11736    0.04544      6
  -0.07212    0.03874   -0.07706    0.03881     11
  -0.04428    0.04107   -0.05205    0.02611     11
  -0.01508    0.03853   -0.01059    0.02774      1
  -0.00412    0.03977    0.05737   -0.02602      1
   0.00080    0.04083   -0.03814    0.01449      2
   0.00460    0.04171   -0.03587    0.04034      8
   0.02124    0.04188    0.00000    0.03960      1
   0.02575    0.04178   -0.00394    0.04131      7
   0.03344    0.04071    0.04009   -0.02401      9
   0.03448    0.04079    0.02786   -0.02498      6
   0.04130    0.04114    0.02802    0.02592     35
   0.04310    0.03999    0.01870    0.02681    101
   0.04676    0.03922    0.02397    0.02624      4
   0.08754    0.03979    0.05644    0.01528      8
   0.10377    0.03996    0.06903    0.02608      1
   0.11595    0.04098    0.09769    0.01682      2
   0.21695    0.03989    0.16694    0.01333      6
  -0.21707    0.04363   -0.25175   -0.00970      2
  -0.11530    0.04378   -0.13464    0.05544      4
  -0.08842    0.04299   -0.07485    0.04132      1
  -0.04236    0.04446   -0.05091    0.04251     27
  -0.01009    0.04407   -0.00668   -0.03994      1
  -0.00808    0.04589   -0.04425   -0.04398      2
   0.00579    0.04377   -0.02356    0.02217      4
   0.00603    0.04458   -0.03362    0.02713      1
   0.01223    0.04473    0.01431    0.02665      7
   0.01739    0.04414    0.00861    0.04621     10
   0.01937    0.04318    0.01423    0.03857      9
   0.02427    0.04210    0.00962    0.05119      4
   0.02800    0.04248   -0.02138   -0.03987      5
   0.03251    0.04304    0.01535   -0.03039     14
   0.03625    0.04467    0.01451    0.02661     16
   0.04043    0.04343    0.01905    0.02594    105
   0.04360    0.04234    0.02470    0.02861      5
   0.08764    0.04454    0.09183    0.02581      1
   0.10388    0.04283    0.08153    0.01000      2
   0.11480    0.04450    0.08444    0.00396      7
   0.21607    0.04442    0.14573    0.01563     10
  -0.21568    0.04932   -0.15857    0.07009      2
  -0.11420    0.04690   -0.13862    0.03896      3
  -0.11311    0.04928   -0.12710    0.03669      1
  -0.06564    0.04608   -0.08966    0.06491      1
  -0.06144    0.04953   -0.07120    0.06347      2
  -0.04015    0.04763   -0.07554   -0.00070      2
  -0.00709    0.04636   -0.01180   -0.02627      1
   0.00621    0.04643    0.02548    0.02929      3
   0.01342    0.04765    0.00057    0.05489      1
   0.01425    0.04625    0.00405    0.07999      1
   0.02428    0.04947    0.04492   -0.03811      4
   0.02954    0.04823    0.02861   -0.01862     77
   0.03022    0.04760    0.02963   -0.01746     22
   0.03568    0.04765    0.06656    0.02681      7
   0.03889    0.04635    0.08600    0.01741      2
   0.11365    0.04772    0.07367    0.01673      4
   0.11405    0.04666    0.07908    0.10380      1
   0.21549    0.04767    0.10801   -0.02341      7
  -0.11221    0.05121   -0.12825    0.03904      5
   0.00979    0.05031   -0.01207    0.05355      1
   0.02014    0.05333    0.04207   -0.04671      4
   0.02508    0.05165    0.04800   -0.02803      2
   0.02730    0.05103    0.02916   -0.01235     12
   0.03144    0.05251    0.02722    0.02677     16
   0.03523    0.05031   -0.01180   -0.02627      1
   0.05248    0.05269    0.01454    0.03972      1
   0.05479    0.05171    0.05569    0.05910      2
   0.06116    0.05375    0.10808    0.09101      1
   0.06357    0.05155    0.02814    0.01605      3
   0.08129    0.05044    0.08691    0.03468      2
   0.09682    0.05389    0.10600    0.06470      1
   0.11235    0.05038    0.09443    0.02614      5
   0.21394    0.05026   -0.01181    0.05066      2
   0.21496    0.05081    0.27254    0.12021      1
  -0.21398    0.05686   -0.24536   -0.02449      1
  -0.11074    0.05439   -0.09420    0.01304      3
  -0.10922    0.05753   -0.12010    0.06276      6
  -0.10277    0.05676   -0.07676    0.05197      3
  -0.03531    0.05662   -0.04937    0.05288     11
   0.00048    0.05647    0.01469   -0.06680      1
   0.01388    0.05781    0.05443   -0.06239      1
   0.01554    0.05632    0.03532   -0.06305      4
   0.01980    0.05593    0.06628   -0.01172      3
   0.02313    0.05520    0.04062   -0.01027      7
   0.02798    0.05591    0.01679    0.06444      1
   0.05160    0.05554    0.01431    0.02602      1
   0.05959    0.05451    0.02930    0.03989      1
   0.10968    0.05589    0.09450    0.05589      1
   0.11047    0.05479    0.10001    0.02661      1
   0.21376    0.05536   -0.19486   -0.17361      1
  -0.10831    0.05931   -0.12244    0.07952      6
  -0.09802    0.06123   -0.08648    0.01728      1
  -0.09706    0.05848   -0.01200    0.08647      1
  -0.03168    0.06016   -0.05043    0.08094      2
   0.00932    0.06123    0.06025   -0.04613      2
   0.01250    0.06008    0.05603   -0.01335      3
   0.01637    0.05972    0.05517   -0.00771      4
   0.02099    0.05827    0.04724    0.01297     14
   0.02268    0.05817    0.04424    0.03250      1
   0.09313    0.06108   -0.00385    0.01666      1
   0.10782    0.05947    0.11053    0.05463      1
   0.21097    0.05862    0.13072    0.06459      3
  -0.21130    0.06585   -0.24536    0.06483      1
  -0.10660    0.06269   -0.10041    0.08613      2
  -0.10509    0.06454   -0.09299    0.06341      6
  -0.02825    0.06293   -0.04543    0.05688      4
   0.00433    0.06442    0.02934   -0.05263      2
   0.00802    0.06442    0.02762    0.02681      3
   0.01055    0.06356    0.04816    0.00934      6
   0.02076    0.06467    0.00396    0.07819      1
   0.02408    0.06353    0.06815    0.06674      1
   0.02638    0.06494    0.02713    0.11658      1
   0.06970    0.06527    0.04013    0.08155      1
   0.08957    0.06363    0.18546   -0.01767      2
   0.10505    0.06513    0.07913    0.03894      1
  -0.10363    0.06688   -0.11312    0.06866     11
  -0.03388    0.06775   -0.07899    0.05348      1
  -0.02717    0.06602   -0.04683    0.05349      1
  -0.02426    0.06846   -0.05203    0.05791     12
  -0.01859    0.06949   -0.04827    0.05342      3
  -0.01477    0.06939   -0.03111    0.07134      4
  -0.01257    0.06820    0.00546    0.17360      1
  -0.00874    0.06822   -0.01169    0.04158      1
  -0.00476    0.06643   -0.01027    0.10479      1
  -0.00026    0.06910    0.12327   -0.13685      2
   0.00381    0.06927   -0.06093    0.07898      3
   0.01517    0.06760    0.01814    0.05181      1
   0.02073    0.06883    0.01467    0.05476      1
   0.10329    0.06790    0.09173    0.05188      5
   0.20771    0.06769    0.14389    0.04017      3
  -0.20963    0.07083   -0.14423    0.02673      1
  -0.10087    0.07134   -0.11850    0.07800      5
  -0.01605    0.07138   -0.04335    0.06020      2
   0.15957    0.07248    0.08407    0.03210      1
   0.20818    0.07168    0.09192   -0.19445      1
  -0.20813    0.07575   -0.03033    0.01916      2
  -0.15476    0.07599   -0.15062    0.05452      1
  -0.09907    0.07400   -0.10316    0.09654      1
  -0.09769    0.07537   -0.11965    0.07682      1
   0.20656    0.07616    0.15711    0.04298      1
   0.06326    0.08159   -0.35990   -0.02643      1
   0.07953    0.07813    0.00523    0.09074      1
   0.20570    0.07952   -0.25027    0.10403      2
  -0.20484    0.08406   -0.23236    0.01829      3
   0.09029    0.08446    0.04427    0.05447      1
   0.20389    0.08379   -0.01943    0.06770      2
   0.20143    0.08956    0.25517    0.03996      1
   0.20333    0.08635    0.24180    0.07997      1
  -0.20153    0.09106   -0.21454    0.09910      2
   0.05603    0.09215    0.04492    0.00267      1
   0.20227    0.09035    0.20551    0.23392      1
   0.04791    0.09584   -0.02319    0.06407      2
   0.05066    0.09569   -0.01143   -0.02538      2
   0.19885    0.09634   -0.30912   -0.03741      1
  -0.19711    0.10026   -0.16617    0.15478      2
   0.19720    0.09914    0.03250    0.01744      2
  -0.19531    0.10387   -0.06034    0.11652      4
   0.06469    0.10458    0.06934    0.16023      1
  -0.19418    0.10745   -0.03872    0.11989      1
  -0.19352    0.10822   -0.27431    0.25096      2
  -0.06128    0.10708   -0.11452    0.01244      1
   0.19310    0.10651    0.14431    0.01288      1
  -0.19129    0.11250   -0.11726    0.02643      2
  -0.04707    0.11398   -0.09328    0.36070      1
  -0.18858    0.11565   -0.15462    0.11669      3
  -0.12759    0.11595   -0.12807    0.08034      1
  -0.04554    0.11458   -0.01995    0.03285      2
  -0.00909    0.11789    0.00388    0.11693      1
   0.02328    0.11556   -0.01197    0.08010      1
   0.18847    0.11685    0.05721   -0.31797      1
  -0.18672    0.11953   -0.11707    0.08396      4
  -0.18593    0.12112   -0.11891    0.09768      1
   0.18537    0.12080    0.14172    0.10526      2
  -0.18346    0.12435    0.04674    0.00275      3
   0.18444    0.12212    0.15391   -0.00687      2
  -0.18101    0.12835    0.06811    0.24727      1
  -0.17785    0.13271   -0.06181   -0.05791      2
  -0.17514    0.13512    0.00134    0.04498      1
   0.16200    0.15155   -0.16457    0.27067      1
  -0.10985    0.19197   -0.10399    0.17584      1
  -0.08437    0.20430   -0.06349    0.09067      1
