   0.02543   -0.21846    0.01444   -0.20648      1
   0.02696   -0.21830    0.08192   -0.20276      1
   0.03789   -0.21843    0.05316   -0.17948      1
   0.00911   -0.21728   -0.36070   -0.09328      1
   0.03790   -0.21782    0.01414   -0.20740      7
   0.03934   -0.21755    0.03260   -0.21772     65
   0.05837   -0.21394    0.04122   -0.19732      1
  -0.07192   -0.20768   -0.07653   -0.19038      1
   0.07356   -0.20802    0.04925   -0.19774      2
   0.07558   -0.20731    0.04033   -0.15596      1
   0.07974   -0.20602    0.11812   -0.18189      1
  -0.08594   -0.20463   -0.07673   -0.16380      1
  -0.07682   -0.20578   -0.05066   -0.17552      1
  -0.09374   -0.20116   -0.10382   -0.20112      2
   0.09260   -0.19795    0.08757   -0.16182      2
   0.10979   -0.19241    0.10820   -0.19520      1
  -0.12059   -0.18554   -0.12431   -0.19290      1
   0.01351   -0.17882    0.05481   -0.16671      1
   0.12263   -0.18071    0.15669   -0.18806      1
   0.01256   -0.17787    0.01854   -0.13189      1
   0.02343   -0.17080    0.01421   -0.14238      1
   0.13978   -0.17236    0.11824   -0.16215      1
   0.05192   -0.16649    0.04272   -0.13467      1
   0.14429   -0.16733    0.14608   -0.15588      6
   0.14511   -0.16512    0.11951   -0.12727      1
   0.14793   -0.16240    0.15880   -0.15377      2
   0.15124   -0.16201    0.09594   -0.31979      1
  -0.06759   -0.15860   -0.03766   -0.08960      1
   0.15186   -0.15930    0.13506   -0.12033      1
   0.15523   -0.15863    0.17510   -0.14693      1
  -0.15959   -0.15401   -0.16772   -0.15531      1
   0.15889   -0.15495    0.20852   -0.15543      1
  -0.16120   -0.15233   -0.17317   -0.15868      1
   0.16949   -0.14328    0.19187   -0.10679      1
   0.04032   -0.13923    0.13893   -0.09336      1
   0.10524   -0.13992    0.10872   -0.14117      1
   0.10677   -0.13850    0.14365   -0.06456      1
   0.04764   -0.13545    0.05777   -0.04813      2
   0.05129   -0.13224    0.07109   -0.16829      1
  -0.18199   -0.12677   -0.19148   -0.12152      1
   0.06379   -0.12667    0.26807   -0.06684      1
  -0.00683   -0.12254    0.02713   -0.11658      1
  -0.00120   -0.12272   -0.02472   -0.11435      1
   0.00451   -0.12252    0.01437   -0.11701      1
   0.01421   -0.12209    0.02728   -0.12945      1
   0.00558   -0.11825    0.02813   -0.10426      1
   0.01507   -0.12176    0.02727   -0.12300      3
   0.02146   -0.12145    0.02531   -0.11766    102
   0.02246   -0.12128    0.02712   -0.11658     72
   0.03253   -0.11925    0.03830   -0.12003      1
   0.18710   -0.11901    0.19586   -0.12964      1
  -0.04736   -0.11425   -0.05422   -0.11816      2
  -0.04280   -0.11510   -0.03891   -0.06898      2
  -0.03991   -0.11599   -0.05095   -0.09623      3
  -0.02623   -0.11469   -0.09389   -0.13310      1
  -0.02455   -0.11450    0.00651   -0.05994      1
  -0.01903   -0.11605    0.05326   -0.11318      1
  -0.01610   -0.11640   -0.00803   -0.10679      3
  -0.01191   -0.11502   -0.01941   -0.08834      5
  -0.00707   -0.11686    0.00211   -0.09549      4
  -0.00218   -0.11529    0.00255   -0.09976      4
  -0.00175   -0.11529    0.01471   -0.07093      2
   0.02166   -0.11508    0.04035   -0.10404      1
   0.02396   -0.11466    0.04072   -0.09853      2
   0.03660   -0.11759    0.02847   -0.09527      4
   0.04071   -0.11625    0.04025   -0.11128     19
   0.04242   -0.11550    0.04422   -0.09158      6
   0.08697   -0.11449    0.18838    0.04004      1
   0.18603   -0.11508    0.16091   -0.14136      1
  -0.05473   -0.11059   -0.05039   -0.11645      1
  -0.05223   -0.11209   -0.05663   -0.11999      2
  -0.01259   -0.11333    0.06877   -0.05213      2
  -0.00665   -0.11323    0.00407   -0.06637      3
  -0.00029   -0.11282    0.01430   -0.07789      3
   0.00922   -0.11044    0.02718   -0.10359      1
   0.01270   -0.11194   -0.00975   -0.11438      2
   0.01565   -0.11379    0.11714   -0.10255      1
   0.01870   -0.11066    0.01242   -0.10411      9
   0.02557   -0.11095   -0.06171   -0.06301      1
   0.04534   -0.11389    0.04928   -0.09342      4
   0.05482   -0.11008    0.07457   -0.09883      2
  -0.01382   -0.10925    0.10944    0.05480      1
   0.01564   -0.10914    0.00864   -0.10387      2
   0.02123   -0.10951    0.01466   -0.10699      1
   0.02402   -0.10905    0.02273   -0.10931      4
   0.03758   -0.10649    0.03682   -0.10386      2
   0.03866   -0.10750    0.05899   -0.12042      1
   0.04904   -0.10617    0.05591   -0.09762      7
   0.05776   -0.10937    0.06645   -0.12875      1
   0.06081   -0.10713    0.06779   -0.11804      4
   0.09906   -0.10875    0.14379   -0.12811      1
  -0.06725   -0.10348   -0.07649   -0.11557      1
  -0.06584   -0.10438   -0.06348   -0.10359      1
   0.04956   -0.10592    0.04608   -0.10064      5
   0.05661   -0.10230    0.15721   -0.05199      1
   0.06429   -0.10547    0.05789   -0.09898      2
   0.09796   -0.10247    0.09581   -0.07759      1
   0.19680   -0.10223    0.20588   -0.10533      2
   0.00079   -0.09829   -0.00909   -0.10158      6
   0.00454   -0.09885    0.02358   -0.09254      2
   0.00680   -0.09817   -0.01157   -0.09197      5
   0.05770   -0.09831    0.05329   -0.10415      1
   0.10046   -0.10020    0.03047   -0.24239      2
   0.19748   -0.10093    0.19644   -0.10880      8
   0.19808   -0.09971    0.21824   -0.08685      1
  -0.00609   -0.09625   -0.06087   -0.11644      1
  -0.00318   -0.09632    0.00254   -0.08970      3
   0.00053   -0.09694   -0.00910   -0.09376     10
   0.00451   -0.09661    0.00396   -0.09347     31
   0.00698   -0.09711    0.01120   -0.09194     22
   0.01211   -0.09645    0.02699   -0.07970      7
   0.01531   -0.09526   -0.00408   -0.09350      1
   0.02163   -0.09552    0.01990   -0.09053      1
   0.02369   -0.09502    0.02111   -0.09116     42
   0.02650   -0.09418    0.02799   -0.09069     11
   0.06184   -0.09633    0.06029   -0.07580      2
   0.06299   -0.09581    0.06354   -0.08779     33
   0.07789   -0.09605    0.07842   -0.09279      1
   0.08006   -0.09414    0.09619   -0.10101      1
   0.14279   -0.09663    0.13507   -0.09886      1
  -0.07075   -0.09049   -0.06048   -0.08612      2
   0.02147   -0.09283    0.02796   -0.08460      8
   0.02418   -0.09227    0.02818   -0.08862    131
   0.02818   -0.09161    0.04115   -0.08681     83
   0.03068   -0.09063    0.03163   -0.09095     40
   0.03483   -0.09038    0.04920   -0.07274      6
   0.06529   -0.09384   -0.01322   -0.36063      1
   0.06742   -0.09103    0.09208   -0.08425      2
   0.07144   -0.09343    0.08071   -0.08716      1
   0.08088   -0.09303    0.07876   -0.08847      8
   0.08300   -0.09079    0.08746   -0.08367      4
   0.20161   -0.09282    0.22624   -0.12727      3
   0.20237   -0.09110    0.20853   -0.09827      4
  -0.06671   -0.08729    0.00000   -0.35997      1
   0.03281   -0.08960    0.03568   -0.08779     16
   0.03542   -0.08839    0.03453   -0.09145     24
   0.04012   -0.08662    0.04344   -0.07289      4
   0.04365   -0.08745    0.05376   -0.11530      2
   0.04881   -0.08610    0.13070   -0.06459      1
   0.07578   -0.08608    0.09478   -0.08838      1
   0.08484   -0.08900    0.07605   -0.09358      1
   0.08752   -0.08737    0.09347   -0.08313      2
   0.20131   -0.08707    0.27394   -0.08585      1
   0.20415   -0.08653    0.20899   -0.11300      1
  -0.20569   -0.08206   -0.19984   -0.10138      1
  -0.08939   -0.08537   -0.08128   -0.08031      2
  -0.04959   -0.08516   -0.13775   -0.15570      1
  -0.00233   -0.08224   -0.00396   -0.07819      1
   0.00139   -0.08216    0.00000   -0.10349      1
   0.04128   -0.08498    0.06568   -0.09086      2
   0.04281   -0.08586    0.03655   -0.07233      6
   0.04739   -0.08298    0.06707   -0.08760     12
   0.05042   -0.08238    0.09181   -0.07251      1
   0.07180   -0.08545    0.05980    0.09315      1
   0.09067   -0.08288    0.07072   -0.08280      1
   0.20197   -0.08561    0.18291   -0.08685      1
  -0.05516   -0.08029   -0.06370   -0.07811      1
  -0.02524   -0.07815    0.01420   -0.09069      1
  -0.01868   -0.08003    0.00670   -0.06706      3
  -0.01528   -0.07994   -0.01207   -0.07371      1
  -0.00980   -0.08138    0.00140   -0.08008      1
  -0.00476   -0.08043   -0.00768   -0.12936      1
   0.00141   -0.08173    0.00266   -0.08107     26
   0.00445   -0.08170    0.00531   -0.07992      3
   0.01394   -0.07988    0.01724   -0.05307      1
   0.01732   -0.08036    0.05477   -0.08029      1
   0.02164   -0.07907    0.02789   -0.08522     18
   0.02321   -0.07854    0.03098   -0.08830     71
   0.05247   -0.08086    0.06603   -0.07778      6
   0.09456   -0.07973    0.10220   -0.08653      2
   0.11357   -0.08185    0.10779   -0.07976      1
   0.11502   -0.08133    0.23484   -0.03235      2
  -0.03155   -0.07558   -0.05042   -0.06453      1
  -0.02934   -0.07651   -0.05058   -0.10176      2
   0.02527   -0.07753    0.03756   -0.07997     74
   0.02770   -0.07651    0.03989   -0.07989    135
   0.03181   -0.07478    0.04417   -0.07442     78
   0.03432   -0.07426    0.04744   -0.07571      2
   0.05765   -0.07686    0.02964   -0.07155      4
   0.05914   -0.07548    0.06222   -0.06662      6
   0.11806   -0.07776    0.17507   -0.12954      1
  -0.10143   -0.07065   -0.10313   -0.06075      1
  -0.03661   -0.07305   -0.03324   -0.08000      3
   0.03310   -0.07384    0.04133   -0.09271      7
   0.03623   -0.07311    0.04011   -0.07809     76
   0.03954   -0.07157    0.04395   -0.07623     22
   0.06175   -0.07253    0.06628   -0.08027      3
   0.06371   -0.07247    0.07365   -0.08785      5
   0.11503   -0.07396    0.10471   -0.07635      1
  -0.10208   -0.06846   -0.08949   -0.06360      1
  -0.04329   -0.06834   -0.04136   -0.06373     20
  -0.00568   -0.06648    0.03465    0.04929      2
   0.00301   -0.06645    0.01823    0.02999      1
   0.04137   -0.06944    0.02727   -0.05853      4
   0.04435   -0.06784    0.04690   -0.05347     23
   0.04672   -0.06692    0.03628   -0.08361      2
   0.06511   -0.06847    0.05471   -0.07814      3
   0.06961   -0.06896    0.07509   -0.07052      2
   0.07209   -0.06627    0.06868   -0.09248      1
   0.08154   -0.06932    0.10813    0.06810      1
   0.10429   -0.06634    0.11065   -0.05834      1
  -0.04736   -0.06296   -0.04172   -0.04625      4
  -0.04543   -0.06549   -0.04316   -0.07534      2
  -0.02639   -0.06239    0.00532    0.06909      1
  -0.01305   -0.06460    0.05611    0.06687      1
  -0.00171   -0.06532    0.00265    0.05813      2
   0.04141   -0.06529    0.04252   -0.05914      2
   0.04292   -0.06377    0.06949   -0.04792      2
   0.04947   -0.06432    0.04140   -0.05342      3
   0.05111   -0.06307    0.05012   -0.06548     12
   0.07171   -0.06236    0.07667   -0.07112      7
   0.08903   -0.06443    0.12060    0.02083      1
   0.10460   -0.06585    0.10490   -0.06478      1
  -0.05496   -0.05810   -0.11449   -0.07810      1
  -0.05228   -0.06115   -0.04082   -0.05978      2
  -0.04905   -0.06120   -0.05971   -0.07782      1
  -0.04493   -0.05855   -0.03860   -0.06585     30
  -0.03199   -0.06046   -0.00716    0.05250     10
  -0.02718   -0.05883   -0.00433    0.04883      2
  -0.02415   -0.05962   -0.00391    0.04453     15
  -0.02071   -0.05960    0.00561    0.04273     56
  -0.01640   -0.05946    0.00130    0.04287     35
  -0.01240   -0.05871    0.00545    0.05014     22
  -0.00662   -0.05807    0.00268    0.04253     11
  -0.00431   -0.05860    0.01412    0.03219     15
  -0.00061   -0.05815   -0.00128    0.05218      1
   0.00312   -0.05934    0.02787    0.03981      3
   0.01539   -0.05833   -0.00661   -0.07711      1
   0.02050   -0.06073    0.05455    0.04126      1
   0.02287   -0.05985    0.00653    0.04551      3
   0.03261   -0.05926    0.04028   -0.10020      1
   0.05265   -0.06082    0.05477   -0.06498     59
   0.05594   -0.05883    0.05615   -0.06485    300
   0.07218   -0.06156    0.07883   -0.07249      1
   0.07734   -0.05910    0.05989   -0.06254      2
   0.09170   -0.05887    0.04011    0.09050      1
   0.09590   -0.05943    0.07839   -0.06191      1
   0.10007   -0.06190    0.08148   -0.07492      1
   0.10918   -0.05808    0.10895   -0.05575      1
   0.21420   -0.05819    0.26794   -0.05063      1
  -0.07837   -0.05536   -0.07253   -0.05174      1
  -0.05933   -0.05593   -0.04809   -0.06405      1
  -0.05725   -0.05610   -0.03876   -0.04014      1
  -0.04655   -0.05694   -0.03759   -0.07377      1
  -0.04552   -0.05785   -0.03760   -0.07778      1
  -0.03619   -0.05530   -0.02226   -0.02354      1
  -0.03139   -0.05427   -0.00939    0.05451      5
  -0.02851   -0.05745   -0.01079    0.04318      7
  -0.02469   -0.05783   -0.02442    0.01353      2
  -0.01933   -0.05637   -0.00261    0.02670     21
  -0.01558   -0.05749    0.01716    0.03964      3
  -0.01068   -0.05786    0.01053    0.03981     34
  -0.00730   -0.05772    0.00449    0.03879     79
  -0.00340   -0.05755    0.00915    0.03914     69
   0.00060   -0.05693    0.00719    0.03964     79
   0.00377   -0.05654    0.00403    0.03879     77
   0.00850   -0.05553    0.00773    0.03883     62
   0.01100   -0.05524    0.01426    0.04015     40
   0.01551   -0.05446    0.01427    0.03874     34
   0.01853   -0.05585    0.02453    0.01839      2
   0.02936   -0.05617    0.03046   -0.04567      1
   0.03286   -0.05449    0.05508    0.01343      1
   0.03901   -0.05674    0.04009   -0.05981     19
   0.05742   -0.05726    0.05485   -0.06434    100
   0.05880   -0.05577    0.05919   -0.06450    106
   0.07853   -0.05525    0.09202   -0.05995      7
   0.08974   -0.05701    0.09202    0.03887      1
   0.09891   -0.05762    0.09240   -0.06256      1
   0.10969   -0.05698    0.11941   -0.06118      8
   0.11011   -0.05615    0.11967   -0.05216      9
   0.21481   -0.05519    0.26060   -0.05066      1
  -0.11135   -0.05259   -0.09963   -0.06470      1
  -0.06016   -0.05276   -0.06355   -0.10249      1
  -0.04252   -0.05145   -0.00474    0.07060      2
  -0.03859   -0.05325   -0.00520    0.08263      1
  -0.03628   -0.05085   -0.00954    0.02670      3
  -0.03028   -0.05044   -0.02525   -0.03969      5
  -0.02800   -0.05074   -0.02144   -0.04649     15
  -0.02566   -0.05002   -0.02307   -0.04882      1
   0.00344   -0.05293    0.00391   -0.05205      1
   0.01278   -0.05243    0.01288   -0.06166      1
   0.01662   -0.05379    0.02664    0.02664     14
   0.02078   -0.05311    0.01478    0.03887      9
   0.02313   -0.05275    0.01916    0.03980     26
   0.02730   -0.05206    0.01446    0.04070      8
   0.03265   -0.05024    0.02751    0.02977     26
   0.03506   -0.05276    0.02919    0.04108      9
   0.04051   -0.05257    0.04031   -0.05091      3
   0.04240   -0.05053    0.04137   -0.03609      1
   0.06152   -0.05254    0.05998   -0.05216     19
   0.06311   -0.05086    0.06591   -0.05151     16
   0.07896   -0.05389    0.07885   -0.05042      3
   0.09022   -0.05030    0.16817    0.01857      1
   0.11274   -0.05079    0.12151   -0.06085     15
   0.13113   -0.05076    0.12774   -0.04077      1
  -0.11472   -0.04623   -0.13275   -0.06852      1
  -0.11364   -0.04881   -0.12850   -0.05192      1
  -0.04424   -0.04961   -0.05040    0.03310      1
  -0.03585   -0.04620   -0.01197    0.04017     12
  -0.03149   -0.04909   -0.02527   -0.03876      8
  -0.02642   -0.04777   -0.02392   -0.04537     46
  -0.02552   -0.04874   -0.02794   -0.05343      3
  -0.01664   -0.04850   -0.01164   -0.03879      1
   0.03288   -0.04991    0.02342    0.02923      8
   0.03583   -0.04722    0.02736    0.03981    141
   0.03820   -0.04723    0.01474    0.03057      5
   0.04505   -0.04802    0.04126   -0.05845     56
   0.04627   -0.04674    0.03674   -0.03743      6
   0.06068   -0.04627    0.06586   -0.05164      5
   0.06425   -0.04667    0.05670   -0.05056    105
   0.06638   -0.04671    0.06887   -0.04089      1
   0.08282   -0.04638    0.08123   -0.05343      3
   0.09863   -0.04963    0.08804   -0.04720      1
   0.11296   -0.04870    0.11393   -0.05407      7
  -0.11502   -0.04519   -0.12621   -0.06249      2
  -0.06299   -0.04558   -0.03738   -0.05070      1
  -0.05187   -0.04253   -0.05189   -0.03728      1
  -0.03857   -0.04231    0.04388    0.03868      1
  -0.03714   -0.04338   -0.00920    0.00254     13
  -0.03368   -0.04246   -0.02327    0.02978      3
  -0.02328   -0.04475   -0.00901   -0.03981      7
  -0.01908   -0.04259   -0.01170   -0.04651     15
   0.00925   -0.04268    0.01432   -0.03904      2
   0.02289   -0.04333    0.02956   -0.02054      1
   0.02684   -0.04291    0.01733   -0.05209      1
   0.03670   -0.04572    0.03111    0.04000     63
   0.03864   -0.04284    0.02810    0.03972     52
   0.04280   -0.04432    0.01650    0.03902      2
   0.04762   -0.04525    0.05461   -0.05581     16
   0.05014   -0.04290    0.06600   -0.05634      4
   0.05723   -0.04491    0.05338   -0.04559      1
   0.06162   -0.04526    0.06649   -0.05083      3
   0.06383   -0.04466    0.06624   -0.04015     80
   0.06658   -0.04388    0.06613   -0.05265     60
   0.08334   -0.04551    0.08003   -0.04677      1
  -0.05180   -0.04044   -0.03108    0.06031      2
  -0.04396   -0.03955    0.01464    0.01333      1
  -0.04156   -0.03899   -0.03760   -0.03610      5
  -0.03572   -0.03900   -0.00798    0.03305      4
  -0.01659   -0.03828   -0.00407   -0.05677      2
  -0.01162   -0.03825    0.02188    0.01325      2
   0.00111   -0.03997    0.01456    0.02287     44
   0.00279   -0.03988    0.01412    0.01755     32
   0.00858   -0.03905    0.02736    0.01317     33
   0.01228   -0.03805    0.04031    0.02599      3
   0.03758   -0.04144    0.04161    0.02683     32
   0.03950   -0.03998    0.03057    0.03883    195
   0.04343   -0.04018    0.02855    0.03057     31
   0.05154   -0.04047    0.06825   -0.04985     12
   0.06172   -0.03848    0.05475   -0.04008     89
   0.06304   -0.04067    0.05833   -0.04305     84
   0.06819   -0.04029    0.07155   -0.03893     12
   0.07103   -0.03887    0.07920   -0.04013     16
   0.08679   -0.04034    0.09451   -0.03992      1
   0.10084   -0.04011    0.08427    0.04275      1
  -0.21736   -0.03680   -0.19326   -0.06220      2
  -0.04623   -0.03522   -0.06352   -0.03756      3
  -0.04435   -0.03669   -0.03751   -0.03884      5
  -0.03924   -0.03566   -0.01215    0.01893      3
  -0.03674   -0.03766   -0.01726    0.02417      6
  -0.01870   -0.03533   -0.00411   -0.01895      6
  -0.01581   -0.03672   -0.00370   -0.02423     51
  -0.01281   -0.03787   -0.00535   -0.01337      1
   0.01328   -0.03771    0.02096    0.00522      3
   0.01627   -0.03652    0.02774    0.01572     21
   0.01840   -0.03550    0.02736    0.00915     13
   0.04153   -0.03676    0.02861    0.03981    100
   0.04297   -0.03529    0.02930    0.04137    124
   0.04777   -0.03484    0.02868   -0.03462     19
   0.05162   -0.03711    0.05451   -0.03986      9
   0.05588   -0.03501    0.04027   -0.04811      3
   0.06171   -0.03696    0.06903   -0.02608      1
   0.06246   -0.03666    0.06591   -0.03987    149
   0.06950   -0.03703    0.07760   -0.04351      6
   0.07172   -0.03568    0.07951   -0.03727     47
  -0.05532   -0.03071   -0.00694    0.02647      3
  -0.05027   -0.03078   -0.03788   -0.01063      4
  -0.04910   -0.03162   -0.02434   -0.01881      6
  -0.04303   -0.03185   -0.02318    0.03857      1
  -0.03937   -0.03241   -0.02439    0.03587     10
  -0.03713   -0.03098   -0.01180    0.02627      3
  -0.02480   -0.03136    0.00131   -0.01976      1
  -0.02127   -0.03385   -0.00623   -0.01947      2
   0.00508   -0.03175   -0.01189    0.01583      1
   0.00714   -0.03301    0.02712    0.02683      5
   0.02138   -0.03379    0.02950    0.00378      7
   0.02463   -0.03149    0.02863    0.01934      5
   0.02785   -0.03064    0.03115    0.01328     93
   0.03483   -0.03017    0.04133    0.01328     13
   0.03942   -0.03017    0.03041    0.01693     88
   0.04390   -0.03104    0.04136    0.04183    342
   0.04673   -0.03068    0.03341    0.04265     73
   0.05281   -0.03055    0.04136    0.04008      3
   0.05654   -0.03373    0.04307   -0.03824      1
   0.06045   -0.03068    0.01013    0.04569      1
   0.06467   -0.03296    0.06782   -0.03882     19
   0.06762   -0.03225    0.08330   -0.02660      7
   0.07288   -0.03242    0.07466   -0.02638     24
   0.07415   -0.03194    0.03970   -0.06876      2
   0.11954   -0.03159    0.14778   -0.03758      2
   0.21960   -0.03145    0.18310   -0.03892      1
  -0.07323   -0.02816   -0.05485   -0.05529      2
  -0.05158   -0.02818   -0.05581   -0.01985      6
  -0.03867   -0.02687   -0.01161    0.01522      4
   0.00187   -0.02663    0.01464    0.01333      3
   0.00371   -0.02644    0.01528    0.01317      3
   0.02838   -0.02974    0.03773    0.01378     32
   0.03240   -0.02910    0.03054    0.01745     69
   0.03657   -0.02899    0.03326    0.01712     90
   0.03951   -0.02830    0.03373    0.01958    231
   0.04356   -0.02908    0.03993    0.02682    240
   0.04738   -0.02902    0.04008    0.04009     91
   0.05071   -0.02702    0.03105    0.03805      6
   0.05432   -0.02957    0.03194    0.04900      1
   0.06542   -0.02676    0.07667   -0.02740      4
   0.06888   -0.02815    0.05480   -0.02602     12
   0.07357   -0.02842    0.07188   -0.02599     25
   0.07413   -0.02683    0.07166   -0.02770      7
  -0.22003   -0.02581   -0.19326   -0.03373      1
  -0.07533   -0.02257   -0.04523   -0.01262      2
  -0.07310   -0.02225   -0.06107   -0.03981      1
  -0.05452   -0.02281   -0.06516   -0.01940      3
  -0.03819   -0.02469   -0.01197    0.01304      3
  -0.03658   -0.02330   -0.02745    0.02077      2
  -0.03130   -0.02488   -0.03498   -0.03207      3
   0.00311   -0.02497    0.02762    0.01317      1
   0.03128   -0.02490    0.04047   -0.00259     15
   0.04152   -0.02420    0.05106   -0.02651      2
   0.04482   -0.02574    0.03861    0.02591     20
   0.04729   -0.02556    0.04219    0.02810     86
   0.05217   -0.02250    0.04075    0.02846      6
   0.06573   -0.02269    0.06803   -0.02462      6
   0.06642   -0.02274    0.05611   -0.03367      5
   0.07228   -0.02425    0.06800   -0.02581     13
   0.07763   -0.02202    0.08308   -0.03458      1
   0.12105   -0.02533    0.09448   -0.09515      1
  -0.12138   -0.02055   -0.11324   -0.02730      2
  -0.07737   -0.01830   -0.05591   -0.03131      6
  -0.07162   -0.01892   -0.02460   -0.02625      4
  -0.05871   -0.01819   -0.02586   -0.00738      2
  -0.05534   -0.01920   -0.05062    0.01421      3
  -0.05388   -0.02145   -0.04534   -0.02586      1
  -0.04762   -0.02021   -0.03869    0.01357      5
  -0.03879   -0.02054   -0.02686    0.01338     15
  -0.03544   -0.01868   -0.01046   -0.00524      3
   0.03369   -0.02153    0.03306   -0.00392     16
   0.03669   -0.01898    0.04033    0.00779    352
   0.04564   -0.01846    0.03845    0.01905     41
   0.04708   -0.02020    0.04136    0.02669     71
   0.05160   -0.02099    0.05455    0.02592      4
   0.05503   -0.01840    0.04417    0.02683      3
   0.06553   -0.02095    0.04165   -0.04964      1
   0.06672   -0.02004    0.06112   -0.02496      8
   0.07138   -0.02172    0.07825   -0.02273     51
  -0.12268   -0.01439   -0.09706   -0.01416      1
  -0.07818   -0.01671   -0.08220   -0.01813      6
  -0.07793   -0.01721   -0.07674   -0.01956      5
  -0.07008   -0.01627   -0.06099   -0.06495      1
  -0.06817   -0.01547   -0.04734   -0.02390     10
  -0.06397   -0.01502   -0.04933   -0.01298     13
  -0.05981   -0.01716   -0.03852   -0.02657      3
  -0.05076   -0.01622   -0.03744    0.01289      1
  -0.04980   -0.01765   -0.02461    0.06478      1
  -0.04324   -0.01726   -0.03460    0.02796      2
  -0.04078   -0.01679   -0.04779   -0.01289      5
  -0.03680   -0.01563   -0.01207   -0.02482     15
   0.00080   -0.01503   -0.00410   -0.00596      4
   0.00358   -0.01642    0.02762    0.01317      1
   0.00867   -0.01495    0.02610    0.00000      1
   0.03753   -0.01727    0.04148    0.00000     43
   0.03917   -0.01566    0.04157    0.01307     25
   0.04517   -0.01620    0.08204    0.01327      3
   0.04732   -0.01591    0.04137    0.01561     45
   0.05598   -0.01485    0.04867    0.02628      4
   0.05854   -0.01598    0.06619   -0.02594      1
   0.06811   -0.01710    0.06782   -0.03728      5
   0.07899   -0.01783    0.08343   -0.01308      3
   0.12238   -0.01753    0.11765   -0.03374      1
   0.22125   -0.01621    0.23123   -0.03175      2
  -0.08018   -0.01193   -0.09880   -0.00260      3
  -0.05496   -0.01104   -0.03783    0.03177      5
  -0.04318   -0.01193   -0.02970    0.00979     32
  -0.03826   -0.01160   -0.01179   -0.02594     19
  -0.03764   -0.01348   -0.00796   -0.02375     24
   0.01059   -0.01180    0.05476    0.01467      1
   0.03360   -0.01023    0.08428   -0.02274      1
   0.03759   -0.01345    0.04243    0.00399      4
   0.03848   -0.01175    0.03408    0.01309     10
   0.04452   -0.01192    0.04031    0.01295    105
   0.04820   -0.01136    0.04506    0.01317    185
   0.06933   -0.01371    0.06638   -0.02187      5
   0.07186   -0.01081    0.08149   -0.00798     62
   0.07583   -0.01297    0.08018   -0.00197      4
   0.12296   -0.01329    0.14526   -0.02041      1
   0.17194   -0.01256    0.17028    0.01550      1
   0.22163   -0.01038    0.25764   -0.03893      2
  -0.22168   -0.00948   -0.18051   -0.01167      1
  -0.10554   -0.00814    0.06791   -0.02391      1
  -0.08106   -0.00729   -0.05788   -0.02306      2
  -0.05277   -0.00685   -0.04966   -0.04021      1
  -0.04659   -0.00639   -0.03226   -0.01083      3
  -0.04434   -0.00845   -0.03795   -0.00707     22
  -0.03904   -0.00895   -0.02359   -0.01327     13
  -0.01346   -0.00713   -0.05132    0.03333      1
   0.01195   -0.00767    0.10139    0.04409      8
   0.01425   -0.00724    0.07992   -0.00531      5
   0.03924   -0.00764    0.03074    0.00261     25
   0.04568   -0.00687    0.06480   -0.00777      7
   0.04732   -0.00763    0.04393   -0.01822     24
   0.05062   -0.00882    0.04266   -0.02191      2
   0.06963   -0.00838    0.09347   -0.01178      4
   0.07240   -0.00762    0.08535   -0.00970    594
   0.07421   -0.00768    0.09130   -0.00192     14
   0.12331   -0.00903    0.12609   -0.01299      2
   0.22168   -0.00704    0.18592   -0.01305      7
  -0.12354   -0.00528   -0.12324   -0.01535      1
  -0.10630   -0.00481   -0.02066    0.00130      1
  -0.08126   -0.00503   -0.07457   -0.00119      2
  -0.07031   -0.00217   -0.05056    0.01298      1
  -0.05648   -0.00346   -0.03831   -0.00646     12
  -0.05250   -0.00475   -0.02952   -0.00807     16
  -0.04754   -0.00480   -0.03353    0.00670      3
  -0.04458   -0.00522   -0.03932   -0.00134     12
  -0.03993   -0.00270   -0.02437   -0.01174     39
   0.00828   -0.00301    0.04534   -0.00256      2
   0.01389   -0.00319    0.06787    0.02660      1
   0.01459   -0.00376    0.06800    0.01288      5
   0.03609   -0.00353    0.18461   -0.03165      2
   0.04026   -0.00332    0.03342   -0.00259     45
   0.04587   -0.00229    0.05295   -0.00398      5
   0.04825   -0.00319    0.05325   -0.01335     95
   0.05058   -0.00248    0.05311   -0.01027     51
   0.05645   -0.00485    0.05338    0.02604      1
   0.06084   -0.00548    0.04126   -0.00930      3
   0.06574   -0.00248    0.06661   -0.01249     24
   0.06919   -0.00425    0.06899   -0.01065     37
   0.07282   -0.00407    0.08289   -0.00931    281
   0.07454   -0.00490    0.08093   -0.01149     26
   0.12354   -0.00376    0.13070   -0.00138     26
   0.22164   -0.00325    0.23346   -0.01329     20
  -0.22182    0.00041   -0.19848    0.00052      2
  -0.12362    0.00023   -0.11968   -0.01039      2
  -0.08181    0.00098   -0.06478   -0.00124      1
  -0.05679   -0.00033   -0.06231    0.00264      5
  -0.05048    0.00193   -0.02246    0.00133      1
  -0.04441    0.00147   -0.02547   -0.00805     25
  -0.04136   -0.00123   -0.02291   -0.00809     26
   0.00449    0.00140    0.02762    0.01317      1
   0.00985    0.00042    0.02952   -0.01124      6
   0.01499    0.00009    0.08073   -0.07993      7
   0.04152   -0.00091    0.02967   -0.01157     73
   0.04405    0.00075    0.03038   -0.01059     95
   0.04763   -0.00148    0.05295   -0.00533     30
   0.05104   -0.00119    0.04668   -0.00745    148
   0.05468    0.00069    0.06707   -0.01294      5
   0.06057    0.00004    0.05432   -0.00792      3
   0.06358    0.00046    0.06978   -0.00840     38
   0.06869    0.00151    0.06826   -0.01200     22
   0.07224   -0.00013    0.08137   -0.01027    115
   0.07440   -0.00003    0.08892   -0.00712     10
   0.12357   -0.00127    0.12165   -0.00480     21
   0.22174   -0.00004    0.20060    0.00076      2
  -0.08135    0.00503   -0.05741   -0.01035     10
  -0.05574    0.00347   -0.05069   -0.02539      3
  -0.04679    0.00353   -0.03643   -0.00662     49
  -0.04475    0.00286   -0.02606    0.00270     11
  -0.03978    0.00389   -0.01741   -0.02997      4
  -0.01376    0.00586   -0.06430   -0.05357      1
   0.00954    0.00325   -0.03138   -0.01784      2
   0.01345    0.00500    0.11446   -0.02800      2
   0.01559    0.00519    0.07151    0.01823      3
   0.03967    0.00496    0.02485   -0.02078      3
   0.04453    0.00281    0.03851   -0.01058     31
   0.04870    0.00520    0.04675   -0.00047      4
   0.05310    0.00343    0.04316    0.00000      8
   0.05655    0.00460    0.04670   -0.00384     19
   0.05972    0.00479    0.05538   -0.00062     18
   0.06362    0.00330    0.06776   -0.00771     17
   0.06815    0.00330    0.06793   -0.00325     22
   0.07251    0.00476    0.06924   -0.00771     41
   0.07416    0.00251    0.09480   -0.01063      1
   0.12347    0.00267    0.11844   -0.00250     33
   0.22144    0.00433    0.22778   -0.00200     28
  -0.14203    0.00871    0.02809   -0.10707      1
  -0.08059    0.00847   -0.07690   -0.00645      4
  -0.05431    0.00831   -0.05264   -0.00064      2
  -0.05242    0.00825   -0.02700   -0.00408     15
  -0.04399    0.00709   -0.04448   -0.02439      4
  -0.01385    0.00608   -0.02643   -0.35990      1
   0.03936    0.00826    0.02787    0.00907     14
   0.04533    0.00769    0.03874   -0.01182     36
   0.04635    0.00945    0.04013   -0.00093     13
   0.05145    0.00813    0.04161    0.02681      1
   0.05748    0.00690    0.05181   -0.01311     17
   0.05836    0.00795    0.05721   -0.00391     29
   0.06558    0.00652    0.06727    0.00002     14
   0.06847    0.00635    0.06718    0.00403      9
   0.07241    0.00643    0.07108   -0.00928    171
   0.08164    0.00974    0.13074    0.01305      1
   0.12324    0.00819    0.12328    0.00000     26
   0.22160    0.00863    0.22198    0.00000      7
  -0.08006    0.01258   -0.06148    0.00269     99
  -0.05327    0.01099   -0.04334   -0.01367      6
  -0.04841    0.01058   -0.02707   -0.00675      1
  -0.04331    0.01248   -0.02606    0.00262     19
  -0.03841    0.01110    0.00404   -0.02853      6
  -0.03789    0.01275   -0.04030   -0.00402      1
  -0.01289    0.01132    0.01474   -0.02681      1
  -0.00884    0.01084    0.00522   -0.15740      1
   0.00550    0.01390    0.00125    0.01362     14
   0.00865    0.01339    0.01350    0.01317      5
   0.01118    0.01058    0.07913    0.02725      3
   0.03782    0.01303    0.03994   -0.00134     37
   0.03843    0.01184    0.04041   -0.00134     33
   0.04539    0.01174    0.06574   -0.02368     22
   0.04704    0.01291    0.05167   -0.01317    114
   0.05380    0.01119    0.06579    0.00526      7
   0.05480    0.01203    0.05488    0.00326     36
   0.06008    0.01218    0.06479    0.01158     22
   0.06307    0.01159    0.07279    0.01996     13
   0.06744    0.01169    0.07904    0.01294      7
   0.07103    0.01092    0.07907   -0.00255     34
   0.08080    0.01168    0.08037    0.01316      2
   0.22110    0.01290    0.23452   -0.00274      7
  -0.07967    0.01707   -0.06855    0.02046     10
  -0.05628    0.01547   -0.10564   -0.04814      1
  -0.05262    0.01732   -0.03777    0.00128      3
  -0.04259    0.01453   -0.02578    0.01343     21
  -0.04153    0.01636   -0.02479    0.00262     22
  -0.03703    0.01509    0.03199   -0.00121      3
   0.00506    0.01465    0.00668    0.01272     61
   0.03796    0.01637    0.04111    0.01272    266
   0.03818    0.01622    0.04027    0.01281    166
   0.04303    0.01727    0.04795    0.00522     72
   0.04849    0.01491    0.04242   -0.01004    132
   0.05054    0.01641    0.04857   -0.01298     10
   0.05681    0.01659    0.05483   -0.00130    124
   0.06027    0.01501    0.06006    0.00536      5
   0.06365    0.01580    0.06287    0.01972      4
   0.06753    0.01736    0.07575    0.01340      6
   0.07051    0.01544    0.07822    0.00599      8
   0.22101    0.01499    0.22221   -0.00161     16
  -0.12204    0.01850   -0.10268    0.01297      1
  -0.07948    0.01963   -0.06332    0.00392     56
  -0.05221    0.01910   -0.03925   -0.00524      3
  -0.04826    0.02139   -0.03226   -0.00524      9
  -0.04208    0.01808   -0.02198    0.01972      2
  -0.03991    0.01952   -0.02155    0.00899     10
   0.01466    0.02156    0.00073    0.00669      4
   0.03387    0.02124    0.05220    0.00000      5
   0.03455    0.02011    0.03989    0.02145      8
   0.04473    0.02073    0.04161    0.01292    101
   0.04927    0.01842    0.05167   -0.01323     22
   0.05206    0.01957    0.04378   -0.01285     21
   0.05752    0.01881    0.05508    0.01343     16
   0.05851    0.02112    0.04589    0.00392     26
   0.06570    0.02177    0.03214    0.01411      1
   0.06815    0.01974    0.06800    0.00537      7
   0.07032    0.02119    0.08083    0.02082      2
  -0.09089    0.02527   -0.07372    0.01675      1
  -0.05912    0.02373   -0.06250    0.01328      1
  -0.05790    0.02202   -0.03361   -0.01290      1
  -0.05128    0.02420   -0.04275   -0.00520      4
  -0.04839    0.02284    0.00132   -0.06298      1
  -0.03847    0.02330   -0.03744    0.00519      1
  -0.03697    0.02360   -0.01827    0.01508      4
  -0.03071    0.02560   -0.00932   -0.02331     31
   0.00562    0.02487    0.01456    0.00000      3
   0.00767    0.02541    0.01374    0.01391     14
   0.01567    0.02257    0.02929    0.01852      9
   0.03209    0.02432    0.02967    0.00261     25
   0.04172    0.02518    0.04058    0.01331      4
   0.04341    0.02399    0.04564    0.01346     63
   0.05327    0.02339    0.04735   -0.00519     44
   0.05468    0.02274    0.06834    0.01305      9
   0.05910    0.02362    0.06303    0.01316     36
   0.06517    0.02414    0.05312    0.02607      3
   0.10334    0.02240    0.13504   -0.09108      1
   0.12094    0.02472    0.11834    0.01955      7
  -0.09126    0.02815   -0.07450    0.03427      2
  -0.05035    0.02825   -0.04683   -0.00940      5
  -0.04936    0.02745   -0.02213   -0.00131     10
  -0.03577    0.02927   -0.01791    0.01286      8
  -0.03021    0.02619    0.00259   -0.02597     19
  -0.02947    0.02702   -0.00654   -0.02669     59
   0.00556    0.02789    0.00654    0.03905      1
   0.00796    0.02631    0.00536    0.01330      4
   0.01607    0.02844    0.03180    0.02650      3
   0.01953    0.02755    0.01846    0.01333     21
   0.02905    0.02925    0.02988    0.01334    173
   0.03084    0.02925    0.03330    0.01343     56
   0.03746    0.02998    0.05428   -0.01293      1
   0.04110    0.02867    0.04058    0.01839     49
   0.04259    0.02717    0.03902    0.01637     11
   0.05306    0.02876    0.05493    0.00068     16
   0.05511    0.02819    0.05974    0.01324      9
   0.05967    0.02746    0.06785    0.01799      6
   0.06449    0.02696    0.05901    0.04008      5
   0.06855    0.02733    0.07900    0.01334     36
   0.07394    0.02677    0.09228    0.01561      1
   0.09267    0.02645    0.09495    0.04550      1
   0.12003    0.02863    0.10634    0.01865     15
   0.16992    0.02916    0.15413    0.02361      2
   0.17023    0.02727    0.14924    0.03363      1
  -0.21882    0.03317   -0.19347    0.00270      1
  -0.11958    0.03122   -0.10856    0.00854      1
  -0.09150    0.03341   -0.07375    0.01302      5
  -0.04640    0.03120   -0.04683    0.01603      1
  -0.04223    0.03157   -0.07677    0.08467      1
  -0.03523    0.03082   -0.02524    0.01621      7
  -0.03195    0.03129   -0.03399    0.01436      1
  -0.02641    0.03002   -0.00855   -0.00010      2
  -0.02188    0.03346   -0.02348    0.02608      1
   0.00967    0.03374    0.12288   -0.08011      1
   0.01532    0.03336    0.13669   -0.01637      2
   0.02156    0.03367    0.01608   -0.00460     18
   0.02277    0.03286    0.01999    0.01272    203
   0.02639    0.03012    0.02762    0.01526     11
   0.03266    0.03226    0.03450    0.01332     82
   0.03484    0.03362    0.03614    0.01420    122
   0.04068    0.03105    0.04161    0.02682     32
   0.04812    0.03343    0.04576    0.01347      1
   0.05222    0.03164    0.06479   -0.00258     14
   0.05529    0.03149    0.07913    0.00843      6
   0.05988    0.03296    0.06820    0.02670      7
   0.06309    0.03081    0.06891    0.04184      5
   0.06790    0.03155    0.06656    0.02599     11
   0.07004    0.03152    0.09192    0.06484      1
   0.08922    0.03387    0.10017    0.03234      2
   0.10724    0.03152   -0.00408    0.09350      1
   0.11951    0.03098    0.11039    0.01809     21
  -0.11822    0.03596   -0.10643    0.03644      1
  -0.09122    0.03412   -0.06384    0.03128      1
  -0.04102    0.03615   -0.06369   -0.03903      1
  -0.03413    0.03440   -0.05091    0.05217      1
  -0.03350    0.03628   -0.03131    0.00339      4
   0.01319    0.03774    0.01474    0.01886    511
   0.01497    0.03707    0.01464    0.01598    655
   0.01926    0.03503    0.01481    0.01472     28
   0.03367    0.03629    0.03306    0.01526     79
   0.03536    0.03608    0.03334    0.01841    161
   0.03826    0.03765    0.04207    0.02623     14
   0.05113    0.03677    0.08128    0.01295      9
   0.05462    0.03656    0.05592   -0.00537      4
   0.05962    0.03615    0.06592    0.04009     12
   0.06286    0.03614    0.09926    0.00036      2
   0.08900    0.03442    0.09320    0.03160     10
   0.11790    0.03729    0.10508    0.02855      3
   0.11846    0.03545    0.11035    0.04217      3
  -0.11701    0.03979   -0.11232    0.03819      3
  -0.06649    0.04174   -0.03484   -0.07112      1
  -0.03527    0.03888   -0.03829    0.01318      1
  -0.03182    0.03946   -0.02010    0.03962      4
  -0.02123    0.04005   -0.00137    0.02696      1
  -0.01702    0.03816   -0.02464   -0.03765      3
  -0.00749    0.03927    0.09211    0.07784      1
   0.00533    0.03962    0.02047    0.01535      6
   0.00839    0.03909    0.01361    0.01400     94
   0.01174    0.03822    0.01447    0.01986    405
   0.03355    0.04074    0.04280    0.03607     54
   0.03481    0.03973    0.04009    0.03629    171
   0.03803    0.03803    0.04063    0.01300      5
   0.04368    0.03801    0.05807    0.02631      4
   0.04892    0.04032    0.06747   -0.00769     24
   0.05066    0.03972    0.07325    0.01294      9
   0.05454    0.04163    0.06696    0.04141      2
   0.05908    0.03916    0.07918    0.03965     14
   0.10131    0.04199    0.17858   -0.01343      1
   0.11717    0.03919    0.12249    0.03888     16
   0.21792    0.04145    0.23439    0.03880      1
  -0.11602    0.04248   -0.11732    0.04835      1
  -0.06314    0.04555   -0.02647   -0.00529      1
  -0.03883    0.04490   -0.03012   -0.01091      8
  -0.03043    0.04383   -0.01601    0.02909      4
  -0.02791    0.04453   -0.01070    0.04011      3
  -0.01830    0.04484   -0.02021   -0.06837      2
  -0.01669    0.04353   -0.02356   -0.01908     10
   0.01297    0.04495   -0.00533   -0.01313      3
   0.01588    0.04227    0.06893   -0.03900      1
   0.01983    0.04481    0.02779   -0.05215      2
   0.03317    0.04431    0.04126    0.04466     38
   0.03485    0.04338    0.03830    0.04513    106
   0.03813    0.04407    0.02736    0.03185      3
   0.04897    0.04405    0.06660    0.00400     13
   0.05236    0.04344    0.06243    0.01677      4
   0.05522    0.04344    0.06591    0.02670      5
   0.10143    0.04467    0.11109    0.05347      1
   0.11569    0.04286    0.07913    0.03894      1
   0.21699    0.04371    0.17472    0.04682      1
  -0.11358    0.04875   -0.11514    0.03875      1
  -0.04040    0.04662   -0.07631    0.01291      1
  -0.03684    0.04661   -0.05642   -0.01544      1
  -0.03149    0.04945   -0.03751   -0.02525      3
  -0.02882    0.04898   -0.02478   -0.02569      7
  -0.02571    0.04751   -0.05071    0.04034      1
  -0.01849    0.04994    0.00000   -0.02250      1
   0.01431    0.04859    0.07910   -0.03244      1
   0.02583    0.04975    0.03409    0.02538     17
   0.02751    0.04900    0.03334    0.03880    117
   0.03116    0.04673    0.02847    0.04006     64
   0.03437    0.04924    0.03712    0.04999      4
   0.04482    0.04822    0.07349   -0.01199     19
   0.04654    0.04804    0.06090    0.00977      8
   0.05063    0.04736    0.05961    0.02456      4
   0.11329    0.04950    0.13224    0.06138      1
   0.11419    0.04648    0.13137    0.05201      1
   0.21623    0.04813    0.21273    0.05181      5
  -0.11193    0.05241   -0.11377    0.03719      1
  -0.10440    0.05379   -0.09620    0.03999      4
  -0.09930    0.05333   -0.06119    0.02606     25
  -0.03885    0.05168   -0.04494   -0.01849      2
  -0.03242    0.05246   -0.00667    0.05358      1
  -0.02674    0.05097   -0.01508   -0.00572      2
  -0.02472    0.05182   -0.02437    0.00095      6
  -0.01828    0.05147   -0.01179   -0.03596      7
  -0.01721    0.05307   -0.01078   -0.05090      6
   0.02172    0.05371    0.02735    0.04551      3
   0.02431    0.05202    0.03151    0.03907     51
   0.02704    0.05051    0.02802    0.02684     34
   0.03057    0.05157    0.02991   -0.02276      4
   0.03419    0.05013    0.02787    0.03981      1
   0.04170    0.05298    0.06824   -0.01203      1
   0.04393    0.05209    0.06787   -0.00724     16
   0.04723    0.05286    0.07738   -0.00135      5
   0.05029    0.05226    0.05737    0.02602      1
   0.05537    0.05394    0.02877    0.03916      1
   0.11259    0.05006    0.09202    0.03887      1
   0.21484    0.05273    0.22190    0.03898      5
  -0.21454    0.05600   -0.17200    0.06671      1
  -0.10427    0.05407   -0.11888    0.03833      2
  -0.09935    0.05451   -0.06125    0.04008      5
  -0.03584    0.05786   -0.03765   -0.02076      3
  -0.03237    0.05443   -0.01764    0.04788      4
  -0.02250    0.05454    0.00257    0.04612      6
  -0.02039    0.05521   -0.02471   -0.05203      7
  -0.01709    0.05505   -0.00595   -0.05670      4
  -0.00619    0.05795   -0.00252    0.08005      1
  -0.00444    0.05770   -0.01254   -0.00125      1
   0.00073    0.05668   -0.00047    0.03962     12
   0.00325    0.05619    0.01379    0.03879     44
   0.00858    0.05560    0.02640    0.03868     25
   0.01100    0.05571    0.01431    0.03925     23
   0.01477    0.05599    0.01781    0.03916     17
   0.02043    0.05658    0.02712    0.03907     55
   0.02271    0.05432    0.02930    0.03989     25
   0.02812    0.05544    0.03231   -0.02588      5
   0.04054    0.05661    0.08086   -0.00458      4
   0.04262    0.05637    0.06903    0.00000     19
   0.04771    0.05469    0.07071    0.02849      5
   0.11030    0.05548    0.11473    0.05956      2
   0.21396    0.05625    0.20553    0.05353      5
   0.21437    0.05489    0.22190    0.04197      8
  -0.10413    0.06069   -0.03729    0.03297      2
  -0.10153    0.06076   -0.05208    0.05603      7
  -0.05448    0.05864   -0.02079    0.06516      1
  -0.03568    0.05822   -0.04363   -0.00131      2
  -0.03357    0.06083   -0.06135   -0.01975      4
  -0.01635    0.06054    0.01454    0.03226      3
  -0.01115    0.05864    0.01420    0.02707      9
  -0.00720    0.05894    0.00064    0.04025     40
  -0.00520    0.05838    0.00589    0.04157     23
   0.00716    0.06169    0.02798    0.02928      1
   0.01734    0.06100    0.04510    0.04705      3
   0.02300    0.06173    0.05528   -0.04004     10
   0.02684    0.05910    0.03891   -0.03883      5
   0.03148    0.06151    0.06413   -0.02360      2
   0.03543    0.06125    0.08151   -0.00857     38
   0.03981    0.05936    0.07312   -0.00380     28
   0.04272    0.05981    0.06707    0.02592      7
   0.05111    0.05840    0.04276    0.05338      1
   0.10701    0.06155    0.11520    0.06262      6
   0.21332    0.05864    0.19546    0.04548      1
  -0.21209    0.06452   -0.21122    0.05305      1
  -0.10512    0.06327   -0.06560    0.05334      9
  -0.03166    0.06295   -0.08411   -0.00899      1
  -0.01078    0.06321   -0.00413    0.04149     10
  -0.00948    0.06322    0.01434    0.05172     11
   0.00457    0.06539   -0.06357    0.02978      1
   0.02093    0.06235    0.05330   -0.05164     17
   0.02473    0.06274    0.04136   -0.04008      1
   0.02909    0.06304    0.06618   -0.03844      8
   0.03137    0.06546    0.08095   -0.01196     91
   0.03588    0.06315    0.07904   -0.01300     77
   0.03821    0.06491    0.06612    0.02848      1
   0.10657    0.06230    0.11784    0.05173      5
   0.21257    0.06361    0.24818    0.07777      1
  -0.21042    0.06963   -0.18541    0.08139      1
  -0.10232    0.06755   -0.11283    0.05189      1
   0.01382    0.06789    0.06051   -0.04635      2
   0.01418    0.06734    0.08043   -0.04535      2
   0.02032    0.06966    0.05733   -0.03986     35
   0.02394    0.06775    0.08264   -0.03992      5
   0.02935    0.06687    0.08664   -0.00931     96
   0.03028    0.06621    0.08502   -0.00867     61
   0.03527    0.06636    0.07904    0.01294      1
   0.21100    0.06860    0.21042    0.07163      5
  -0.20993    0.07138   -0.20478    0.07413      1
  -0.10043    0.07145   -0.08510    0.06793      1
  -0.09288    0.07273   -0.06284    0.06614     11
  -0.02699    0.07041    0.01482    0.06643      3
  -0.02343    0.07003   -0.02476   -0.04697      1
  -0.01089    0.07285   -0.03768   -0.07400      6
   0.01383    0.07391    0.07898   -0.05188      1
   0.01642    0.07223    0.06792   -0.04214      9
   0.01971    0.07092    0.06619   -0.03988     19
   0.02556    0.07055    0.08170   -0.01338     11
   0.10025    0.07198    0.09595    0.06475     32
   0.20963    0.07106    0.22693    0.05265      4
   0.21044    0.07029    0.23595    0.07758      1
  -0.20844    0.07550   -0.22136    0.06044      2
  -0.09563    0.07730   -0.07618    0.06461      1
  -0.01108    0.07681   -0.02557   -0.03369      1
   0.00764    0.07728    0.06607   -0.04745      4
   0.01233    0.07486    0.05708   -0.04023     14
   0.09734    0.07569    0.09587    0.06508     88
   0.09820    0.07460    0.09589    0.06741      6
   0.20739    0.07684    0.21306    0.05312      1
  -0.09353    0.08085   -0.08992    0.07762      1
  -0.08716    0.07826   -0.06727    0.05814     10
  -0.08503    0.08051   -0.08213    0.05275      2
  -0.07882    0.07979   -0.05193    0.06792      1
  -0.01818    0.07910   -0.01201    0.09373      1
  -0.01592    0.08019    0.00131    0.08368      3
  -0.00747    0.08187   -0.04345    0.07977      2
  -0.00481    0.08191    0.01597    0.06466      9
   0.00016    0.08176    0.01438    0.08727      2
   0.00494    0.07856    0.02762   -0.03240      5
   0.00696    0.07925    0.05769    0.00755      2
   0.01099    0.07894    0.00260    0.06474      3
   0.01785    0.07904    0.04011    0.09050      1
   0.15279    0.07987    0.14778    0.06182      1
  -0.09057    0.08413   -0.07369    0.06474      1
  -0.08088    0.08529   -0.07133    0.06864      1
   0.09140    0.08334    0.11209    0.08601      1
   0.20465    0.08331    0.19620    0.06871      1
  -0.20377    0.08746   -0.19873    0.07989      1
   0.06608    0.08715    0.04683    0.05349      1
   0.20328    0.08881    0.24801    0.09720      1
  -0.07431    0.09135   -0.05040    0.08184     11
  -0.07146    0.09354   -0.03857    0.06553     18
  -0.02846    0.09261   -0.01456    0.06548      2
  -0.02477    0.09319   -0.00774    0.06680      3
   0.05667    0.09069    0.03108    0.07771      1
   0.06128    0.09368    0.05723    0.10410      1
   0.08089    0.09271    0.07927    0.09096     56
  -0.20083    0.09403   -0.19499    0.06943      1
  -0.07569    0.09709   -0.05195    0.08000      1
  -0.07014    0.09443   -0.03860    0.06696      3
  -0.06951    0.09498   -0.04801    0.06873      8
  -0.06579    0.09775   -0.07396    0.10641      1
  -0.05058    0.09639   -0.00788   -0.34728      1
  -0.01161    0.09591   -0.01042    0.07997     23
  -0.00952    0.09793   -0.00134    0.08010      7
   0.00513    0.09797    0.04133    0.09880      1
   0.07633    0.09648    0.07787    0.09243     20
   0.07931    0.09406    0.06623    0.06618      3
  -0.06030    0.10146   -0.04937    0.08161      2
  -0.00751    0.09862    0.01731    0.09325      8
   0.00613    0.09821    0.02793    0.09309      1
   0.07190    0.10050    0.06858    0.07751      3
   0.07448    0.09809    0.07332    0.11224      2
   0.19779    0.09950    0.17152    0.06506      2
  -0.06374    0.10512   -0.05050    0.10353      1
  -0.06179    0.10595    0.00271    0.11966      1
   0.06526    0.10466    0.06608    0.08427      3
   0.06653    0.10369    0.06077    0.09244      2
  -0.05976    0.10728   -0.05096    0.08409     11
  -0.00736    0.10981    0.00941    0.07880      2
   0.19217    0.10988    0.19213    0.13354      1
  -0.05448    0.11044   -0.03498    0.09592      2
  -0.05118    0.11160   -0.03752    0.10767     10
  -0.04722    0.11336   -0.02934    0.10525      4
  -0.04592    0.11390   -0.04269    0.10006      2
  -0.01055    0.11220    0.00778    0.09301      2
  -0.00731    0.11108   -0.00260    0.09064     10
   0.00738    0.11299    0.01898    0.10034      4
   0.01432    0.11270    0.00396    0.09081      3
   0.04799    0.11356    0.04870    0.10835      1
   0.05370    0.11106    0.06043    0.11196      2
   0.05414    0.11085    0.05303    0.09714      2
   0.19110    0.11171    0.17505    0.13235      5
  -0.19010    0.11418   -0.14143    0.10389      1
  -0.04392    0.11471   -0.02542    0.09849      7
  -0.03958    0.11629   -0.03430    0.10972      6
  -0.03671    0.11724   -0.02946    0.11995      6
  -0.01095    0.11670    0.00135    0.07018      7
  -0.00990    0.11583    0.00261    0.10566      2
   0.00751    0.11662    0.03422    0.10555      2
   0.03708    0.11767    0.03433    0.11003     96
   0.04051    0.11669    0.04618    0.11614      4
   0.04383    0.11537    0.04557    0.10929    180
   0.04618    0.11446    0.05481    0.11156     11
  -0.03113    0.11884   -0.02206    0.11641      9
  -0.02804    0.11960   -0.02023    0.10897     22
  -0.02311    0.12062   -0.00999    0.11978      6
  -0.01974    0.12127   -0.01202    0.11884     14
  -0.01685    0.12167   -0.01162    0.11604     11
  -0.01362    0.12198   -0.02281    0.09355      1
   0.02076    0.12133    0.01447    0.11382      2
   0.03465    0.11843    0.03376    0.11936      2
  -0.01604    0.12231   -0.00646    0.10870      1
  -0.01237    0.12212   -0.00750    0.10376     16
  -0.00883    0.12294   -0.00465    0.10259     11
  -0.00293    0.12348    0.00000    0.11641      7
  -0.00086    0.12350   -0.01334    0.09852      3
   0.00812    0.12326    0.04013    0.10509      1
   0.01240    0.12267    0.01545    0.12957      1
  -0.17995    0.12802   -0.12591    0.14691      1
   0.17985    0.12890    0.20905    0.13095     12
   0.17647    0.13298    0.17658    0.14263      3
   0.17890    0.13022    0.22222    0.12985      1
  -0.17166    0.13576   -0.12828    0.10612      1
   0.17336    0.13701    0.18797    0.12074      9
   0.17482    0.13514    0.18288    0.11807     15
  -0.17222    0.14001   -0.14151    0.15716      1
   0.17204    0.13872    0.23443    0.06722      1
  -0.16782    0.14506   -0.14396    0.10652      1
   0.14520    0.16565    0.14603    0.14400     12
   0.14623    0.16476    0.14422    0.14669      3
   0.14169    0.16867    0.13473    0.15831      1
   0.14387    0.16674    0.14392    0.14813     13
  -0.13554    0.17386   -0.12574    0.22044      1
   0.13375    0.17544    0.15977    0.18187      3
   0.13433    0.17500    0.07574   -0.03866      2
   0.12898    0.18029    0.10832    0.18686      1
   0.11787    0.18776    0.06619    0.12990      1
   0.11943    0.18646    0.10499    0.14397      1
  -0.10728    0.19163   -0.07652    0.19426      1
  -0.10457    0.19308   -0.15448    0.23339      1
  -0.10483    0.19506   -0.10005    0.17344      2
  -0.09835    0.19847   -0.10241    0.18400      1
  -0.09194    0.19951   -0.06376    0.11694      1
   0.09694    0.19875    0.09226    0.14822      1
  -0.08398    0.20301   -0.08540    0.19618      2
  -0.08007    0.20463   -0.04795    0.23361      1
   0.08172    0.20566    0.09220    0.21196     20
   0.08229    0.20543    0.09667    0.20770     22
  -0.06510    0.20992   -0.06001    0.25584      1
   0.07760    0.20723    0.08176    0.18813     53
   0.07851    0.20688    0.08683    0.18826     39
  -0.05570    0.21262   -0.05051    0.20722      1
  -0.05031    0.21400   -0.04673    0.23386      1
   0.06155    0.21243    0.11167   -0.04786      1
   0.06556    0.21125    0.09188    0.20734      5
   0.06647    0.21095    0.08125    0.19979     73
   0.07098    0.21019    0.06748    0.21274      1
  -0.05547    0.21418   -0.03765    0.20719      1
  -0.04899    0.21423   -0.02018    0.22452      2
  -0.03970    0.21609   -0.01929    0.22054      1
  -0.03751    0.21649   -0.05819    0.23869      1
  -0.03358    0.21755   -0.02449    0.21339      3
  -0.02832    0.21777   -0.02544    0.20723      1
   0.01350    0.21769    0.00272    0.15566      1
   0.01491    0.21762    0.07916    0.21060      1
   0.02720    0.21649   -0.00764    0.19874      1
   0.03577    0.21700    0.06744    0.18135      1
  -0.03507    0.21845   -0.01187    0.22647      1
  -0.02875    0.21924   -0.01216    0.23997      1
  -0.02253    0.21951   -0.03560    0.22320      2
  -0.01927    0.22072   -0.03606    0.17725      1
  -0.01561    0.22102   -0.00538    0.22055      6
  -0.01032    0.21970    0.00000    0.20788      1
  -0.00663    0.22141    0.03476    0.19815      2
  -0.00431    0.22146   -0.00869    0.19589      4
  -0.00088    0.22063    0.01559    0.20955      2
