  -0.01410   -0.22041   -0.03765   -0.16310      1
   0.15828   -0.15349    0.14430   -0.15583      1
   0.02077   -0.14396   -0.33246    0.10674      1
   0.03154   -0.14272   -0.02459   -0.19464      1
   0.00450   -0.13970    0.05799   -0.16431      2
   0.12921   -0.12399    0.13440   -0.10128      1
   0.18261   -0.12211    0.09370   -0.12992      1
  -0.07712   -0.11902    0.01173   -0.15976      1
  -0.02545   -0.12024   -0.01646   -0.12673      1
   0.13275   -0.12126    0.21751   -0.10421      1
   0.18430   -0.12147    0.15287   -0.09147      2
  -0.19075   -0.11182   -0.28451   -0.07517      1
  -0.09380   -0.11306   -0.23889    0.05735      1
   0.14267   -0.10916    0.01457   -0.21369      1
   0.09765   -0.10410    0.05312   -0.06467      1
   0.10067   -0.10440    0.00809   -0.04813      2
   0.06153   -0.09489    0.00637   -0.15195      1
   0.09741   -0.09559    0.10616   -0.11265      1
   0.01409   -0.09328    0.00576   -0.09702      1
   0.02039   -0.09228    0.01458   -0.10246      1
   0.02506   -0.09130    0.02967   -0.09380     21
   0.02719   -0.09086    0.02740   -0.09416      6
   0.03503   -0.09135    0.04127   -0.07997      1
   0.06259   -0.09148    0.08146   -0.07758      1
   0.10900   -0.09215    0.08020   -0.15406      1
   0.11135   -0.09192    0.05540   -0.13303      2
   0.03635   -0.08748    0.04785   -0.09075      1
   0.03905   -0.08837    0.04127   -0.09082     17
   0.04258   -0.08643    0.04517   -0.07764     12
   0.11670   -0.08689    0.13224   -0.11536      5
   0.04050   -0.08538    0.05477   -0.08029      1
   0.04361   -0.08561    0.05304   -0.07381      5
   0.04812   -0.08477    0.05465   -0.08919     11
   0.05087   -0.08283    0.05437   -0.08924     11
   0.08838   -0.08571    0.06950   -0.06665      1
   0.20169   -0.08358    0.02806   -0.17323      1
  -0.05903   -0.07802   -0.06225   -0.08825      1
  -0.05237   -0.07929   -0.03612   -0.09217      3
  -0.01557   -0.07995   -0.00778   -0.06523      1
  -0.00703   -0.08100    0.00132   -0.12598      1
   0.00141   -0.08010    0.00325   -0.10683     12
   0.00422   -0.08042    0.00127   -0.09331     96
   0.00762   -0.08127    0.00333   -0.09400     32
   0.01149   -0.08097    0.01135   -0.09460     14
   0.01655   -0.07996    0.01437   -0.08985     11
   0.01975   -0.07981    0.02564   -0.10426     19
   0.02569   -0.07813    0.02812   -0.08454      1
   0.05620   -0.08136    0.08009   -0.09164      2
   0.07304   -0.07806    0.05486   -0.20051      1
   0.07873   -0.07824    0.06586   -0.05164      1
  -0.09726   -0.07561   -0.08407   -0.08006      1
  -0.06122   -0.07568   -0.03320   -0.09462      2
  -0.05468   -0.07780   -0.03754   -0.09062      3
   0.00101   -0.07719    0.01024   -0.09301      6
   0.00300   -0.07714    0.01427   -0.08882     18
   0.00756   -0.07708   -0.01157   -0.09149      8
   0.01248   -0.07473    0.01428   -0.09069     23
   0.02766   -0.07723    0.04011   -0.09364     13
   0.03283   -0.07533    0.04031   -0.08844      1
   0.07914   -0.07702    0.08975   -0.06487      2
   0.08506   -0.07630    0.07543   -0.06160      5
   0.08973   -0.07604    0.11829   -0.06503      1
  -0.06081   -0.07310   -0.04445   -0.07361      2
  -0.03924   -0.07194   -0.03753   -0.08672      1
  -0.03476   -0.07314   -0.00253   -0.10346      1
  -0.00719   -0.07245   -0.00653   -0.07621      1
   0.00495   -0.07064    0.00865   -0.08179     10
   0.00763   -0.07179    0.00512   -0.09088     25
   0.01246   -0.07184    0.01594   -0.09263    121
   0.01427   -0.07241    0.04150   -0.10340      6
   0.06330   -0.07025    0.06613   -0.06744      2
   0.06741   -0.07093    0.08016   -0.07371      3
   0.10101   -0.07005    0.11796   -0.07778      1
  -0.06765   -0.06861   -0.05195   -0.08000      9
  -0.04691   -0.06685   -0.03599   -0.07909      5
  -0.04477   -0.06880   -0.02674   -0.08755      8
   0.00074   -0.06797    0.00590   -0.08503     14
   0.00433   -0.06845    0.00173   -0.08559     49
   0.00756   -0.06844    0.00254   -0.09051     47
   0.01224   -0.06920    0.00998   -0.08819    153
   0.01485   -0.06845    0.02727   -0.08052     26
   0.06861   -0.06803    0.07080   -0.06624     23
   0.07095   -0.06738    0.07927   -0.06094     21
   0.08952   -0.06733    0.06623   -0.05187      7
   0.10279   -0.06786    0.09180   -0.05438      3
   0.20640   -0.06932    0.23617   -0.04987      2
  -0.10642   -0.06239   -0.09142   -0.07864      1
  -0.05352   -0.06235   -0.03861   -0.08022     19
  -0.04681   -0.06357   -0.02531   -0.08507     15
  -0.04472   -0.06591   -0.01204   -0.11456      1
  -0.01698   -0.06206   -0.02524   -0.08919      1
  -0.01285   -0.06329   -0.00853   -0.08538      4
  -0.00914   -0.06383   -0.00473   -0.07725      5
  -0.00425   -0.06313   -0.00527   -0.08152     22
  -0.00000   -0.06331   -0.00336   -0.08092     32
   0.00452   -0.06315    0.01280   -0.07531     31
   0.00776   -0.06364    0.01469   -0.08162     19
   0.01237   -0.06254    0.01608   -0.07770     72
   0.01473   -0.06271    0.02371   -0.08206     22
   0.02017   -0.06257    0.05129   -0.09025      4
   0.03516   -0.06456    0.05486   -0.08961      4
   0.03930   -0.06229    0.04285   -0.08824      1
   0.07315   -0.06280    0.07849   -0.06384     19
   0.07450   -0.06482    0.08204   -0.07758      3
   0.10564   -0.06235    0.08616   -0.05055      1
  -0.05536   -0.06036   -0.06073   -0.07473      1
  -0.05398   -0.06197   -0.03857   -0.07699      3
  -0.04811   -0.05909   -0.03747   -0.05176      1
  -0.03604   -0.05810   -0.02552   -0.07778     11
  -0.03171   -0.05934   -0.01204   -0.08457     19
  -0.02974   -0.05893   -0.01862   -0.08148     23
  -0.02364   -0.06004   -0.01252   -0.08672     39
  -0.02030   -0.06027   -0.01211   -0.07944     42
  -0.01658   -0.06091   -0.01197   -0.07787     13
  -0.01212   -0.06110   -0.01059   -0.07908     14
  -0.00858   -0.06172   -0.00967   -0.08686     16
  -0.00403   -0.06121   -0.01163   -0.05664      5
  -0.00114   -0.06189   -0.01164   -0.10374      1
   0.00336   -0.06157    0.01225   -0.07915      3
   0.00611   -0.06198    0.04170   -0.06520      1
   0.01361   -0.06190    0.00753   -0.08606      3
   0.01498   -0.06181    0.05365   -0.07463      2
   0.01920   -0.06177    0.03449   -0.07997     10
   0.02567   -0.06038    0.05461   -0.07978     11
   0.02747   -0.05897    0.04082   -0.07578     16
   0.04048   -0.06137    0.04907   -0.06516      9
   0.04387   -0.05884    0.05487   -0.06493     26
   0.04682   -0.05813    0.06230   -0.07693      1
   0.05275   -0.05816    0.06502   -0.05331      7
   0.05589   -0.05927    0.06268   -0.05668     42
   0.07363   -0.06062    0.07633   -0.06078      4
   0.07564   -0.06001    0.07648   -0.05811     12
   0.07834   -0.05899    0.09456   -0.06259      1
   0.09273   -0.05985    0.08485   -0.05099      1
   0.10667   -0.06094    0.09172   -0.04180      1
  -0.08033   -0.05550   -0.06520   -0.07448      1
  -0.05837   -0.05464   -0.05204   -0.07060      2
  -0.05651   -0.05520   -0.04965   -0.07052     10
  -0.05283   -0.05648   -0.05103   -0.05971     11
  -0.04769   -0.05534   -0.03872   -0.07640      5
  -0.04381   -0.05703   -0.03467   -0.08002     29
  -0.03993   -0.05670   -0.03861   -0.07324      5
  -0.03650   -0.05747   -0.02372   -0.07661     10
  -0.03277   -0.05785   -0.01938   -0.07771      3
   0.02966   -0.05615    0.04019   -0.06504     10
   0.03059   -0.05523    0.03491   -0.05923     11
   0.03423   -0.05482    0.05312   -0.06467      1
   0.04501   -0.05758    0.05880   -0.06693      3
   0.04760   -0.05675    0.05476   -0.05128     21
   0.05265   -0.05503    0.06412   -0.06033     52
   0.05527   -0.05671    0.06556   -0.06225     24
   0.05869   -0.05703    0.06896   -0.06483     62
   0.07623   -0.05660    0.07685   -0.06125     30
   0.08033   -0.05548    0.09632   -0.05343     43
   0.10889   -0.05678    0.09171   -0.04394      1
  -0.05870   -0.05233   -0.06378   -0.05942      7
  -0.05760   -0.05386   -0.07676   -0.05197      3
  -0.04669   -0.05394   -0.06338   -0.09834      1
  -0.03927   -0.05055   -0.05328   -0.06570      2
  -0.01584   -0.05341   -0.05208    0.06666      1
   0.02984   -0.05386   -0.01685   -0.06835      2
   0.03271   -0.05252    0.04263   -0.06020     77
   0.03538   -0.05059    0.04646   -0.05394     33
   0.04320   -0.05398    0.04136   -0.06542      1
   0.05249   -0.05380    0.06799   -0.05614     31
   0.05431   -0.05328    0.05871   -0.05969     48
   0.06036   -0.05357    0.07295   -0.06489     44
   0.06296   -0.05228    0.07197   -0.06239     74
   0.08090   -0.05357    0.10219   -0.05136      4
   0.08305   -0.05182    0.09261   -0.04795     13
   0.10261   -0.05069    0.09202   -0.03887      1
   0.11125   -0.05249    0.10218   -0.05319      1
   0.21110   -0.05131    0.01471   -0.28993      3
  -0.11409   -0.04654   -0.09995   -0.04962      1
  -0.08582   -0.04616   -0.07551   -0.05925      2
  -0.06543   -0.04784   -0.05707   -0.06271     14
  -0.06175   -0.04901   -0.04263   -0.06251      2
  -0.05713   -0.04942   -0.05377   -0.06296      1
  -0.03166   -0.04739    0.02125    0.02722      2
  -0.02495   -0.04848    0.00268    0.03965      5
  -0.02120   -0.04753    0.00902    0.02638     16
  -0.00100   -0.04660    0.02747   -0.07050      2
   0.03354   -0.04908    0.04031   -0.06501      1
   0.03733   -0.04877    0.04415   -0.05046     25
   0.03841   -0.04663    0.04549   -0.05230     21
   0.06579   -0.04918    0.07497   -0.05346     65
   0.06614   -0.04881    0.08118   -0.05271     42
   0.08486   -0.04840    0.09353   -0.04851     24
   0.08630   -0.04694    0.09337   -0.04457     14
   0.10104   -0.04763    0.10796   -0.06668      1
   0.10261   -0.04842    0.09074   -0.04496      4
   0.11316   -0.04792    0.09695   -0.04018      4
  -0.08653   -0.04350   -0.08962   -0.07781      3
  -0.06673   -0.04205   -0.03114   -0.06487      2
  -0.06431   -0.04550   -0.05208   -0.06666      1
  -0.04111   -0.04334   -0.03870    0.07217      1
  -0.02520   -0.04509    0.01451    0.02897      1
   0.03797   -0.04582    0.04127   -0.05268      3
   0.03823   -0.04521    0.04697   -0.05333     15
   0.08822   -0.04361    0.09820   -0.04279     26
   0.10087   -0.04394    0.09923   -0.04703      5
   0.10541   -0.04376    0.10556   -0.04445      7
  -0.07149   -0.03866   -0.06377   -0.04607      4
  -0.06945   -0.04181   -0.02566   -0.09249      2
  -0.05688   -0.03809   -0.01167    0.05180      1
  -0.04796   -0.03844   -0.02472    0.03315      4
  -0.02309   -0.04165    0.01529   -0.00766      1
  -0.02035   -0.04051    0.01805    0.00584      2
  -0.01557   -0.03873    0.01464    0.01333      1
  -0.00265   -0.03951    0.02048   -0.07888      3
   0.00040   -0.04065    0.03540   -0.17226      2
   0.00402   -0.03955    0.02392   -0.11650      9
   0.00804   -0.03885    0.02700   -0.10768      3
   0.03853   -0.04081    0.04595   -0.04651     42
   0.08905   -0.04124    0.10478   -0.04290     11
   0.09065   -0.03926    0.09809   -0.04754     10
   0.10321   -0.04013    0.10525   -0.04224      6
   0.11060   -0.03977    0.09989   -0.03572      2
  -0.08919   -0.03595   -0.14156   -0.01338      1
  -0.07274   -0.03603   -0.07389   -0.02588      1
  -0.06890   -0.03700   -0.07708   -0.04275      4
  -0.05453   -0.03422    0.02802    0.02669      1
  -0.04356   -0.03444   -0.03789   -0.05788      2
  -0.01778   -0.03497   -0.00914   -0.07776      1
   0.00574   -0.03710    0.02034   -0.16848      4
   0.00647   -0.03693    0.05301   -0.18717      5
   0.02043   -0.03424    0.01074   -0.04184      3
   0.02310   -0.03476    0.03426    0.01694      2
   0.02866   -0.03489    0.01801    0.04123      1
   0.03738   -0.03455    0.05384   -0.03956     30
   0.03912   -0.03518    0.05338   -0.04101     32
   0.09187   -0.03590    0.09623   -0.04167     29
   0.10454   -0.03588    0.09394   -0.03994      8
   0.10622   -0.03574    0.10580   -0.03041      5
   0.11727   -0.03582    0.10190   -0.02244      2
  -0.09080   -0.03202   -0.06419   -0.05887      2
  -0.08913   -0.03308   -0.07556   -0.04188      1
  -0.07080   -0.03224   -0.06515   -0.04524      2
  -0.05572   -0.03274    0.02988    0.02598      1
  -0.04712   -0.03021   -0.05092   -0.03211      2
  -0.04301   -0.03034   -0.03665   -0.04776      3
  -0.03990   -0.03010   -0.05208   -0.06666      1
  -0.03753   -0.03049   -0.01190   -0.03965      1
  -0.03110   -0.03137   -0.02473   -0.05069      5
  -0.02838   -0.03325   -0.01040   -0.05207      1
  -0.01863   -0.03395   -0.18678   -0.36034      1
   0.02526   -0.03102    0.04674   -0.17322      3
   0.02673   -0.03169    0.04694   -0.00965      2
   0.03259   -0.03110    0.04115   -0.04651     15
   0.03538   -0.03346    0.04537   -0.05214     12
   0.03941   -0.03286    0.04150   -0.04374      3
   0.05912   -0.03194    0.20512   -0.33342      1
   0.09288   -0.03256    0.08978   -0.03799      9
   0.10735   -0.03220    0.10028   -0.02920     13
   0.11196   -0.03206    0.09324   -0.01977      2
   0.11879   -0.03019    0.09359    0.00000      1
  -0.07415   -0.02910   -0.06539   -0.03610      1
  -0.07276   -0.02667   -0.06457   -0.03678      8
  -0.05146   -0.02744   -0.04096   -0.03022      2
  -0.04908   -0.02916   -0.04544   -0.04398      6
  -0.04028   -0.02965   -0.02549   -0.06646      3
  -0.03722   -0.02983   -0.02471   -0.05203      1
  -0.03031   -0.02628   -0.01207   -0.04950      9
  -0.02947   -0.02701   -0.00762   -0.02709     12
  -0.02291   -0.02893   -0.31594    0.32039      1
   0.02109   -0.02900    0.09634   -0.13357      1
   0.03154   -0.02638    0.04882   -0.04234      4
   0.03759   -0.02826    0.06068   -0.06195      2
   0.03830   -0.02649    0.06744   -0.06490      1
   0.09342   -0.02946    0.08155   -0.04013      1
   0.09508   -0.02681    0.10736   -0.03480      2
   0.10772   -0.02914    0.09456   -0.02927      9
   0.11025   -0.02819    0.09354   -0.03057      2
   0.11940   -0.02768    0.11615   -0.03243      1
  -0.05335   -0.02266   -0.04237   -0.03693      4
  -0.03151   -0.02460   -0.01190   -0.02995     53
   0.03301   -0.02516    0.04375   -0.03545     12
   0.03535   -0.02343    0.05445   -0.03932     66
   0.03895   -0.02269    0.05552   -0.05142      4
   0.04626   -0.02234    0.06800    0.01334      1
   0.05396   -0.02309    0.04274    0.02671      1
   0.05408   -0.02284    0.04145    0.02753      4
   0.09584   -0.02348    0.10155   -0.03647     14
   0.10863   -0.02572    0.10030   -0.02895      5
   0.11251   -0.02449    0.09546   -0.02257      1
   0.11525   -0.02458    0.10398   -0.02077      2
  -0.09543   -0.02058   -0.07855   -0.03596      1
  -0.07621   -0.02081   -0.07668   -0.03825      2
  -0.06321   -0.01847    0.00402    0.04030      1
  -0.05492   -0.01916   -0.03899   -0.04832      1
  -0.03438   -0.02041   -0.01495   -0.02609     16
  -0.03385   -0.02127   -0.02719   -0.02655      4
   0.03673   -0.02092    0.05341   -0.03744     27
   0.03887   -0.01924    0.06168   -0.04004     12
   0.04913   -0.01844    0.04807    0.00938      2
   0.09691   -0.01952    0.09103   -0.01527      8
   0.10873   -0.02013    0.09744   -0.01127      1
   0.11335   -0.01956    0.10929   -0.02135      2
   0.11638   -0.01987    0.09529   -0.00433      3
   0.12121   -0.02118    0.12181   -0.01194      1
  -0.09510   -0.01646   -0.07858   -0.04004      1
  -0.05662   -0.01557   -0.03863   -0.05202      1
  -0.03808   -0.01402   -0.02730   -0.04236      1
  -0.03741   -0.01412    0.01462   -0.03583      1
   0.03706   -0.01499    0.04358   -0.02491     10
   0.09717   -0.01586    0.09159   -0.00478      8
   0.11657   -0.01578    0.09682   -0.00771      8
  -0.07778   -0.01333   -0.05656   -0.03995      4
  -0.07238   -0.01102   -0.06768   -0.01500      2
  -0.06508   -0.01312    0.00000    0.02897      3
  -0.05931   -0.01175   -0.05267   -0.01844      6
  -0.03862   -0.01035   -0.02489   -0.00511      7
  -0.03768   -0.01338   -0.02455   -0.02250      3
   0.01083   -0.01017    0.09506   -0.03611      1
   0.05369   -0.01214    0.04161    0.02681      1
   0.09743   -0.01171    0.09619   -0.02202      7
   0.09813   -0.01301    0.07941   -0.01045      1
   0.11670   -0.01097    0.09465   -0.00872      6
   0.17883   -0.01191    0.20874   -0.07639      1
  -0.09543   -0.00800   -0.08567   -0.01522      2
  -0.08007   -0.00823   -0.07265   -0.01294      5
  -0.07618   -0.00656   -0.07377   -0.01168      1
  -0.07117   -0.00792   -0.07842   -0.02654      1
  -0.06797   -0.00922   -0.06786   -0.01964      2
  -0.06555   -0.00783   -0.04962   -0.01302      1
  -0.05735   -0.00652   -0.05228   -0.02416      1
  -0.03884   -0.00950    0.00000   -0.00788      3
  -0.00106   -0.00627   -0.01180   -0.02627      1
   0.01276   -0.00848   -0.00665   -0.20039      3
   0.05024   -0.00843    0.04671    0.03369      1
   0.05595   -0.00670    0.07105   -0.00261      1
   0.09744   -0.00670    0.09712   -0.00929     18
   0.09833   -0.00818    0.10755   -0.00265      7
   0.11471   -0.00841    0.09888    0.00103      9
  -0.13660   -0.00293   -0.03685    0.00180      1
  -0.09605   -0.00443   -0.12598   -0.00132      1
  -0.08080   -0.00253   -0.05504   -0.02340      4
  -0.07631   -0.00249   -0.07122   -0.00398     11
  -0.07109   -0.00397    0.00000    0.05760      1
  -0.05594   -0.00307   -0.04457    0.00760      4
  -0.05303   -0.00436   -0.02547    0.02620      3
  -0.03967   -0.00495   -0.00265   -0.03986      7
  -0.00877   -0.00486   -0.01194   -0.04896      1
   0.03978   -0.00362    0.03381   -0.01953      2
   0.05939   -0.00229    0.05603    0.02744      3
   0.09729   -0.00512    0.10210   -0.00307     27
   0.09809   -0.00449    0.08313    0.00780      3
   0.11311   -0.00317    0.09835    0.00554      2
   0.11451   -0.00570    0.12126   -0.00742      1
  -0.09530   -0.00100   -0.05069   -0.07544      1
  -0.07970    0.00017   -0.05730   -0.00858      6
  -0.07628   -0.00145   -0.06877    0.01284     33
  -0.06664    0.00100   -0.06378   -0.00271      9
  -0.06584    0.00082   -0.06434   -0.01153     22
  -0.05607    0.00079   -0.02700    0.00000      3
  -0.05361   -0.00127   -0.03904   -0.01075      1
  -0.03998   -0.00048   -0.00891   -0.00891      5
   0.00570    0.00130    0.03447   -0.00567      2
   0.00715    0.00157    0.06201    0.00000      2
   0.06011    0.00065    0.05446    0.03986      1
   0.09705    0.00036    0.09278   -0.00120      8
   0.09807   -0.00116    0.09451    0.00819      2
   0.11350    0.00057    0.09537   -0.00036      4
  -0.07634    0.00345   -0.06980    0.00754      4
  -0.07193    0.00415   -0.04934   -0.01292      7
  -0.06715    0.00269   -0.05664    0.00788      6
  -0.06509    0.00297   -0.06431   -0.01328      7
  -0.05812    0.00315   -0.08840    0.05207      1
  -0.05503    0.00298   -0.03829    0.01318      1
  -0.05351    0.00479   -0.03845   -0.01602      4
  -0.03677    0.00211   -0.01116   -0.28030      2
   0.00550    0.00562    0.02803   -0.01069      5
   0.00862    0.00259    0.06098   -0.01871      4
   0.03972    0.00457    0.04328   -0.01328     10
   0.09702    0.00396    0.09685   -0.00202      4
   0.10986    0.00292    0.08170    0.01338      1
   0.11305    0.00445    0.08688    0.00222      2
  -0.07095    0.00855   -0.07816    0.03464      1
  -0.06935    0.00732   -0.05049   -0.01324      3
  -0.06487    0.00802   -0.05414   -0.00805      4
  -0.05606    0.00883    0.02803   -0.05339      1
  -0.03938    0.00693   -0.02022   -0.01348      1
   0.00466    0.00779    0.02800    0.01333      9
   0.01288    0.00814    0.01690   -0.15618      5
   0.03912    0.00826    0.03982   -0.01063      9
   0.09568    0.00889    0.08585    0.01225     18
   0.09829    0.00983    0.09126    0.01625      3
   0.11061    0.00824    0.09446    0.01870      5
   0.11433    0.00729    0.09446    0.01328      1
  -0.07099    0.01363   -0.01156    0.02833      1
  -0.06811    0.01270    0.08582   -0.07858      2
  -0.06374    0.01330   -0.05192   -0.00536      5
  -0.05675    0.01174   -0.03742    0.01541      2
  -0.03809    0.01216   -0.03663    0.02613      1
   0.00860    0.01160    0.18582   -0.05844      2
   0.08110    0.01338    0.08620    0.01375      2
   0.09357    0.01234    0.07904   -0.01294      1
   0.09474    0.01203    0.09027    0.01885     17
   0.10938    0.01203    0.08055    0.02571      2
   0.11130    0.01011    0.08634    0.01748      2
  -0.09456    0.01423   -0.08525   -0.02590      1
  -0.06745    0.01439   -0.02239    0.02597      4
  -0.06304    0.01673   -0.05918    0.00664      2
  -0.05444    0.01674   -0.03180    0.01507      4
  -0.04849    0.01454   -0.02190   -0.00514      1
  -0.03692    0.01535   -0.03194    0.09275      1
   0.00452    0.01655    0.02762    0.00767      3
   0.03876    0.01535    0.06780   -0.03915      1
   0.08044    0.01684    0.09583    0.02460      2
   0.09344    0.01697    0.08388    0.01892      4
   0.09499    0.01562    0.08866    0.02376      9
  -0.06780    0.01932   -0.01186    0.03972      3
  -0.06280    0.02180   -0.05468    0.00450      8
  -0.05336    0.02091   -0.04041    0.01318      9
  -0.03448    0.02024    0.02803    0.05339      1
   0.03647    0.02031    0.05338   -0.03874     42
   0.06174    0.01982    0.05792    0.03466      3
   0.08007    0.01873    0.08375    0.02459      6
   0.09271    0.02109    0.09183    0.02575     13
   0.09506    0.01829    0.08488    0.02787      4
   0.10898    0.01818    0.08787    0.02653      1
  -0.09605    0.02365   -0.07676    0.03323      2
  -0.06695    0.02340   -0.01622    0.05339      1
  -0.06272    0.02209   -0.05196    0.01292      5
  -0.05848    0.02556   -0.05422    0.01321     12
  -0.05724    0.02567   -0.03945    0.01655     14
  -0.05359    0.02337   -0.03829    0.01290     13
  -0.04798    0.02412   -0.04931   -0.01197     11
  -0.03442    0.02223    0.00134   -0.04047      1
  -0.03277    0.02553   -0.02518   -0.04776      1
   0.00742    0.02503    0.02786    0.01359      5
   0.03380    0.02485    0.05301   -0.05205     19
   0.03506    0.02440    0.05450   -0.03848     61
   0.07780    0.02597    0.07299    0.04096      1
   0.07888    0.02327    0.08492    0.02205      6
   0.09221    0.02383    0.08499    0.02534     11
   0.09503    0.02459    0.09170    0.03483      1
  -0.06080    0.02745   -0.06499    0.02652      1
  -0.05664    0.02680   -0.05207    0.01733     51
  -0.05384    0.02746   -0.02372   -0.00267      5
  -0.04757    0.02615   -0.01207   -0.00940      1
  -0.04569    0.02832   -0.05511   -0.00597      2
  -0.02778    0.02875    0.04161   -0.02681      1
   0.01481    0.02785    0.03228    0.00271      1
   0.02728    0.02977    0.05463   -0.01343      3
   0.03157    0.02891    0.05751   -0.06686      1
   0.03521    0.02646    0.05458   -0.04342      8
   0.07668    0.02805    0.09443    0.02581     36
   0.09208    0.02737    0.08528    0.02497      4
   0.14442    0.02640    0.12132   -0.24018      1
  -0.05366    0.03159   -0.03597    0.00911      6
  -0.03186    0.03387   -0.02345   -0.01208      2
  -0.02435    0.03339   -0.01673   -0.05352      4
   0.01221    0.03090    0.01293    0.02472      1
   0.02124    0.03387    0.02390    0.00974      2
   0.02482    0.03355    0.05508    0.01343      3
   0.02944    0.03373    0.02555   -0.04080      2
   0.03214    0.03084    0.06210   -0.01221      4
   0.05757    0.03345    0.06800    0.01334      1
   0.05802    0.03253    0.06717    0.04019      3
   0.06869    0.03387    0.06998    0.03895      1
   0.07140    0.03336    0.10708   -0.00131      1
   0.07527    0.03184    0.08479    0.02525     22
   0.08937    0.03088    0.08200    0.03247      1
   0.09141    0.03312    0.09057    0.02848      6
  -0.05072    0.03619   -0.05168    0.00135     11
  -0.04479    0.03461   -0.04953    0.05348      1
  -0.03072    0.03740   -0.04567   -0.03046      1
  -0.02649    0.03469   -0.01194   -0.05174      1
  -0.02588    0.03460    0.04318   -0.02229      1
   0.01327    0.03771    0.01476    0.01364     34
   0.01561    0.03681    0.01431    0.01287     45
   0.01882    0.03527    0.01518    0.00622     10
   0.02923    0.03457    0.05430   -0.05217     13
   0.03577    0.03691    0.06827    0.00406      1
   0.03840    0.03622    0.04111    0.01328      1
   0.06511    0.03622    0.06785    0.02670     11
   0.06827    0.03481    0.07784    0.04004     12
   0.07321    0.03563    0.08441    0.01877      9
   0.07455    0.03473    0.09905    0.02673      1
   0.08831    0.03701    0.08755    0.01921      5
   0.09070    0.03503    0.08841    0.02926      3
  -0.11700    0.03872   -0.10068    0.06638      1
  -0.11073    0.03811    0.28319   -0.29947      1
  -0.05004    0.03816   -0.05865    0.02200      2
  -0.04920    0.03922   -0.05124    0.01392     26
  -0.04186    0.03821   -0.02575   -0.00812      1
  -0.03103    0.03867   -0.01839   -0.05182      2
  -0.01752    0.04185    0.05500   -0.02683      1
   0.00168    0.03994    0.01178    0.01153      2
   0.00491    0.03967    0.01130    0.00467     12
   0.00897    0.03896    0.01418    0.01614     27
   0.01137    0.03833    0.01074    0.01428    119
   0.02848    0.04031    0.05338   -0.03907      7
   0.06056    0.03962    0.07951    0.02614     13
   0.06203    0.03922    0.08888    0.02682      2
   0.06946    0.04061    0.07771    0.03924      8
   0.07079    0.04041    0.09180    0.03386     12
   0.11646    0.04019    0.10806    0.03721      1
  -0.11584    0.04216   -0.10693    0.04964      1
  -0.04721    0.04276   -0.05573    0.01372      8
  -0.04590    0.04462   -0.01337   -0.00535      1
  -0.03974    0.04205   -0.02468   -0.01301      1
  -0.01817    0.04346   -0.03019    0.04035      1
   0.02703    0.04338    0.05371   -0.03987     26
   0.04951    0.04564    0.05465    0.05669      2
   0.05373    0.04567    0.06824    0.04019      1
   0.05502    0.04403    0.06780    0.03915     15
   0.06993    0.04210    0.07483    0.03747      1
   0.08544    0.04275    0.08706    0.04115      1
  -0.05209    0.04931    0.00131    0.05758      1
  -0.03578    0.04814   -0.03656   -0.01949      2
  -0.03193    0.04857   -0.04921   -0.02652      5
  -0.02868    0.04777   -0.05088   -0.05154      4
  -0.01569    0.04912   -0.00046    0.03779      1
   0.02436    0.04856    0.04939   -0.06966      2
   0.02647    0.04611    0.04816   -0.06615      4
   0.03066    0.05000    0.02786    0.03182      1
   0.04102    0.04783    0.06947    0.01680      2
   0.04773    0.04892    0.06001    0.02672      5
   0.05758    0.04617    0.08149    0.01466      1
  -0.05135    0.05015    0.03006    0.05227      1
  -0.03893    0.05291   -0.04569    0.01481      6
  -0.03660    0.05389   -0.05759    0.00040      1
  -0.03335    0.05043   -0.05979   -0.01304      1
  -0.02821    0.05049   -0.05085   -0.04016      1
  -0.01427    0.05270   -0.00271    0.04888      2
  -0.01365    0.05029   -0.00135    0.02050      4
   0.02138    0.05194    0.06586   -0.04489      9
   0.02273    0.05047    0.04648   -0.04319      4
   0.02668    0.05189    0.04001   -0.03490      1
   0.04143    0.05227    0.05446    0.03986      1
   0.04476    0.05319    0.06116    0.04585     28
   0.04657    0.05081    0.06042    0.04333     12
  -0.03580    0.05530   -0.03310   -0.01101      2
  -0.03272    0.05726   -0.06478   -0.00901     11
  -0.02052    0.05728    0.00883    0.02078      2
  -0.01606    0.05473   -0.00268    0.03651      2
  -0.00824    0.05516    0.01451    0.02897      1
   0.00089    0.05631    0.01786   -0.02006      2
   0.01707    0.05694    0.04260   -0.06009      7
   0.01811    0.05581    0.06815   -0.04824      3
   0.04024    0.05681    0.07942    0.02681      3
   0.04348    0.05488    0.05054    0.05099     25
  -0.03001    0.06181   -0.05230    0.01343      1
  -0.02911    0.05932   -0.05965   -0.01289     13
  -0.01867    0.05957    0.02787    0.03981      1
  -0.00268    0.06152   -0.00448   -0.10999      2
   0.00010    0.06141   -0.00018   -0.08710      2
   0.00972    0.06146    0.06815   -0.06674      1
   0.01219    0.06028    0.04516   -0.06072     18
   0.01551    0.05879    0.04486   -0.05424     12
   0.03340    0.06171    0.07387    0.04652      1
   0.04018    0.05850    0.06000    0.04139      1
   0.05218    0.05913    0.06891    0.04424      1
   0.05461    0.06100    0.06784    0.04825      2
   0.16917    0.06101    0.18719    0.02598      1
  -0.02344    0.06272   -0.03318    0.06666      3
  -0.00712    0.06363   -0.02050   -0.08010     11
  -0.00359    0.06255   -0.01470   -0.07782      9
   0.00033    0.06304   -0.00124   -0.08001     14
   0.00390    0.06361    0.02427   -0.06520     17
   0.00744    0.06448    0.03963   -0.06817      7
   0.03057    0.06361    0.04026    0.06495      2
   0.07136    0.06225    0.08124    0.01594      1
  -0.02013    0.06669   -0.09187    0.05326      1
  -0.01137    0.06867   -0.06556   -0.05346      1
  -0.00700    0.06670   -0.01197   -0.08010      5
  -0.00526    0.06999   -0.05046   -0.07233      1
   0.00147    0.06903    0.01096   -0.08805     16
   0.02560    0.06630    0.06792    0.02521      3
  -0.00991    0.07144   -0.04797   -0.02670      1
  -0.00351    0.07179   -0.06541   -0.08020      1
   0.00106    0.07123    0.01669   -0.09010     12
   0.00993    0.07251    0.05547    0.04001      1
   0.01239    0.07173    0.05475   -0.00392      1
   0.01446    0.07106    0.07898    0.05188      1
   0.01263    0.08031    0.02103    0.08118      2
   0.03916    0.08856    0.02285    0.09387      2
