  -0.12474   -0.26070   -0.05913   -0.19836      1
  -0.13340   -0.25637   -0.11105   -0.18629      1
  -0.15608   -0.24323   -0.11831   -0.14506      1
  -0.18282   -0.22383   -0.12341   -0.12602      1
  -0.03523   -0.21827   -0.02811   -0.19413     22
  -0.03253   -0.21861   -0.02450   -0.18855     34
  -0.02788   -0.21942   -0.01490   -0.19515     11
  -0.02518   -0.21971   -0.02989   -0.19174     19
  -0.02000   -0.22024   -0.01009   -0.19428      3
  -0.01747   -0.22048   -0.04387   -0.19952      1
  -0.01069   -0.22168   -0.01404   -0.18666      1
  -0.00306   -0.22187    0.01540   -0.14407      1
   0.00043   -0.22186   -0.00589   -0.20998      6
   0.00391   -0.22185   -0.00233   -0.18268      3
   0.01129   -0.22134   -0.01269   -0.12139      2
   0.01577   -0.22134    0.01311   -0.16772      2
   0.02097   -0.22064    0.15594    0.24956      1
   0.03990   -0.21816    0.04545   -0.20678      2
  -0.05203   -0.21567    0.00000   -0.16736      3
  -0.04780   -0.21580   -0.05325   -0.18620      6
  -0.04395   -0.21678   -0.04081   -0.14627     15
  -0.04077   -0.21727   -0.03980   -0.17933     23
  -0.03728   -0.21788    0.00312    0.22316      1
   0.04582   -0.21685    0.01955   -0.17711      1
  -0.06948   -0.21076   -0.06664   -0.19515      2
  -0.05991   -0.21371   -0.05590   -0.15873      3
  -0.19882   -0.20974   -0.14513   -0.11096      1
  -0.08002   -0.20697   -0.06661   -0.17018      7
  -0.07652   -0.20805   -0.07781   -0.15312      7
  -0.07344   -0.20871   -0.15713   -0.09959      2
   0.07252   -0.20930    0.06571   -0.16853      1
   0.07676   -0.20808   -0.00677   -0.12491      1
  -0.09113   -0.20229   -0.08827   -0.17478     19
  -0.08799   -0.20334   -0.08082   -0.18597     22
  -0.08436   -0.20455   -0.08025   -0.17760     13
  -0.08055   -0.20584    0.14390   -0.01690      1
  -0.09891   -0.19860   -0.09247   -0.16956      8
  -0.09619   -0.19943   -0.08233   -0.14421     22
  -0.09269   -0.20148   -0.09248   -0.16825     16
  -0.10673   -0.19432   -0.08718   -0.16505      6
  -0.10461   -0.19568   -0.10123   -0.17588     20
  -0.10115   -0.19732   -0.08562   -0.16946     13
   0.10403   -0.19524    0.02530   -0.21540      1
  -0.11404   -0.19005   -0.04133   -0.17860      3
  -0.11188   -0.19101   -0.08966   -0.16182     23
  -0.10877   -0.19278   -0.09563   -0.15609     30
  -0.10571   -0.19364   -0.07529   -0.14441      4
  -0.11967   -0.18658   -0.10413   -0.16198     38
  -0.11544   -0.18850   -0.08837   -0.15457     41
  -0.11347   -0.18917   -0.07341   -0.13323      6
   0.11980   -0.18654    0.13270   -0.14081      1
  -0.12612   -0.18235   -0.11280   -0.16136      6
  -0.12360   -0.18339   -0.11531   -0.16028     55
  -0.12102   -0.18522   -0.11252   -0.17303     31
   0.12155   -0.18539    0.09156   -0.08390      1
  -0.13060   -0.17913   -0.12772   -0.15168     12
  -0.12813   -0.18070   -0.11275   -0.15422     35
  -0.12516   -0.18163   -0.07587   -0.14032      4
   0.12896   -0.18027    0.11171   -0.15838      2
  -0.13572   -0.17478   -0.12105   -0.15700     25
  -0.13241   -0.17722   -0.11272   -0.15746     13
   0.13317   -0.17710    0.13022   -0.09017      1
  -0.14256   -0.17008   -0.10723   -0.10912      1
  -0.13895   -0.17242   -0.12482   -0.15728      6
  -0.13638   -0.17334   -0.11171   -0.15406     14
  -0.02754   -0.17019   -0.01328   -0.14880      1
  -0.01999   -0.17124   -0.01887   -0.14728      1
  -0.01309   -0.17192   -0.01563   -0.15942      1
   0.00275   -0.17239   -0.00769   -0.15730      1
   0.01958   -0.17128    0.00474   -0.14301      1
   0.13675   -0.17390    0.08346   -0.10380      1
  -0.14718   -0.16610   -0.14718   -0.14354      2
  -0.14391   -0.16714   -0.08731   -0.12563     21
  -0.14059   -0.16898   -0.00927   -0.07774      1
  -0.04401   -0.16669   -0.04241   -0.13289      1
  -0.04048   -0.16758   -0.02905   -0.14608      2
  -0.03614   -0.16857   -0.02352   -0.14284      2
  -0.03250   -0.16931   -0.02766   -0.13792      4
  -0.02943   -0.16987   -0.03012   -0.14172      1
   0.13944   -0.16784    0.13280   -0.16811      2
   0.14318   -0.16877    0.19093   -0.11382      1
  -0.15068   -0.16295   -0.10864   -0.12160      4
  -0.14801   -0.16333   -0.10068   -0.13188     14
  -0.14552   -0.16500   -0.11277   -0.10545      5
  -0.05236   -0.16426   -0.05127   -0.14763      3
   0.05187   -0.16441    0.04068   -0.14094      1
   0.14970   -0.16365    0.10844   -0.10919      1
  -0.15443   -0.15937   -0.11302   -0.10576      3
  -0.15275   -0.16101   -0.10790   -0.12751      8
  -0.14982   -0.16111   -0.02096   -0.07263      1
  -0.06080   -0.16132   -0.02462   -0.13821      1
   0.15286   -0.16074    0.13945   -0.13799      3
  -0.15953   -0.15432   -0.10815   -0.11147      5
  -0.15609   -0.15609   -0.11252   -0.10077      7
  -0.15271   -0.15753   -0.13626   -0.20982      1
  -0.07516   -0.15516   -0.04971   -0.11217      2
  -0.07171   -0.15678   -0.06385   -0.12806      1
   0.15660   -0.15638    0.14257   -0.11422      1
   0.15879   -0.15469    0.04155   -0.16023      2
  -0.16328   -0.15035   -0.10988   -0.10842      4
  -0.16066   -0.15246   -0.09658   -0.10271      6
   0.07805   -0.15372    0.00331   -0.14575      1
   0.16122   -0.15227    0.14280   -0.12171      2
  -0.16698   -0.14621   -0.11958   -0.09849     12
  -0.16403   -0.14856   -0.09352   -0.10864     10
  -0.16094   -0.14745   -0.12460   -0.11376      2
  -0.17028   -0.14238   -0.13122   -0.08776      2
  -0.16810   -0.14450   -0.12648   -0.10414     20
  -0.16460   -0.14399   -0.05586   -0.06914      3
  -0.09311   -0.14510   -0.06215   -0.08942      1
   0.16745   -0.14526    0.11425   -0.09485      1
  -0.17151   -0.13883   -0.10335    0.01254      2
   0.10175   -0.13917    0.09461   -0.12926      1
  -0.17075   -0.13597   -0.07218   -0.08511      1
  -0.17853   -0.13187   -0.19757   -0.13989      1
  -0.17577   -0.13302   -0.11968   -0.04866      2
  -0.17274   -0.13245   -0.11761   -0.08767      1
  -0.10906   -0.13353   -0.06506   -0.06977      1
  -0.17591   -0.12858    0.00414   -0.05196      2
  -0.17981   -0.12380   -0.14499   -0.08918      7
  -0.11861   -0.12512   -0.07214   -0.07039      1
  -0.01807   -0.12204   -0.02172   -0.11953      1
  -0.01565   -0.12236   -0.01767   -0.11761     39
  -0.01309   -0.12269   -0.01647   -0.11972     13
  -0.00975   -0.12299   -0.00301   -0.11515      1
  -0.00401   -0.12354   -0.01391   -0.11434      2
   0.00000   -0.12364   -0.01003   -0.11668      7
   0.00287   -0.12363   -0.01077   -0.11771      3
   0.00723   -0.12334    0.00257   -0.11650      4
   0.01169   -0.12300   -0.00080   -0.11429      1
  -0.18262   -0.12009   -0.08037   -0.08399      3
  -0.18032   -0.12193   -0.07223   -0.06089      2
  -0.03326   -0.11912   -0.03743   -0.11792      4
  -0.02768   -0.12023   -0.02786   -0.11614      8
  -0.02336   -0.12111   -0.02286   -0.11492     38
  -0.01940   -0.12181   -0.01970   -0.11815     53
  -0.01795   -0.12197   -0.02192   -0.11444      2
   0.02088   -0.12178    0.00547   -0.11773      2
   0.02297   -0.12149    0.00500   -0.11688      4
   0.02649   -0.12080    0.01437   -0.11701      1
  -0.18515   -0.11575   -0.08059   -0.09761      5
  -0.04640   -0.11425   -0.05190   -0.10845      7
  -0.04465   -0.11527   -0.04724   -0.11397     16
  -0.04115   -0.11649   -0.04433   -0.11640      7
   0.04043   -0.11670    0.03755   -0.10604      1
   0.04278   -0.11597    0.02934   -0.10580      1
   0.04678   -0.11451    0.06233   -0.14756      1
  -0.05481   -0.11078   -0.05322   -0.11112     21
  -0.05137   -0.11245   -0.05542   -0.11266     59
  -0.04861   -0.11359   -0.04912   -0.11296     29
   0.04919   -0.11349    0.07067   -0.14175      1
   0.05130   -0.11256    0.06735   -0.12828      1
   0.05556   -0.11051    0.06453   -0.13173      1
  -0.18825   -0.10819   -0.12648   -0.10374      5
  -0.06258   -0.10630   -0.06732   -0.10113     24
  -0.05994   -0.10788   -0.06443   -0.10348     77
  -0.05686   -0.10966   -0.05365   -0.11114     17
   0.05902   -0.10846    0.03621   -0.10878      4
   0.06365   -0.10606    0.07469   -0.12730      1
  -0.06771   -0.10311   -0.07205   -0.09610    148
  -0.06427   -0.10522   -0.06970   -0.09751     86
   0.06512   -0.10516    0.05572   -0.10734      4
   0.06725   -0.10357    0.05256   -0.10159     12
  -0.19224   -0.10144   -0.11255   -0.08087      5
  -0.07453   -0.09831   -0.07215   -0.09540     10
  -0.07187   -0.10037   -0.07098   -0.09661    105
  -0.06956   -0.10171   -0.07287   -0.09585     26
   0.07263   -0.09928    0.05549   -0.09693     13
   0.07424   -0.09874    0.05073   -0.10119      3
  -0.15219   -0.09547   -0.11081   -0.08910      1
  -0.07912   -0.09445   -0.07157   -0.09079     16
  -0.07582   -0.09707   -0.07266   -0.09451     76
   0.06371   -0.09510    0.04098   -0.08113      1
   0.07283   -0.09600    0.04489   -0.07898      2
   0.07639   -0.09608    0.04812   -0.08868    153
   0.07845   -0.09433    0.04680   -0.08471     17
  -0.19663   -0.09194   -0.15844   -0.05673      1
  -0.15411   -0.09241   -0.11445   -0.09879      1
  -0.08292   -0.09087   -0.08178   -0.08893     29
  -0.08057   -0.09316   -0.07751   -0.08958     48
   0.07400   -0.09180    0.05170   -0.09889      1
   0.07500   -0.09123    0.05701   -0.08544      6
   0.08010   -0.09348    0.05399   -0.08685     19
   0.08294   -0.09125    0.06339   -0.09287     10
  -0.19782   -0.08907   -0.11925   -0.08696      1
  -0.15748   -0.08709   -0.10891   -0.08621      2
  -0.08638   -0.08719   -0.07920   -0.08135     38
  -0.08540   -0.08847   -0.07114   -0.08639     26
   0.06897   -0.08642    0.05309   -0.07637      6
   0.07284   -0.08747    0.05389   -0.07779     41
   0.07661   -0.08982    0.12168   -0.12645      1
   0.08522   -0.08955    0.06849   -0.08274      5
   0.08765   -0.08708    0.06633   -0.08900      9
  -0.15912   -0.08285   -0.11490   -0.09559      5
  -0.09097   -0.08349   -0.08041   -0.07738     25
  -0.08900   -0.08490   -0.07891   -0.07547     29
  -0.08383   -0.08263   -0.07120   -0.07071      2
   0.06978   -0.08554    0.05509   -0.08166      2
   0.07287   -0.08480    0.05179   -0.08224      7
   0.07516   -0.08549    0.05901   -0.08225      2
   0.08959   -0.08464    0.06991   -0.08564      2
   0.09065   -0.08390    0.08336   -0.09433      2
  -0.16114   -0.07868   -0.08969   -0.09817      5
  -0.09447   -0.07977   -0.08174   -0.07128      9
  -0.09305   -0.08106   -0.08239   -0.07380     41
  -0.08517   -0.08003   -0.07558   -0.07964      3
  -0.01583   -0.07822   -0.00076    0.07289      1
  -0.00424   -0.07963   -0.00490    0.07002      1
   0.00399   -0.07955   -0.00731    0.07072      1
   0.01038   -0.07895    0.00000    0.06389      1
   0.01513   -0.07818   -0.00033    0.06299      1
   0.05294   -0.07959    0.03354   -0.06596     30
   0.05448   -0.07801    0.03222   -0.07136      1
   0.07521   -0.08022    0.05640   -0.07223      2
   0.09349   -0.08079    0.07340   -0.07840      2
   0.09423   -0.07991    0.07389   -0.07447      3
  -0.15671   -0.07691   -0.10602   -0.07451      1
  -0.09881   -0.07438   -0.10340   -0.07210      3
  -0.09645   -0.07643   -0.08017   -0.06825      6
  -0.09084   -0.07502   -0.07712   -0.06667     18
  -0.08925   -0.07589   -0.06814   -0.06183     18
  -0.08471   -0.07589   -0.07945   -0.07299      4
  -0.02784   -0.07494   -0.00686    0.08522      1
  -0.02278   -0.07666   -0.00317    0.07553      1
  -0.01737   -0.07796   -0.00165    0.07287      1
   0.01643   -0.07792   -0.00682    0.07800      1
   0.02837   -0.07437    0.00363    0.07258      2
   0.05452   -0.07743    0.03001   -0.06528     14
   0.06092   -0.07721    0.04979   -0.07971      6
   0.06302   -0.07602    0.04634   -0.08223     16
   0.09576   -0.07768    0.06668   -0.08722      3
  -0.16240   -0.07215   -0.14750   -0.06014      2
  -0.16173   -0.07329   -0.12912   -0.08037      1
  -0.09996   -0.07282   -0.10249   -0.06355      5
  -0.09416   -0.07165   -0.07475   -0.04509      1
  -0.09184   -0.07222   -0.07914   -0.06340     13
  -0.08923   -0.07126   -0.07997   -0.06226     30
  -0.01350   -0.07076   -0.01380   -0.06331      1
   0.02563   -0.07274    0.00882    0.07508      1
   0.02774   -0.07071    0.01099    0.05741      4
   0.06107   -0.07222    0.02987   -0.07140      1
  -0.09426   -0.06995   -0.06497   -0.05830      1
  -0.09181   -0.06701   -0.07437   -0.06076     57
  -0.08942   -0.06958   -0.07434   -0.05344     11
  -0.01454   -0.06970   -0.01710   -0.05594      3
  -0.01398   -0.06964   -0.01719   -0.06312     22
  -0.00082   -0.06978    0.00084    0.06029      1
   0.02010   -0.06699    0.00246    0.06022      3
   0.02815   -0.06986   -0.00212    0.06386      1
   0.04584   -0.06730    0.03491   -0.07804      1
   0.04675   -0.06659    0.02917   -0.06489     31
   0.07026   -0.06929    0.05808   -0.07224      1
   0.08679   -0.06899    0.07612   -0.07533      1
  -0.10529   -0.06490   -0.10044   -0.06673      1
  -0.09866   -0.06326   -0.06983   -0.04424      5
  -0.09434   -0.06433   -0.07157   -0.06071     19
  -0.09307   -0.06493   -0.07160   -0.06315     96
  -0.08907   -0.06497   -0.07134   -0.05593      3
   0.03107   -0.06209    0.00564    0.05189      1
   0.03415   -0.06526    0.00557    0.06365      1
   0.04075   -0.06239    0.00257    0.06258      3
   0.04475   -0.06204    0.00623    0.04547      1
   0.04918   -0.06533    0.03046   -0.06680     47
   0.05060   -0.06445    0.03654   -0.06697     25
   0.07270   -0.06354    0.05431   -0.06425      6
  -0.16540   -0.06037   -0.11537    0.06130      2
  -0.10817   -0.05907   -0.10470   -0.05890      2
  -0.09518   -0.06096   -0.06778   -0.05177     10
  -0.09297   -0.06106   -0.06733   -0.05403     23
  -0.07949   -0.05862   -0.06380   -0.05401      3
  -0.07712   -0.06189   -0.08064   -0.05345      2
   0.04185   -0.06123    0.00713    0.07280      8
   0.04439   -0.06025    0.00364    0.06089     31
   0.04687   -0.06032    0.00288    0.06362     10
   0.05174   -0.06058    0.03173   -0.06391     26
   0.05408   -0.05848    0.03938   -0.06134      1
   0.07258   -0.06039    0.02518   -0.05280      1
   0.07435   -0.06122    0.06076   -0.05080      1
  -0.16618   -0.05706   -0.10885   -0.01433      1
  -0.11001   -0.05449   -0.09789   -0.04115      1
  -0.10971   -0.05510   -0.08763   -0.05343      6
  -0.09571   -0.05493   -0.06754   -0.05381     11
  -0.08261   -0.05447   -0.04860   -0.06814      1
  -0.08078   -0.05650   -0.06457   -0.06050      4
  -0.03611   -0.05512   -0.02294    0.04283      2
  -0.00022   -0.05424   -0.00576    0.04099      1
   0.00678   -0.05494    0.00083    0.05125      7
   0.01143   -0.05529    0.00467    0.04875      2
   0.01556   -0.05648    0.00248    0.04583      1
   0.01969   -0.05631    0.00645    0.05332      6
   0.03912   -0.05483    0.01795    0.04893      3
   0.04852   -0.05560    0.00594    0.06432     14
   0.05268   -0.05613    0.02937   -0.05667     13
   0.05596   -0.05470    0.03088   -0.05792     69
   0.05967   -0.05421    0.04141   -0.04907      3
   0.07913   -0.05493    0.06460   -0.06003      1
  -0.11089   -0.05259   -0.09466   -0.05531      2
  -0.09818   -0.05096   -0.07078   -0.04699      2
  -0.09697   -0.05243   -0.07725   -0.05402      4
  -0.08414   -0.05123   -0.06167   -0.05431     42
  -0.06260   -0.05011   -0.01172    0.08559      1
  -0.03532   -0.05046   -0.03148    0.03340      1
  -0.01967   -0.05192   -0.03019    0.00900      1
  -0.01420   -0.05060   -0.01931    0.03497      4
  -0.01190   -0.05160   -0.01688    0.04868      7
  -0.00920   -0.05014   -0.01877    0.03040     22
  -0.00401   -0.05020   -0.01444    0.02784     80
  -0.00072   -0.05117   -0.00856    0.03549      6
   0.00473   -0.05082   -0.00778    0.03503     13
   0.00666   -0.05048    0.00097    0.04000     12
   0.01162   -0.05071   -0.00064    0.04049     17
   0.01542   -0.05210    0.00459    0.05024     12
   0.01988   -0.05107    0.00719    0.05533     17
   0.02332   -0.05051    0.01516    0.05183      3
   0.02789   -0.05046    0.01336    0.05787      1
   0.03151   -0.05040    0.01356   -0.04760      1
   0.03614   -0.05020    0.01597   -0.05064      1
   0.03927   -0.05085   -0.00138    0.04948      1
   0.05248   -0.05304    0.02528   -0.05268     13
   0.05520   -0.05220    0.03275   -0.05792     53
   0.06047   -0.05064    0.00411    0.06223      2
  -0.08656   -0.04660   -0.06687   -0.05836     50
  -0.08526   -0.04913   -0.06532   -0.04865     71
  -0.02737   -0.04613   -0.02639    0.03306      1
  -0.01999   -0.04721   -0.01714    0.03816     22
  -0.01435   -0.04928   -0.01823    0.03721      5
  -0.01060   -0.04724   -0.01604    0.03442     25
  -0.00960   -0.04763   -0.02108    0.02341      1
  -0.00295   -0.04952   -0.01751    0.03344     45
   0.00076   -0.04837   -0.00860    0.02935     12
   0.00472   -0.04839   -0.00513    0.03471     46
   0.00782   -0.04810   -0.00299    0.03683     84
   0.01086   -0.04927   -0.00196    0.03227     17
   0.01626   -0.04899   -0.00348    0.05388     17
   0.01846   -0.04863    0.01104    0.05029      3
   0.02311   -0.04759    0.01685   -0.03078      1
   0.02636   -0.04929    0.02683    0.05997      1
   0.05399   -0.04696    0.02790   -0.05221     23
   0.05404   -0.04707    0.02996   -0.04909     63
   0.06126   -0.04815    0.04717   -0.04953      1
   0.06395   -0.04708    0.00478    0.06913     14
   0.06676   -0.04622    0.03585   -0.04449      2
  -0.11558   -0.04407   -0.11113   -0.04445      1
  -0.08758   -0.04472   -0.07444   -0.04555     75
  -0.08578   -0.04477   -0.07048   -0.06020      3
  -0.06461   -0.04456   -0.03933    0.02243      2
  -0.03558   -0.04304   -0.02242    0.03391      8
  -0.03256   -0.04299   -0.02347    0.03947      5
  -0.02950   -0.04314   -0.01799    0.03714      8
  -0.02426   -0.04346   -0.02492    0.03046     21
  -0.02034   -0.04239   -0.03429   -0.03879    196
  -0.01672   -0.04341   -0.02748    0.02408      3
  -0.01324   -0.04423   -0.01913    0.03174     36
   0.00844   -0.04548    0.01299   -0.04683      1
   0.02092   -0.04446    0.01346    0.05693      1
   0.02479   -0.04457    0.00280    0.04231      3
   0.02727   -0.04308    0.00983    0.04913      2
   0.03523   -0.04573    0.01771    0.05386      1
   0.04965   -0.04522    0.03016   -0.05030     30
   0.05297   -0.04480    0.03022   -0.05053     42
   0.05542   -0.04558    0.02639   -0.04819      6
   0.05860   -0.04485    0.01717    0.05935      7
   0.06537   -0.04477    0.00447    0.06834     11
   0.06734   -0.04297    0.03535   -0.01632     17
   0.08551   -0.04363    0.06640   -0.05165      2
   0.10113   -0.04313   -0.00418    0.00167      1
   0.10358   -0.04256    0.09121   -0.03451      3
   0.10947   -0.04382    0.09608   -0.04545      4
   0.11452   -0.04401    0.08424   -0.03247      5
  -0.08856   -0.03970   -0.06976   -0.04058     70
  -0.07025   -0.03880   -0.01388    0.06877      2
  -0.06903   -0.04094   -0.00830    0.07514      1
  -0.05103   -0.03904   -0.03210    0.02681      2
  -0.04561   -0.04138   -0.02654    0.03260      3
  -0.03853   -0.03851   -0.03173    0.03783     20
  -0.03501   -0.03925   -0.03174    0.03252    206
  -0.03294   -0.04017   -0.03086    0.03124    143
  -0.02972   -0.03931   -0.02816    0.03287      8
  -0.02248   -0.03854   -0.03212   -0.03360    512
  -0.02049   -0.04023   -0.03143   -0.03588    503
  -0.01549   -0.04088   -0.02315    0.03235    116
  -0.01222   -0.03816   -0.02893   -0.00378      4
  -0.00818   -0.03913   -0.02261    0.01429      6
  -0.00374   -0.03981   -0.01334    0.02513     19
   0.00139   -0.03996   -0.00710   -0.01348     13
   0.00480   -0.03969    0.00868   -0.00933     53
   0.00820   -0.03913    0.01075   -0.00791     65
   0.01095   -0.03845    0.01450   -0.00781     21
   0.02686   -0.03870    0.01150   -0.04139      4
   0.03117   -0.03891    0.01502   -0.04038     27
   0.03494   -0.03807    0.01854   -0.03701      1
   0.04516   -0.03864    0.01811   -0.03744     18
   0.04926   -0.03991    0.02033   -0.03904     10
   0.05229   -0.03911    0.02834   -0.04454     60
   0.06048   -0.04047    0.03348   -0.04004      3
   0.06261   -0.03912    0.00782    0.07971      1
   0.06854   -0.04007    0.05287   -0.03186     22
   0.07101   -0.03874    0.05733   -0.04497      2
   0.08671   -0.04093    0.06535   -0.03230      1
   0.09098   -0.03875    0.07910   -0.06247      1
   0.10412   -0.04137    0.09541   -0.04011      1
  -0.09036   -0.03514   -0.06800   -0.03577     13
  -0.08927   -0.03511   -0.07021   -0.03538     55
  -0.07144   -0.03626   -0.00126    0.06568      1
  -0.06994   -0.03700   -0.00965    0.07135      1
  -0.04663   -0.03477   -0.03017    0.03572      8
  -0.04324   -0.03592   -0.03311    0.03745    138
  -0.04039   -0.03604   -0.03104    0.03256     58
  -0.03575   -0.03763   -0.03227    0.02810     54
  -0.03327   -0.03632   -0.04900    0.02852      1
  -0.02842   -0.03510   -0.04019   -0.02792     21
  -0.02375   -0.03713   -0.03683   -0.03104     51
  -0.02073   -0.03700   -0.03044   -0.03713    758
  -0.01769   -0.03676   -0.02876   -0.03537     73
  -0.01308   -0.03784   -0.01869   -0.01118      6
   0.01374   -0.03755    0.01446   -0.00845      9
   0.01478   -0.03715    0.01284   -0.00813     16
   0.02010   -0.03514    0.00729   -0.01293     29
   0.02213   -0.03531    0.00906   -0.04074      3
   0.02880   -0.03657    0.01709   -0.04065      1
   0.03306   -0.03648    0.01902    0.04374      4
   0.03554   -0.03647    0.01898   -0.03630      9
   0.04138   -0.03612    0.02184   -0.03584     18
   0.04502   -0.03718    0.01979   -0.03730      4
   0.05302   -0.03620    0.02801   -0.03939     54
   0.05792   -0.03427    0.04394   -0.03583      1
   0.06328   -0.03715    0.06761   -0.02148     23
   0.06814   -0.03507    0.05179   -0.03104      8
   0.07133   -0.03645    0.05738   -0.03774     17
  -0.11906   -0.03342   -0.16538   -0.01914      1
  -0.09079   -0.03137   -0.07262   -0.03167    130
  -0.08969   -0.03253   -0.06477   -0.03499     87
  -0.05781   -0.03020   -0.03159    0.04379      1
  -0.05021   -0.03052   -0.03337    0.03460      4
  -0.04682   -0.03266   -0.03303    0.03228     29
  -0.04456   -0.03111   -0.03562    0.02969     18
  -0.04088   -0.03249   -0.03201    0.03015     48
  -0.03424   -0.03116   -0.03883   -0.02728    157
  -0.03247   -0.03154   -0.03925   -0.02551    677
  -0.02762   -0.03136   -0.03814   -0.02662    422
  -0.02557   -0.03258   -0.03794   -0.02840    159
  -0.02131   -0.03383   -0.01552   -0.02209      1
   0.02131   -0.03383    0.00958   -0.01642      8
   0.02373   -0.03218    0.01179   -0.01631     28
   0.02602   -0.03036    0.00784   -0.01099      1
   0.03052   -0.03210    0.01699    0.02155      2
   0.04388   -0.03131    0.02297   -0.03468     11
   0.05342   -0.03257    0.03095   -0.03256     59
   0.05422   -0.03050    0.03516   -0.02954      8
   0.06109   -0.03226    0.04954   -0.02637      2
   0.06515   -0.03332    0.05910   -0.02968      6
   0.06705   -0.03238    0.01567    0.06654      2
   0.07230   -0.03264    0.00929    0.07275      2
   0.10860   -0.03104    0.08390   -0.03653     15
   0.21905   -0.03016    0.21141   -0.04842      1
  -0.09091   -0.02829   -0.06619   -0.02788     22
  -0.07751   -0.02739   -0.08010   -0.01131      3
  -0.05982   -0.02637   -0.02439    0.03345      1
  -0.05541   -0.02790   -0.02913    0.03592     11
  -0.05181   -0.02852   -0.03372    0.03026     14
  -0.04893   -0.02757   -0.03517    0.03226      5
  -0.04434   -0.02851   -0.03526    0.02910     28
  -0.04000   -0.02865   -0.03408    0.02351     76
  -0.03570   -0.02846   -0.04009   -0.01954    346
  -0.03009   -0.02632   -0.03240    0.00000      1
  -0.02909   -0.02836   -0.02591   -0.00709     10
   0.02914   -0.02738    0.00902   -0.01609      3
   0.03032   -0.02606    0.01285   -0.02023      4
   0.04503   -0.02636    0.02606   -0.03131      8
   0.05362   -0.02758    0.03020   -0.02926    223
   0.05430   -0.02874    0.03096   -0.03028    106
   0.06063   -0.02737    0.05323   -0.02327      2
   0.06576   -0.02677    0.02383    0.04702      8
   0.06873   -0.02652    0.02074    0.05436     45
   0.07366   -0.02932    0.06778   -0.02023      8
   0.10867   -0.02983    0.08210   -0.01626      1
  -0.10960   -0.02214   -0.03239   -0.00079      3
  -0.10408   -0.02267   -0.06400    0.03489      1
  -0.09158   -0.02425   -0.06756   -0.03106      8
  -0.07839   -0.02443   -0.06240   -0.01449      3
  -0.05993   -0.02449   -0.03030    0.03318     19
  -0.05767   -0.02566   -0.03136    0.03712     36
  -0.05148   -0.02366   -0.03839    0.02811     13
  -0.04826   -0.02381   -0.03915    0.02076     29
  -0.04232   -0.02222   -0.04241    0.00086     59
  -0.04075   -0.02322   -0.04357   -0.01805    709
  -0.03488   -0.02249   -0.03453    0.01785    189
  -0.03359   -0.02351   -0.03352    0.01873     75
   0.03194   -0.02396    0.00420   -0.01460     23
   0.03659   -0.02323    0.02340    0.03082      1
   0.04486   -0.02571    0.02456   -0.02990      3
   0.04767   -0.02321    0.02348   -0.02968      3
   0.05343   -0.02360    0.03047   -0.02814    177
   0.05427   -0.02414    0.03556   -0.02651     32
   0.06781   -0.02417    0.02490    0.05317     52
   0.07042   -0.02436    0.05935   -0.01589     11
  -0.10992   -0.02125   -0.09756   -0.00629      2
  -0.09236   -0.02052   -0.07400   -0.02555      6
  -0.07981   -0.01966   -0.07165   -0.02440     11
  -0.06004   -0.02172   -0.02872    0.03459     14
  -0.05616   -0.01939   -0.04278    0.03247      2
  -0.05157   -0.02105   -0.04063    0.01984     18
  -0.04831   -0.02064   -0.04242    0.02178     31
  -0.04245   -0.02131   -0.04414   -0.01585    117
  -0.04107   -0.02058   -0.04342   -0.01426    383
  -0.03538   -0.02058   -0.03334    0.01699     60
  -0.03377   -0.02170   -0.02154    0.00158      5
   0.03376   -0.02141    0.01274   -0.01711     39
   0.03447   -0.02026    0.01202   -0.01596    154
   0.04111   -0.01811    0.02265   -0.02262      4
   0.04382   -0.01824    0.01976   -0.02059      5
   0.04800   -0.01881    0.03084   -0.01871     47
   0.05237   -0.02098    0.03639   -0.01896     98
   0.05639   -0.01963    0.03991   -0.01429     25
   0.05851   -0.01855    0.03391    0.03991     23
   0.06890   -0.01854    0.02848    0.05789     64
   0.07501   -0.02058    0.06091   -0.01609      1
  -0.09308   -0.01616   -0.06297   -0.02430      1
  -0.08065   -0.01547   -0.07266   -0.02540     34
  -0.06255   -0.01690   -0.03990    0.02445      1
  -0.05943   -0.01531   -0.03961    0.02408      4
  -0.05555   -0.01453   -0.04849   -0.01139     77
  -0.05323   -0.01610   -0.04458    0.02214     23
  -0.04885   -0.01524   -0.03883    0.00552     10
  -0.04299   -0.01537   -0.04356   -0.01012    163
  -0.04106   -0.01700   -0.04340   -0.01132    248
  -0.03692   -0.01534   -0.02972    0.00411     26
  -0.00760   -0.01470   -0.01543   -0.02712      5
   0.00194   -0.01436   -0.00655    0.04088      1
   0.00239   -0.01411   -0.02190   -0.03081      1
   0.03689   -0.01578    0.01170   -0.01526     50
   0.03886   -0.01532    0.01975   -0.01886     52
   0.04433   -0.01560    0.02699   -0.01717     78
   0.04813   -0.01565    0.03425   -0.01463     18
   0.05052   -0.01774    0.03843   -0.01441     24
   0.05725   -0.01679    0.03891   -0.01123     33
   0.05808   -0.01450    0.03697   -0.01014     12
   0.06273   -0.01535    0.03246    0.03814      4
   0.06941   -0.01678    0.02965    0.05894     10
   0.12228   -0.01559    0.10097   -0.02649      3
   0.22025   -0.01525    0.19944   -0.03372      2
  -0.08117   -0.01258   -0.06258   -0.02003     16
  -0.06478   -0.01200   -0.02592    0.02947      2
  -0.05869   -0.01135   -0.04768   -0.00901    297
  -0.05513   -0.01261   -0.04986   -0.01423    277
  -0.05362   -0.01186   -0.04996   -0.01506    135
  -0.04335   -0.01174   -0.04180   -0.00599    263
  -0.03869   -0.01125   -0.03903   -0.00161     19
  -0.03772   -0.01325   -0.03059   -0.00273      3
  -0.01061   -0.01096   -0.04101   -0.02133      9
  -0.00749   -0.01339   -0.03458   -0.03309     20
   0.03776   -0.01315    0.00986   -0.01049    195
   0.03851   -0.01083    0.01288   -0.01055    521
   0.04319   -0.01369    0.03283   -0.01429      7
   0.04816   -0.01240    0.03381   -0.01347     36
   0.05079   -0.01298    0.03462   -0.01413     19
   0.05615   -0.01129    0.03730    0.02525      5
   0.05846   -0.01301    0.03642   -0.01591     10
   0.06436   -0.01279    0.03494    0.03629      7
   0.07099   -0.01381    0.05469   -0.01496      1
   0.07786   -0.01118    0.00769    0.07224      2
   0.12274   -0.01007    0.09557   -0.01174      1
  -0.14492   -0.00958    0.28251    0.07570      1
  -0.12340   -0.00828   -0.12058   -0.00147      1
  -0.09426   -0.00883   -0.06810   -0.01742     15
  -0.08176   -0.00724   -0.06591   -0.01870     32
  -0.06643   -0.00693   -0.03721    0.03787      2
  -0.06340   -0.00614   -0.05110   -0.00768     24
  -0.06031   -0.00787   -0.04862   -0.00812    178
  -0.05638   -0.00932   -0.04070    0.01569     18
  -0.05290   -0.00894   -0.04906   -0.01680     46
  -0.04335   -0.00691   -0.04018   -0.00674     88
  -0.04165   -0.00737   -0.03935   -0.00407     43
  -0.01479   -0.00793   -0.06082    0.02482      1
  -0.01291   -0.00717   -0.03990   -0.01508     15
   0.01205   -0.00712    0.01243   -0.01655      3
   0.01527   -0.00802    0.00315   -0.01313      1
   0.03897   -0.00895    0.01282   -0.00802    649
   0.04448   -0.00803    0.03776    0.01582      5
   0.04984   -0.00923    0.03774   -0.00815     64
   0.05053   -0.00817    0.03762   -0.00462      7
   0.05692   -0.00648    0.03847    0.00192     20
   0.05922   -0.00790    0.04251   -0.01022      4
   0.06575   -0.00938    0.03313    0.04033      3
   0.06992   -0.00747    0.03185    0.05323     10
   0.07114   -0.00922    0.04166    0.01147      2
   0.07419   -0.00895    0.09772    0.00855      1
   0.07801   -0.00835    0.01251    0.05990      1
   0.12291   -0.00812    0.09767   -0.01212      7
  -0.13985   -0.00344   -0.05153    0.05028      1
  -0.08202   -0.00294   -0.06925   -0.01518      4
  -0.08188   -0.00415   -0.06437   -0.01936     40
  -0.07748   -0.00200   -0.06748   -0.01117      1
  -0.06618   -0.00539   -0.03866    0.04269      4
  -0.06340   -0.00470   -0.05215   -0.00864    221
  -0.06134   -0.00469   -0.05063   -0.00695     24
  -0.04933   -0.00495   -0.04643   -0.02028      2
  -0.04404   -0.00576   -0.04131   -0.00978     43
  -0.04127   -0.00350   -0.03933   -0.00494    213
  -0.01551   -0.00336   -0.02988   -0.00670      6
  -0.01400   -0.00583   -0.06244   -0.03005      3
   0.01114   -0.00404    0.01187   -0.01471      3
   0.01523   -0.00421    0.03459   -0.01580      8
   0.03961   -0.00547    0.00896   -0.00474     15
   0.04917   -0.00399    0.03952    0.01231      9
   0.05195   -0.00316    0.03698    0.01355     17
   0.05585   -0.00434    0.03774    0.01615     55
   0.05825   -0.00431    0.04425    0.02412      1
   0.06792   -0.00234    0.03449    0.04126    297
   0.22182   -0.00302    0.16857   -0.31704      1
  -0.13869    0.00121   -0.28907    0.35068      1
  -0.12368    0.00021   -0.12933    0.00814      1
  -0.08202    0.00043   -0.07300   -0.01622     29
  -0.07963    0.00107   -0.07109   -0.01289    289
  -0.07667    0.00093   -0.06719   -0.00821    170
  -0.07021    0.00148   -0.05729   -0.00809     25
  -0.06671    0.00072   -0.05587   -0.00586    346
  -0.06432   -0.00020   -0.05487   -0.00193    358
  -0.04463    0.00151   -0.04290   -0.01541    526
  -0.04155   -0.00053   -0.04040   -0.00812    344
  -0.03506    0.00179   -0.11607    0.00200      2
  -0.01521    0.00043   -0.03564    0.00026     32
  -0.01366    0.00176   -0.11077    0.01065      4
   0.01707    0.00010    0.00504   -0.00194      1
   0.03997    0.00070    0.00797   -0.01242     27
   0.04329    0.00086    0.03498   -0.00557      2
   0.04950    0.00095    0.03597    0.00132      1
   0.05208   -0.00059    0.04097    0.00594      6
   0.05628    0.00020    0.03779   -0.00793     23
   0.06883   -0.00163    0.03522    0.04301    155
   0.12348   -0.00163    0.09976   -0.00481      4
  -0.14015    0.00590   -0.09688   -0.02433      1
  -0.08068    0.00412   -0.07198   -0.00632    352
  -0.07485    0.00296   -0.06979   -0.00264    220
  -0.07134    0.00492   -0.05669   -0.00556    312
  -0.06891    0.00362   -0.05584   -0.00317    892
  -0.06524    0.00368   -0.05297    0.00358     93
  -0.05024    0.00542   -0.04515   -0.01214     44
  -0.04800    0.00369   -0.04250   -0.01615   1474
  -0.04572    0.00224   -0.04420   -0.01531    180
  -0.04145    0.00222   -0.03939   -0.00070    122
  -0.03676    0.00323   -0.05658    0.00057     14
  -0.03123    0.00274   -0.01148   -0.03317      1
  -0.01459    0.00571   -0.01950    0.00428      4
   0.00382    0.00572    0.00093    0.02797      8
   0.00694    0.00485    0.01558    0.01496      9
   0.01391    0.00591    0.02689    0.00245      1
   0.01565    0.00363    0.02755   -0.02652      4
   0.03987    0.00300    0.00887   -0.01538     93
   0.04575    0.00221    0.04302   -0.00392      1
   0.04975    0.00501    0.04133   -0.00110     24
   0.05033    0.00547    0.03957    0.00167      5
   0.05557    0.00459    0.03873   -0.00300     18
   0.06480    0.00540    0.05870    0.00909      1
   0.07282    0.00209    0.06185    0.00552      1
  -0.14103    0.00714   -0.10829   -0.02493      2
  -0.12296    0.00668   -0.12079    0.01172      4
  -0.08077    0.00726   -0.07018   -0.00559    109
  -0.07559    0.00805   -0.06746    0.00169     51
  -0.07128    0.00747   -0.05541   -0.00182    170
  -0.06729    0.00896   -0.05554    0.00812    180
  -0.06531    0.00805   -0.05354   -0.00158     36
  -0.06105    0.00902   -0.05664    0.00122     27
  -0.05458    0.00963   -0.05444    0.01592    130
  -0.05223    0.00718   -0.04609    0.00283    249
  -0.04626    0.00902   -0.04209   -0.00972      1
  -0.04317    0.00857   -0.04140   -0.00911     60
  -0.04118    0.00805   -0.03963   -0.00337     64
  -0.03703    0.00903   -0.10498    0.00808      1
  -0.01488    0.00685   -0.04935    0.02438      3
  -0.01336    0.00698   -0.03050   -0.02210      9
   0.00166    0.00632   -0.00414    0.01969      9
   0.00234    0.00603    0.00061    0.02693      2
   0.01267    0.00694    0.01038    0.01580      1
   0.03923    0.00854    0.01287   -0.00806     70
   0.04939    0.00739    0.03944   -0.00081      7
   0.05256    0.00750    0.04214   -0.00046     70
   0.05431    0.00932    0.04586   -0.00147     17
   0.12342    0.00627    0.09838    0.01103      1
  -0.22014    0.01196   -0.19421    0.01212      2
  -0.14087    0.01334   -0.12853   -0.01531      2
  -0.12295    0.01116   -0.12106    0.01133      2
  -0.09388    0.01325   -0.07377   -0.00085      2
  -0.07837    0.01126   -0.07867    0.01018     40
  -0.07451    0.01099   -0.06299    0.00000     15
  -0.07205    0.01152   -0.07006    0.01132     72
  -0.06638    0.01172   -0.05530    0.00925     23
  -0.06240    0.01219   -0.05938    0.00807     42
  -0.06044    0.01105   -0.05633    0.00905     78
  -0.05598    0.01132   -0.05244    0.00222    385
  -0.04265    0.01338   -0.04043   -0.00572     88
  -0.04152    0.01144   -0.04009   -0.00205     37
  -0.03767    0.01341   -0.03435    0.01035     13
  -0.01032    0.01138   -0.03843   -0.03406     12
  -0.00740    0.01343   -0.03761   -0.04051     25
  -0.00498    0.01305   -0.02644    0.05105      2
  -0.00109    0.01008   -0.01426    0.03108      2
   0.03790    0.01274    0.00421   -0.01969      4
   0.03922    0.01244    0.01806   -0.00201     89
   0.04373    0.01159    0.03587    0.01543     12
   0.04784    0.01211    0.03792    0.01323      6
   0.05351    0.01334    0.03668   -0.00643      9
   0.06120    0.01290    0.05838    0.01093      1
   0.12284    0.01343    0.10839    0.02245      1
  -0.22100    0.01669   -0.22118    0.02208      1
  -0.13465    0.01780   -0.11698    0.00163      1
  -0.12250    0.01498   -0.11880    0.01459      1
  -0.10383    0.01799   -0.18031    0.21874      1
  -0.10196    0.01555   -0.07683   -0.00930      1
  -0.09490    0.01795   -0.08538    0.00447      1
  -0.07877    0.01721   -0.06480    0.00124     15
  -0.07452    0.01509   -0.06577    0.00335      2
  -0.07341    0.01650   -0.07655    0.01610      8
  -0.06854    0.01563   -0.06369    0.01965     19
  -0.06207    0.01410   -0.06420    0.03257      1
  -0.05887    0.01571   -0.05954    0.01611     73
  -0.05789    0.01511   -0.05572    0.00671     21
  -0.04750    0.01530   -0.06409    0.00428      2
  -0.04242    0.01538   -0.04220   -0.00714     94
  -0.04114    0.01644   -0.04195   -0.00883    115
  -0.03683    0.01556   -0.03060    0.00429     55
  -0.00878    0.01405   -0.02748   -0.05718      2
  -0.00079    0.01420   -0.01286    0.04029      1
   0.03711    0.01632    0.02162    0.01470     26
   0.03893    0.01597    0.02173   -0.01736     37
   0.04913    0.01688    0.03919    0.01169     11
   0.05328    0.01587    0.03711   -0.00511     28
   0.07320    0.01550    0.03558    0.05629      3
   0.10100    0.01443    0.08177   -0.01295      1
   0.12242    0.01668    0.11731    0.00515      2
  -0.22048    0.02001   -0.21155    0.04868      2
  -0.13884    0.01957   -0.13905    0.00858      2
  -0.12208    0.01986   -0.11996    0.01921      1
  -0.12164    0.02100   -0.12104    0.01439      2
  -0.11633    0.01900   -0.11853    0.00787      3
  -0.10639    0.02157   -0.08061    0.01867      3
  -0.09468    0.01971   -0.08066    0.00626     45
  -0.07930    0.01859   -0.07145    0.00756      2
  -0.07755    0.02097   -0.01511    0.06393      2
  -0.07354    0.01859   -0.06924    0.01363      6
  -0.06825    0.01913   -0.05702    0.02071      5
  -0.06577    0.02065   -0.06937    0.02831      3
  -0.05888    0.01996   -0.05466    0.00767     16
  -0.05746    0.02000   -0.06089    0.01135     32
  -0.04853    0.02121   -0.04859   -0.01423     15
  -0.04204    0.01823   -0.04558    0.00536      1
  -0.04003    0.02013   -0.04332   -0.01211    384
  -0.03589    0.02055   -0.03383    0.01963    252
  -0.03318    0.02160   -0.09562    0.00537      7
   0.03361    0.02165   -0.00039    0.00936      4
   0.03465    0.01994    0.00623    0.00929      8
   0.04041    0.02061    0.02483   -0.02109     26
   0.04254    0.02003    0.02921   -0.01693     19
   0.04682    0.01937    0.03758   -0.01120     50
   0.05142    0.01983    0.03845    0.01196     47
   0.12165    0.02160    0.10656    0.01064      1
  -0.13863    0.02557   -0.06100    0.02440      1
  -0.13421    0.02548   -0.10323   -0.00740      1
  -0.12082    0.02533   -0.10929    0.01052      1
  -0.10852    0.02543   -0.08757    0.03144      4
  -0.09485    0.02314   -0.06288    0.02452      1
  -0.07800    0.02358   -0.08534    0.00507      1
  -0.07696    0.02390   -0.01328    0.06363      5
  -0.06754    0.02402   -0.05831    0.03678      8
  -0.06253    0.02453   -0.06377    0.01690     12
  -0.05867    0.02395   -0.05618    0.00398     30
  -0.05745    0.02429   -0.05555    0.00631     41
  -0.05227    0.02288   -0.04810    0.01921      2
  -0.04789    0.02469   -0.04731   -0.01087     43
  -0.04352    0.02560   -0.03907    0.02640      6
  -0.03912    0.02489   -0.04341   -0.01551    338
  -0.03540    0.02240   -0.03628    0.01798     62
  -0.03232    0.02353   -0.02537   -0.00859     25
  -0.02838    0.02562   -0.01690    0.00259      1
   0.03317    0.02232    0.00026    0.00989     24
   0.04110    0.02232    0.02941   -0.02078      6
   0.04510    0.02404    0.03316   -0.01460     29
   0.04643    0.02414    0.03742   -0.01294     20
   0.05114    0.02386    0.04113    0.01372     21
   0.06257    0.02597    0.05328    0.03189      1
   0.06979    0.02257    0.04372    0.04835     10
   0.07594    0.02405   -0.00066    0.07559      1
   0.12128    0.02357    0.11078    0.01200      4
   0.22037    0.02410    0.16864    0.02822      1
  -0.21963    0.02685   -0.12068    0.04203      1
  -0.07541    0.02787   -0.00909    0.06324      4
  -0.06769    0.02920   -0.06451    0.01985      1
  -0.06266    0.02644   -0.06341    0.02583      5
  -0.05979    0.02793   -0.06736    0.01163      2
  -0.05746    0.02706   -0.05969    0.01393     12
  -0.04736    0.02803   -0.04957   -0.01491    148
  -0.04394    0.02839   -0.03985    0.01866     10
  -0.03862    0.02699   -0.04391   -0.01600    409
  -0.03724    0.02794   -0.04331   -0.01856    310
  -0.03016    0.02625   -0.02164   -0.02163      4
  -0.02725    0.02929   -0.02141   -0.00064     49
  -0.02451    0.02751   -0.08806    0.02592      3
  -0.02017    0.02916   -0.11157    0.18533      3
   0.04162    0.02943    0.02570   -0.02889     12
   0.04380    0.02933    0.03316   -0.01467     33
   0.04863    0.02977    0.04108    0.03221      3
   0.05060    0.02753    0.04229   -0.00705     28
   0.06258    0.02601    0.05497    0.02001      1
   0.06902    0.02928    0.06092    0.02906      1
   0.12058    0.02707    0.10726    0.02093      2
   0.21962    0.02989    0.14298    0.02341      1
  -0.11938    0.03107   -0.11980    0.02503      7
  -0.11223    0.03261   -0.09896    0.02339      1
  -0.07394    0.03180   -0.01551    0.08133      1
  -0.06315    0.03256   -0.06993    0.02731      4
  -0.05889    0.03251   -0.06254    0.02712      3
  -0.05602    0.03345   -0.05575    0.00350      8
  -0.05179    0.03331   -0.04849   -0.00479     11
  -0.04731    0.03211   -0.04965   -0.01351    116
  -0.04329    0.03184   -0.04374    0.01955     35
  -0.03962    0.03108   -0.03902    0.02304     15
  -0.03557    0.03252   -0.03753   -0.00186    134
  -0.03158    0.03317   -0.03861   -0.02420    453
  -0.02809    0.03136   -0.03820   -0.02637    791
  -0.02502    0.03195   -0.02351    0.01156     92
  -0.02168    0.03368   -0.02361   -0.02794     29
   0.02148    0.03348   -0.00045   -0.02156      3
   0.02389    0.03206    0.00260   -0.02704      8
   0.03074    0.03277    0.01946   -0.02361      1
   0.04111    0.03362    0.02275   -0.02673      1
   0.04400    0.03164    0.03957   -0.01515     33
   0.04763    0.03334    0.04136    0.00392      8
   0.05018    0.03099    0.03703   -0.02225      1
   0.11929    0.03223    0.11659    0.03080      1
  -0.21816    0.03737   -0.15355    0.02570      3
  -0.11759    0.03735   -0.13339    0.03576      2
  -0.08755    0.03589   -0.08332    0.02108      4
  -0.07191    0.03692   -0.04164    0.05071      2
  -0.06294    0.03630   -0.04655    0.02246      5
  -0.06010    0.03465   -0.05810    0.01235      3
  -0.05508    0.03587   -0.05476    0.00301     66
  -0.05254    0.03631   -0.05265   -0.00295    289
  -0.04813    0.03550   -0.04832   -0.00969    432
  -0.04307    0.03568   -0.04316    0.02038     17
  -0.04033    0.03579   -0.03975    0.02687     17
  -0.03539    0.03430   -0.03341    0.02426     52
  -0.03120    0.03430   -0.03855   -0.02536    157
  -0.02809    0.03573   -0.03892   -0.02648     31
  -0.02276    0.03523   -0.03640   -0.03046     49
  -0.02041    0.03658   -0.03052   -0.03651    723
  -0.01694    0.03666   -0.01750    0.01177     31
  -0.01273    0.03790   -0.02231   -0.01458      5
   0.01346    0.03764   -0.00438   -0.01614      9
   0.01521    0.03698   -0.00492   -0.01331     19
   0.02056    0.03562   -0.00017   -0.02890     22
   0.02244    0.03477    0.01398   -0.03210      3
   0.03780    0.03419    0.02098   -0.02757      2
   0.03849    0.03446    0.02279   -0.02622      2
   0.04291    0.03682    0.03479   -0.01988     61
   0.04677    0.03683    0.03692   -0.01405     17
   0.06980    0.03666    0.06875    0.02421      1
   0.11842    0.03537    0.10518    0.02448      1
  -0.11644    0.03986   -0.11414    0.03124      4
  -0.06937    0.04093   -0.02134    0.05768      4
  -0.06245    0.03938   -0.05254    0.02129      4
  -0.05864    0.04165   -0.05526    0.02997      8
  -0.05487    0.03968   -0.05573    0.01010     81
  -0.05146    0.03934   -0.05483   -0.00331    279
  -0.04988    0.03925   -0.05016   -0.01075     19
  -0.04390    0.04110   -0.03741    0.03220      3
  -0.03969    0.04012   -0.03738    0.03105      2
  -0.03488    0.04040   -0.03200    0.02966     24
  -0.03139    0.04079   -0.03322    0.03330     34
  -0.02995    0.04110   -0.03306    0.02769      7
  -0.02332    0.03996   -0.03494   -0.02986     39
  -0.02074    0.03933   -0.03133   -0.03451    701
  -0.01732    0.04104   -0.02600   -0.02803    107
  -0.01131    0.03862   -0.01720    0.02981     14
  -0.00948    0.03884   -0.01119   -0.00839     12
  -0.00421    0.03976   -0.00864   -0.01423      7
  -0.00098    0.03996   -0.01295    0.01210     17
   0.00414    0.03977   -0.00936   -0.00862     38
   0.00832    0.03911   -0.00450   -0.01462     12
   0.01107    0.03842   -0.00577   -0.01560     11
   0.02375    0.04058    0.00369   -0.05089      4
   0.02666    0.04158    0.01456   -0.04249     13
   0.03108    0.04097    0.01918   -0.03626      6
   0.03611    0.03978    0.02114   -0.03625      5
   0.04179    0.04091    0.02537   -0.03143     47
   0.04258    0.03955    0.03472   -0.02172     56
   0.06135    0.03897    0.07383    0.01623      1
   0.21799    0.03989    0.12757    0.00758      1
   0.21823    0.03875    0.14646    0.00819      1
  -0.11580    0.04332   -0.11501    0.03626      1
  -0.06455    0.04554   -0.03960    0.05014      1
  -0.06156    0.04287   -0.05440    0.02684      2
  -0.05529    0.04300   -0.05253    0.02955     10
  -0.05168    0.04371   -0.05557   -0.00161    297
  -0.04825    0.04533   -0.03470    0.03814      2
  -0.04453    0.04593   -0.02475    0.02857      1
  -0.03902    0.04347   -0.03456    0.03155      9
  -0.03539    0.04493   -0.03252    0.03353     26
  -0.03267    0.04565   -0.03217    0.03458     74
  -0.02725    0.04462   -0.03183    0.03072    332
  -0.02561    0.04379   -0.03173    0.02862     17
  -0.01847    0.04307   -0.03332   -0.03706    225
  -0.01772    0.04329   -0.03403   -0.03817     82
  -0.01230    0.04410   -0.02087    0.03338     31
  -0.00919    0.04483   -0.01371    0.03231      1
  -0.00039    0.04316   -0.00864    0.03142      4
   0.02485    0.04370    0.01694    0.00920      2
   0.02897    0.04274    0.01543   -0.03450      3
   0.03252    0.04422    0.02025   -0.03779     19
   0.03411    0.04244    0.02230   -0.03488      1
   0.03992    0.04451    0.03506   -0.02492    118
   0.04392    0.04275    0.03114    0.03240     23
   0.11482    0.04569    0.10800    0.03740      1
   0.21732    0.04345    0.09266   -0.12272      2
  -0.11315    0.04995   -0.11619    0.05320      1
  -0.06412    0.04822   -0.03667    0.06404      5
  -0.05077    0.04724   -0.05576   -0.00310    243
  -0.04947    0.04918   -0.05670   -0.00652    158
  -0.04306    0.04799   -0.02650    0.02855      5
  -0.03978    0.04903   -0.03008    0.03386     26
  -0.03489    0.04717   -0.03136    0.04124      5
  -0.03327    0.04662   -0.02493    0.03521      6
  -0.02767    0.04634   -0.02790    0.03652     36
  -0.02475    0.04677   -0.02549    0.03630      5
  -0.01934    0.04646   -0.01548    0.03349      3
  -0.01567    0.04906   -0.01612    0.03733      9
  -0.01115    0.04947   -0.02070    0.03744      5
  -0.00880    0.04749   -0.01709    0.03283     17
  -0.00261    0.04965   -0.01797    0.02957     20
  -0.00163    0.04882   -0.01544    0.03252     15
   0.00472    0.04821   -0.00714    0.03663     32
   0.00735    0.04855   -0.00178    0.03137     34
   0.01333    0.04720   -0.00056    0.03751      9
   0.02144    0.04624    0.00441    0.03935      1
   0.03191    0.04983    0.02070   -0.03689      5
   0.03785    0.04846    0.02654   -0.03170     32
   0.03850    0.04714    0.03145   -0.03174     67
   0.04529    0.04629    0.03039    0.03740      6
   0.04913    0.04699    0.03531    0.04040    232
   0.05375    0.04994    0.03345    0.05231      1
   0.05948    0.04831    0.05505    0.04134      6
   0.11462    0.04624    0.09064    0.01452      1
   0.21632    0.04857    0.13516    0.03201      2
  -0.11247    0.05128   -0.11400    0.05132      3
  -0.09065    0.05213   -0.19365    0.22277      1
  -0.08939    0.05228   -0.05891    0.01285      1
  -0.06313    0.05053   -0.06238    0.03566      6
  -0.05058    0.05039   -0.06738    0.00774     13
  -0.04895    0.05153   -0.05613   -0.00543    136
  -0.03918    0.05217   -0.02956    0.03028      7
  -0.02946    0.05386   -0.02586    0.03791      1
  -0.02382    0.05164   -0.01850    0.03396      2
  -0.01498    0.05031   -0.02340    0.03305      1
  -0.01175    0.05085   -0.02613    0.04016      3
  -0.00752    0.05038   -0.01755    0.03280     27
  -0.00310    0.05026   -0.01718    0.02982    126
   0.00032    0.05212   -0.00882    0.04412      5
   0.00415    0.05099   -0.00214    0.03799      4
   0.00834    0.05071   -0.00047    0.03858     28
   0.01179    0.05259    0.00079    0.04089      4
   0.01579    0.05257    0.00417    0.05939      7
   0.02397    0.05115    0.01735    0.05060      2
   0.02893    0.05377    0.02520   -0.04364      1
   0.03371    0.05370    0.02304   -0.03896     17
   0.03495    0.05231    0.02650   -0.03223     24
   0.04784    0.05024    0.03467    0.04663     47
   0.05334    0.05036    0.04141    0.05035      4
   0.05564    0.05334    0.05773    0.02522      1
  -0.21421    0.05548   -0.20288    0.06867      3
  -0.21397    0.05645   -0.20989    0.06138      3
  -0.11034    0.05504   -0.11352    0.05175      8
  -0.10998    0.05553   -0.11233    0.05503      1
  -0.05805    0.05612   -0.01972    0.07111      1
  -0.04753    0.05443   -0.05905   -0.00199     58
  -0.04551    0.05737   -0.06208   -0.00083     12
  -0.03787    0.05428   -0.03416    0.03065      1
  -0.02938    0.05408   -0.02749    0.04648      1
   0.00721    0.05469    0.00337    0.05663      5
   0.02032    0.05614    0.01323    0.00560      2
   0.02413    0.05471    0.01528   -0.03653      1
   0.02994    0.05607    0.02017   -0.05395      1
   0.03150    0.05598    0.02764   -0.04269     51
   0.03418    0.05426    0.02330   -0.05463      1
   0.04122    0.05759    0.03347    0.04907      1
   0.04291    0.05592    0.03320    0.05483      7
   0.04893    0.05447    0.05478    0.00354      1
   0.05504    0.05591    0.03900    0.06893      1
   0.05824    0.05540    0.01515    0.07314      1
  -0.21246    0.05972   -0.23257    0.05670      1
  -0.10833    0.05902   -0.11055    0.05853      5
  -0.05513    0.05921   -0.03112    0.06234      2
  -0.05126    0.06023   -0.05612    0.04411      2
  -0.04334    0.06002   -0.06704    0.00149     49
  -0.04162    0.06156   -0.07352    0.00155      8
   0.01221    0.05833   -0.02310    0.07951      1
   0.02820    0.05998    0.02940   -0.04803     19
   0.03019    0.05829    0.02919   -0.04446      5
   0.03714    0.06095    0.02780    0.05939     29
   0.04034    0.05848    0.03013    0.05939      1
   0.05311    0.06172    0.03895    0.05731      1
   0.08446    0.05872    0.07573   -0.01987      1
   0.10859    0.05901    0.10046    0.04202      1
  -0.10467    0.06551   -0.10387    0.06378      5
  -0.09105    0.06412   -0.09678   -0.00008      2
  -0.05057    0.06492   -0.06289    0.07991      1
  -0.04743    0.06425   -0.05174    0.06232     11
  -0.04471    0.06371   -0.05032    0.03358      2
  -0.04013    0.06329   -0.07108    0.00023     59
  -0.03740    0.06591   -0.06982    0.00040     10
   0.02520    0.06511    0.02828   -0.05158     14
   0.02798    0.06431    0.02506   -0.04526      3
   0.03351    0.06278    0.02566    0.05357      7
   0.21246    0.06346    0.20664    0.04054      1
  -0.20997    0.06677   -0.12055    0.06464      1
  -0.10376    0.06693   -0.10392    0.06939     26
  -0.06573    0.06987   -0.06372    0.07925      1
  -0.04430    0.06770   -0.04948    0.06535      6
  -0.04088    0.06734   -0.04603    0.06773      3
  -0.03623    0.06704   -0.06831   -0.01194     15
  -0.03329    0.06916   -0.06495   -0.01094     18
   0.01269    0.06847    0.00218    0.05665      1
   0.01778    0.06728    0.00556    0.04737      1
   0.02132    0.06943    0.03192   -0.05187     10
   0.02284    0.06784    0.02698   -0.05002     28
   0.02879    0.06817    0.02486    0.04865     17
   0.03053    0.06717    0.06186   -0.01599      2
  -0.21014    0.07121   -0.22120    0.05762      1
  -0.20848    0.07128   -0.15494    0.13456      2
  -0.10127    0.07085   -0.10386    0.08623      1
  -0.03766    0.07158   -0.02681    0.06875      1
  -0.03124    0.07116   -0.05729   -0.00080     18
  -0.02812    0.07302   -0.06970   -0.00402     14
  -0.00520    0.07085   -0.02021   -0.05927      4
   0.01309    0.07311    0.00344    0.06247      6
   0.01673    0.07194    0.00439    0.06359     13
   0.02022    0.07100    0.01330    0.05521     12
   0.02726    0.07064    0.06584   -0.02435      1
   0.06858    0.07059    0.06455    0.07505      1
  -0.20779    0.07773   -0.13380    0.06013      1
  -0.09871    0.07419   -0.09606    0.08291      1
  -0.09727    0.07627   -0.09220    0.08104      6
  -0.03214    0.07420   -0.02999    0.07393      7
  -0.02648    0.07429   -0.06669    0.00989      6
  -0.02433    0.07507   -0.06066   -0.01197     21
  -0.02079    0.07645   -0.06394    0.00415      9
  -0.01639    0.07791   -0.07024   -0.00842      5
   0.01254    0.07676    0.01747    0.05677     11
   0.01579    0.07438    0.03221   -0.05874      9
   0.06168    0.07566    0.05264    0.07299      1
  -0.09263    0.08175   -0.09375    0.08007      1
  -0.01505    0.07820   -0.06647   -0.01101      4
  -0.01199    0.07928   -0.00941    0.05760      7
  -0.00871    0.08061   -0.06929    0.02744      3
  -0.00313    0.08135   -0.07542   -0.00245      4
   0.00142    0.08125    0.03000   -0.06644      1
   0.00488    0.07982    0.03235   -0.06029      5
   0.00809    0.07890    0.02108    0.00309      6
   0.01218    0.07830    0.07769   -0.03067      2
  -0.09085    0.08380   -0.08702    0.08086      1
   0.09139    0.08278    0.09047    0.07837      1
   0.20563    0.08295    0.13824    0.09115      1
   0.08773    0.08710    0.09028    0.11446      2
  -0.20204    0.09148   -0.19699    0.07444      1
  -0.20174    0.09215   -0.16491    0.05854      2
   0.06159    0.09373    0.07083    0.08969      1
   0.06263    0.09352    0.05627    0.08470      5
  -0.19772    0.09892   -0.19247    0.09325      8
  -0.19464    0.10528   -0.18393    0.13266      3
   0.05436    0.10350    0.04215    0.08957      1
   0.19482    0.10587    0.20609    0.15418      1
  -0.19325    0.10902   -0.20812    0.13055      1
   0.06168    0.10689    0.05763    0.11001      2
   0.13362    0.10894    0.11095    0.09178      1
   0.05335    0.11037    0.04147    0.12182      1
   0.05455    0.11066    0.05357    0.11701      1
  -0.18771    0.11748   -0.16976    0.10290      5
  -0.18635    0.11961   -0.17848    0.12060     14
  -0.18565    0.12070   -0.17115    0.12768      8
  -0.06620    0.11894   -0.03951    0.00890      1
  -0.02070    0.12189   -0.03201    0.12743      1
   0.02120    0.12174    0.00759    0.10931      2
   0.02413    0.12122    0.01251    0.11545      5
   0.02876    0.12018    0.01673    0.12215      3
  -0.18459    0.12232   -0.17459    0.14754      3
  -0.01887    0.12219   -0.03791    0.06436      1
  -0.01310    0.12294   -0.01367    0.12796      1
   0.00514    0.12358    0.00182    0.08007      1
   0.01340    0.12287    0.00561    0.12496      2
   0.01590    0.12261    0.00238    0.12036      5
   0.01877    0.12216    0.00453    0.11548      2
  -0.18168    0.12712   -0.14521    0.14623      1
  -0.17703    0.13306   -0.13695    0.07405      1
  -0.17468    0.13655   -0.15696    0.14790      4
  -0.10695    0.13522    0.09107   -0.11955      1
  -0.17289    0.13891   -0.13442    0.03182      2
  -0.16616    0.14664   -0.10217    0.11508      1
   0.16378    0.14835    0.16478    0.14785      1
  -0.16299    0.15035   -0.16988    0.14612      1
  -0.04761    0.16570   -0.04062    0.13626      1
   0.12081    0.18146    0.10966    0.19380      2
   0.11968    0.18213   -0.05846   -0.21818      1
   0.11075    0.19151    0.09696    0.20700      1
   0.09779    0.19839    0.08708    0.21232      1
   0.04364    0.21741    0.02982    0.21242      4
   0.04758    0.21657    0.02525    0.20272      1
   0.05305    0.21516    0.03462    0.14532      1
  -0.03715    0.21871   -0.03952    0.21325      1
  -0.02350    0.22061    0.00000    0.20248      1
   0.00922    0.22177    0.00873    0.27794      1
   0.02405    0.22044   -0.01041    0.16346      2
   0.02724    0.22010    0.01240    0.19714      2
   0.03205    0.21941    0.03492    0.17014      3
   0.03625    0.21875    0.04890    0.18258      2
   0.04042    0.21809    0.03776    0.19068      1
