   0.00875   -0.22074   -0.02910   -0.20746      2
   0.01619   -0.22048   -0.02252   -0.26271      1
   0.01936   -0.22045   -0.00965   -0.25289      2
   0.02458   -0.22014    0.00989   -0.21943      5
   0.02681   -0.21993    0.02299   -0.22105      4
  -0.03838   -0.21658   -0.09938   -0.18770      1
  -0.03504   -0.21757   -0.05354   -0.15288      1
   0.05046   -0.21582    0.03970   -0.26886      1
  -0.06225   -0.21097   -0.22912   -0.11725      1
  -0.07215   -0.20753    0.15500   -0.15554      1
  -0.08426   -0.20273   -0.21041   -0.15741      1
  -0.07841   -0.20480   -0.14986   -0.15303      1
  -0.07759   -0.20512   -0.10725   -0.23000      1
  -0.07128   -0.20566   -0.07585   -0.18919      2
   0.09101   -0.20204   -0.08852   -0.17910      1
  -0.08739   -0.20078   -0.07897   -0.20762      3
   0.09717   -0.19926    0.10201   -0.13701      2
  -0.09445   -0.19775   -0.08533   -0.13980      1
   0.10071   -0.19752    0.05023   -0.07089      2
   0.10341   -0.19613    0.10264   -0.20140      4
   0.10685   -0.19427    0.12151   -0.16421      1
   0.10867   -0.19325    0.11022   -0.19689      2
   0.11293   -0.19080    0.11244   -0.18856      7
   0.11520   -0.18943    0.11232   -0.18006      8
   0.11831   -0.18751    0.12907   -0.21904      2
   0.12366   -0.18402    0.13636   -0.21404      1
   0.12841   -0.18075    0.12308   -0.20740      2
   0.13039   -0.17920    0.12808   -0.18384      2
   0.14212   -0.17004    0.13634   -0.17897      1
   0.14905   -0.16409    0.13883   -0.15473      1
   0.15594   -0.15758    0.15399   -0.15780      1
   0.15717   -0.15194    0.05253   -0.15609      1
   0.16418   -0.14887    0.11976   -0.11565      1
   0.16401   -0.14415    0.11999   -0.11559      2
  -0.02086   -0.13922   -0.00163   -0.06745      2
  -0.00611   -0.13934    0.06870   -0.07333      4
   0.16736   -0.14168    0.15257   -0.09204      1
  -0.02364   -0.13643   -0.00838   -0.12285      2
  -0.02136   -0.13784   -0.00349   -0.05432      2
  -0.00651   -0.13745   -0.02144    0.00140      2
   0.01956   -0.13471   -0.16446    0.13982      2
   0.17148   -0.13670    0.11309   -0.10436      1
   0.17654   -0.13120    0.16490   -0.05454      1
   0.12484   -0.12937    0.03242   -0.04091      1
  -0.01212   -0.12245   -0.00767   -0.11774      4
  -0.00649   -0.12304   -0.00379   -0.12053      1
  -0.00485   -0.12299   -0.00226   -0.12019      5
   0.00060   -0.12325    0.00580   -0.12308      4
   0.00296   -0.12324    0.00327   -0.12758      5
   0.00741   -0.12286    0.00701   -0.12611     12
   0.01139   -0.12286    0.01122   -0.12767      9
   0.01508   -0.12257    0.01014   -0.12737     12
   0.18480   -0.12264    0.19941   -0.12412      1
  -0.03165   -0.11874   -0.03231   -0.09689      4
  -0.02889   -0.11944   -0.01890   -0.10825      4
  -0.02355   -0.12077   -0.02229   -0.11536      4
  -0.02002   -0.12137   -0.01980   -0.11783     13
  -0.01753   -0.12179   -0.01716   -0.11482      3
   0.01976   -0.12186    0.01172   -0.12178      4
   0.02429   -0.12069    0.02304   -0.12626      3
   0.02813   -0.12030    0.03064   -0.12143      5
   0.03281   -0.11892    0.03187   -0.11366      4
   0.03464   -0.11838    0.04655   -0.12040      5
  -0.04339   -0.11480   -0.03311   -0.10170     30
  -0.03929   -0.11642   -0.03334   -0.10189     27
  -0.03640   -0.11734   -0.02209   -0.10932     12
  -0.03378   -0.11790   -0.02117   -0.10498      1
   0.03627   -0.11792    0.04659   -0.11315      2
   0.03896   -0.11712    0.02378   -0.12227      3
   0.04397   -0.11536    0.04837   -0.10947      4
   0.08201   -0.11430    0.05053   -0.06445      1
  -0.05148   -0.11141   -0.03693   -0.10082      5
  -0.04864   -0.11264   -0.03502   -0.09932     33
  -0.04586   -0.11388   -0.03734   -0.11035      2
  -0.03875   -0.11033   -0.03502   -0.10974      1
   0.04907   -0.11343    0.06139   -0.12072      4
   0.05296   -0.11164    0.05734   -0.11237     13
   0.05557   -0.11038    0.06073   -0.11336     26
  -0.05620   -0.10907   -0.06078   -0.10546      3
  -0.04739   -0.10824   -0.03230   -0.10225     32
  -0.04430   -0.10855   -0.03634   -0.10551      2
  -0.04109   -0.10762   -0.03246   -0.09793      4
  -0.03747   -0.10707   -0.03280   -0.10387      5
  -0.03384   -0.10623   -0.03265   -0.10953      1
   0.05719   -0.10955    0.06501   -0.11616     20
   0.05916   -0.10850    0.06283   -0.11579     19
   0.06289   -0.10639    0.06461   -0.11196     10
   0.19244   -0.10843    0.17831   -0.07277      1
  -0.05077   -0.10578   -0.04496   -0.10801      1
  -0.04711   -0.10483   -0.03261   -0.09917      1
  -0.04067   -0.10416   -0.03611   -0.09659      4
  -0.03763   -0.10426   -0.03326   -0.09900      4
   0.06491   -0.10516    0.06921   -0.11110     22
   0.06747   -0.10355    0.08273   -0.12547      7
  -0.04713   -0.10053   -0.03075   -0.09828      2
  -0.04338   -0.10108   -0.02855   -0.10508      1
   0.07174   -0.10064    0.07480   -0.10649      8
   0.19709   -0.10103    0.18550   -0.10156      5
  -0.07018   -0.09485   -0.27287    0.13843      1
  -0.02900   -0.09464   -0.02044   -0.10421      1
  -0.02563   -0.09499   -0.01889   -0.09901      1
   0.07954   -0.09463    0.09122   -0.10728      2
  -0.03503   -0.09128   -0.03304   -0.09451      6
  -0.03233   -0.09252   -0.03017   -0.09172     10
  -0.02807   -0.09234   -0.02042   -0.09134      5
   0.08308   -0.09147    0.09162   -0.09791      1
   0.20051   -0.09393    0.18045   -0.10502      1
  -0.03498   -0.08899   -0.03296   -0.09222      5
  -0.03268   -0.08887   -0.03933   -0.09524      2
   0.08693   -0.08784    0.07714   -0.09733      1
   0.08986   -0.08392    0.06249   -0.07088      1
   0.09127   -0.08276    0.08110   -0.07533      2
  -0.07681   -0.08043   -0.06297   -0.08326      1
  -0.02394   -0.07840   -0.02744   -0.09698      5
  -0.02027   -0.07913   -0.02564   -0.09443      2
  -0.01557   -0.07968   -0.00405   -0.08648      6
  -0.01140   -0.07862   -0.00438   -0.08547     23
  -0.00760   -0.08049   -0.00587   -0.09109     22
  -0.00327   -0.07886    0.00000   -0.08857    225
  -0.00121   -0.07884    0.00308   -0.08637     29
   0.08140   -0.07927    0.06795   -0.07658      2
   0.08323   -0.07876    0.06790   -0.07343      3
   0.08826   -0.07817    0.04316   -0.06854      1
   0.09285   -0.08017    0.06183   -0.06233     11
   0.09416   -0.07901    0.07173   -0.05871      1
  -0.02878   -0.07685   -0.03077   -0.08888      6
  -0.02494   -0.07795   -0.02011   -0.08353      2
  -0.01815   -0.07400   -0.00698   -0.07527      1
  -0.01739   -0.07448   -0.00640   -0.08180      3
  -0.01281   -0.07616   -0.00831   -0.08718     19
  -0.00786   -0.07580   -0.00202   -0.08819     13
  -0.00372   -0.07682   -0.00047   -0.08788    125
  -0.00034   -0.07737    0.00548   -0.08716     33
   0.00273   -0.07742    0.00706   -0.08383      6
   0.00924   -0.07531   -0.00368   -0.09480      2
   0.01100   -0.07505    0.01197   -0.08529     15
   0.01860   -0.07734    0.01235   -0.09640      1
   0.02778   -0.07454    0.04039   -0.10639      2
   0.08041   -0.07710    0.07275   -0.07611      2
   0.08471   -0.07700    0.07535   -0.07031      8
   0.08906   -0.07719    0.06727   -0.06812      3
   0.09031   -0.07535    0.07767   -0.06564      1
   0.09604   -0.07646    0.06314   -0.06997     11
   0.09803   -0.07411    0.07539   -0.06416      1
   0.20844   -0.07488    0.09657   -0.01100      1
  -0.01705   -0.07372   -0.01295   -0.08201     49
  -0.01150   -0.07070   -0.00881   -0.07553      9
  -0.00927   -0.07082   -0.00533   -0.08077      9
  -0.00384   -0.07203    0.00094   -0.08490     12
   0.00032   -0.07177    0.00224   -0.08457     45
   0.00370   -0.07219    0.00786   -0.07984     32
   0.00630   -0.07297    0.00110   -0.08636      5
   0.01113   -0.07235    0.01476   -0.09169      3
   0.01728   -0.07259    0.01690   -0.07555      6
   0.02079   -0.07108    0.02560   -0.07856     41
   0.02210   -0.07100    0.02804   -0.06823      2
   0.03349   -0.07207    0.02576   -0.08810      1
   0.03765   -0.07128    0.02667   -0.08407      1
   0.03950   -0.07016    0.02714   -0.08769      1
   0.06782   -0.07025    0.04510   -0.06594     18
   0.08253   -0.07315    0.07449   -0.06922      1
   0.08658   -0.07178    0.08932   -0.06070      1
   0.09265   -0.07383    0.11402   -0.04195      1
   0.09976   -0.07216    0.07717   -0.05435     13
  -0.10219   -0.06932   -0.09622   -0.07709      1
  -0.01857   -0.06799   -0.01381   -0.07057     27
  -0.01641   -0.06859   -0.01373   -0.07607     10
  -0.01319   -0.06831   -0.02458   -0.06575      5
  -0.00609   -0.06931   -0.00492   -0.08396      4
  -0.00586   -0.06931   -0.00360   -0.07796      2
   0.02065   -0.06983    0.03083   -0.07246      2
   0.02557   -0.06642    0.02498   -0.07805     46
   0.02719   -0.06624    0.02591   -0.07938     16
   0.04073   -0.06942    0.04283   -0.06446      1
   0.04429   -0.06639    0.05333   -0.07082      5
   0.06503   -0.06874    0.04932   -0.07203      1
   0.06883   -0.06894    0.04378   -0.06856     21
   0.07087   -0.06727    0.06950   -0.06977     10
   0.09273   -0.06673    0.09622   -0.05827      1
   0.09620   -0.06734    0.10659   -0.05250      2
   0.10181   -0.06882    0.07764   -0.05288      2
   0.10304   -0.06779    0.09602   -0.06106      2
  -0.02741   -0.06337   -0.02373   -0.06952     12
  -0.02484   -0.06482   -0.02913   -0.07038      6
  -0.02161   -0.06494   -0.01600   -0.06506      8
   0.02655   -0.06577    0.02309   -0.07910     27
   0.03160   -0.06305    0.03196   -0.07378     35
   0.03561   -0.06404    0.04280   -0.07916      3
   0.04122   -0.06579    0.04099   -0.06986      1
   0.04585   -0.06469    0.05051   -0.07218      6
   0.04722   -0.06431    0.05000   -0.06864     26
   0.05085   -0.06237    0.04646   -0.07276      2
   0.06913   -0.06432    0.03859   -0.06394      2
   0.07337   -0.06527    0.06615   -0.07486     14
   0.07438   -0.06498    0.08584   -0.06737      5
   0.09359   -0.06331    0.09111   -0.05644     29
   0.09491   -0.06292    0.08710   -0.05145    118
   0.10004   -0.06203    0.08807   -0.04887      3
   0.10513   -0.06365    0.09801   -0.04857     11
  -0.03613   -0.05894   -0.04244   -0.05294     12
  -0.03297   -0.06074   -0.03596   -0.06416     12
  -0.02852   -0.06172   -0.02435   -0.07387      2
   0.03298   -0.06174    0.03259   -0.07119     13
   0.03592   -0.05947    0.03356   -0.06574     72
   0.03836   -0.05819    0.03360   -0.06200     15
   0.04975   -0.06132    0.05503   -0.05819      1
   0.05276   -0.06073    0.04864   -0.07145     10
   0.05730   -0.05867    0.04780   -0.06524     34
   0.05817   -0.05815    0.04099   -0.06459      1
   0.07300   -0.06140    0.04126   -0.06654      1
   0.09355   -0.06195    0.08314   -0.04858      3
   0.09490   -0.06174    0.08142   -0.04884     23
   0.10151   -0.06024    0.09635   -0.03483      2
   0.10425   -0.06046    0.09156   -0.04822      4
   0.10741   -0.06002    0.09393   -0.04937     10
   0.21241   -0.06143   -0.12761    0.14424      1
  -0.04313   -0.05478   -0.04892   -0.05436     93
  -0.04138   -0.05580   -0.04305   -0.05517     57
  -0.03747   -0.05764   -0.04655   -0.04949      2
   0.02274   -0.05737    0.02030   -0.06248      1
   0.03732   -0.05494    0.03222   -0.06084      2
   0.03964   -0.05523    0.03722   -0.06119    261
   0.05774   -0.05722    0.04436   -0.06480      5
   0.05894   -0.05673    0.04537   -0.06603     22
   0.10526   -0.05444    0.11071   -0.04051      1
   0.10939   -0.05677    0.10580   -0.05345     11
   0.11006   -0.05518    0.10397   -0.04959      4
   0.21420   -0.05444    0.21016   -0.05357      1
  -0.05060   -0.05089   -0.05232   -0.06328      6
  -0.04722   -0.05266   -0.04976   -0.05366     34
  -0.04526   -0.05352   -0.05302   -0.05482     48
   0.04011   -0.05321    0.03578   -0.05696    103
   0.06198   -0.05358    0.06603   -0.06114      1
   0.06291   -0.05268    0.05475   -0.06210      1
   0.11213   -0.05082    0.10874   -0.04350     19
   0.21530   -0.05078    0.21403   -0.03505      1
  -0.05495   -0.04699   -0.04720   -0.05461      4
  -0.05272   -0.04816   -0.05819   -0.05656     42
  -0.04794   -0.04864   -0.04980   -0.05994      6
   0.04106   -0.04793    0.03818   -0.05092    112
   0.11294   -0.04898    0.10662   -0.04152     15
   0.11408   -0.04700    0.10397   -0.04054      1
  -0.05937   -0.04260   -0.07250   -0.05483      1
  -0.05469   -0.04341   -0.05248   -0.05718     44
  -0.05356   -0.04378   -0.05407   -0.05068     42
  -0.00659   -0.04240   -0.01009   -0.03362      1
  -0.00554   -0.04342   -0.01009   -0.03362      1
  -0.00092   -0.04419   -0.00869   -0.05192      2
   0.03710   -0.04251    0.03586   -0.04778     14
   0.03997   -0.04317    0.04093   -0.04756     61
   0.04294   -0.04453    0.04198   -0.04837    186
   0.11525   -0.04322    0.11016   -0.03651      8
  -0.06369   -0.04002   -0.07321   -0.04471     10
  -0.06079   -0.03947   -0.06878   -0.03820     13
  -0.05589   -0.04023   -0.06049   -0.05048     18
  -0.01054   -0.04024   -0.02141    0.05636      1
  -0.00661   -0.03943   -0.02123   -0.04471      1
  -0.00466   -0.03971   -0.00733   -0.04147      6
   0.00188   -0.03994   -0.00073    0.01168      1
   0.00462   -0.03971    0.00013    0.02520      3
   0.01152   -0.03828    0.09820    0.02336      2
   0.01618   -0.03833    0.02159   -0.04042      6
   0.03556   -0.04038    0.03356   -0.04410    246
   0.04041   -0.03958    0.03852   -0.04639      1
   0.04286   -0.04062    0.04021   -0.04228      6
   0.11592   -0.04173    0.11397   -0.03479      6
  -0.07125   -0.03560   -0.07361   -0.03775      3
  -0.06703   -0.03457   -0.07087   -0.03537      3
  -0.06397   -0.03630   -0.07097   -0.03902      9
  -0.02815   -0.03454   -0.01582   -0.02250      2
  -0.01951   -0.03490   -0.00696   -0.01790     72
  -0.01783   -0.03578   -0.00564   -0.01822      6
  -0.01001   -0.03630   -0.01222   -0.05167      1
   0.00044   -0.03656   -0.00028   -0.06375      4
   0.00201   -0.03680    0.03128   -0.04401      1
   0.01139   -0.03434    0.08892    0.10980      1
   0.01628   -0.03419    0.01953   -0.04646      1
   0.02137   -0.03586    0.02797   -0.04113     13
   0.02277   -0.03526    0.02704   -0.04121     36
   0.02626   -0.03426    0.03122   -0.03841      1
   0.03628   -0.03430    0.03422   -0.03798      6
   0.04087   -0.03581    0.03958   -0.03605      4
   0.11773   -0.03696    0.11390   -0.03374      7
   0.11828   -0.03520    0.11201   -0.04609      2
  -0.17508   -0.03125   -0.13602   -0.03322      5
  -0.09168   -0.03132   -0.08248   -0.04292      9
  -0.08933   -0.03220   -0.08283   -0.03493      2
  -0.07167   -0.03337   -0.05149   -0.06568      2
  -0.06917   -0.03211   -0.07552   -0.04378      1
  -0.03548   -0.03075   -0.03709   -0.02780      3
  -0.03355   -0.03251   -0.02106   -0.02219      1
  -0.02232   -0.03317   -0.00786   -0.01679     13
  -0.02130   -0.03383   -0.01064   -0.02364     16
   0.01645   -0.03344    0.03409   -0.00482      3
   0.02006   -0.03223    0.02369   -0.07730      4
   0.02573   -0.03028    0.01562   -0.02525      2
   0.02688   -0.03291    0.03231   -0.03887     20
   0.03282   -0.03180    0.03260   -0.03823    102
   0.03603   -0.03321    0.03721   -0.03480     50
   0.04145   -0.03131    0.04253   -0.03665     83
   0.04250   -0.03057    0.04246   -0.03784     12
   0.11939   -0.03061    0.11138   -0.03243      4
  -0.21565   -0.02732   -0.13832   -0.03295      1
  -0.09216   -0.02988   -0.08056   -0.03901      2
  -0.07600   -0.02972   -0.07798   -0.03719      1
  -0.03490   -0.02728   -0.03531   -0.02658      2
  -0.02915   -0.02736   -0.02019   -0.02054      3
  -0.02444   -0.02869   -0.05130   -0.06268      9
   0.02737   -0.02907   -0.06634   -0.11847      2
   0.03299   -0.02638    0.03125    0.02132      2
   0.03698   -0.02973    0.02571   -0.03917      3
   0.04031   -0.02840    0.03748   -0.03881     26
   0.04324   -0.02668    0.04483   -0.03321     61
   0.11987   -0.02858    0.12008   -0.02473      8
  -0.09295   -0.02492   -0.09074   -0.02636      1
  -0.07924   -0.02205   -0.09102   -0.01753      1
  -0.07709   -0.02537   -0.07932   -0.03402     17
  -0.04634   -0.02306   -0.05330   -0.02173      2
  -0.04360   -0.02512   -0.04709   -0.02096      4
  -0.04054   -0.02468   -0.04406   -0.02255      3
  -0.03317   -0.02356   -0.04011   -0.01914      2
  -0.02769   -0.02481   -0.03126   -0.02124      1
   0.03874   -0.02327    0.03823    0.02361     13
   0.04355   -0.02559    0.04580   -0.03229     12
   0.12092   -0.02359    0.12434   -0.02866      7
  -0.09556   -0.01858   -0.09026   -0.02684     11
  -0.09305   -0.02000   -0.08202   -0.02414      1
  -0.07917   -0.02164   -0.07570   -0.04232      2
  -0.07638   -0.01990   -0.07426   -0.03893      2
  -0.05252   -0.02038   -0.05730   -0.01291      4
  -0.04368   -0.01949   -0.01883    0.02886      2
  -0.03442   -0.02035   -0.02984   -0.00678      1
   0.12144   -0.02027    0.12037   -0.02375      8
   0.12203   -0.01815    0.12197   -0.01801      1
   0.22043   -0.02072    0.22318   -0.00117      1
  -0.09603   -0.01645   -0.08918   -0.02181    222
  -0.03629   -0.01678   -0.03390   -0.00452      1
   0.04918   -0.01557    0.02645    0.03301      1
   0.12195   -0.01729    0.12464   -0.02582      5
   0.12225   -0.01575    0.12463   -0.01582     10
  -0.13836   -0.01009   -0.23938   -0.02939      1
  -0.12304   -0.01165   -0.12368   -0.01126      1
  -0.09807   -0.01242   -0.09639   -0.01821      1
  -0.09764   -0.01364   -0.08853   -0.02284     14
  -0.08086   -0.01128   -0.08616   -0.02261      4
  -0.07487   -0.01309   -0.07509   -0.00869      1
  -0.05161   -0.01248    0.07978    0.14817      1
  -0.04797   -0.01106   -0.03336    0.02996      6
  -0.03790   -0.01273   -0.03515   -0.02353      1
   0.00803   -0.01331    0.02570   -0.03855      2
   0.01069   -0.01049    0.01671    0.01872      3
   0.03773   -0.01324    0.01920   -0.01295      3
   0.03869   -0.01008    0.02809   -0.01425     15
   0.12260   -0.01155    0.12326   -0.01513     19
  -0.13744   -0.00660   -0.07539   -0.00554      1
  -0.09547   -0.00887   -0.09022   -0.02810      1
  -0.07963   -0.00677   -0.07465   -0.01669      1
  -0.07748   -0.00691   -0.07132   -0.00961      2
  -0.05588   -0.00673   -0.05942   -0.01026      1
  -0.04871   -0.00787   -0.03192    0.02980     11
  -0.04057   -0.00938   -0.04491   -0.00946      1
  -0.00169   -0.00804   -0.01024   -0.01137      1
   0.01101   -0.00860    0.02435   -0.04409      5
   0.03873   -0.00992    0.02952   -0.00987      8
   0.05013   -0.00728    0.04296    0.02964      1
   0.05451   -0.00838    0.02394    0.05924      1
   0.12288   -0.00734    0.11972   -0.01310     23
  -0.13688   -0.00315   -0.09837   -0.00389      2
  -0.08126   -0.00203   -0.09306   -0.01641      1
  -0.07671   -0.00373   -0.07440   -0.01114    110
  -0.05607   -0.00294   -0.07029   -0.01063      3
  -0.05077   -0.00248   -0.03238    0.02651      2
  -0.04942   -0.00515   -0.02993    0.02785      6
  -0.03970   -0.00475   -0.04300   -0.00414      1
  -0.01407   -0.00304   -0.22405    0.03509      1
   0.00831   -0.00473    0.02714   -0.02350      2
   0.05208   -0.00318    0.03361    0.03257      1
   0.12301   -0.00425    0.11897   -0.00866     57
  -0.07966    0.00032   -0.07947   -0.00453     10
  -0.07635   -0.00181   -0.07086   -0.00782      5
  -0.05727    0.00164   -0.06209   -0.00043      7
  -0.05084    0.00121   -0.03266    0.02470      5
  -0.03994    0.00177   -0.01647    0.01098      1
   0.00864    0.00161    0.00400   -0.00271     15
   0.05243   -0.00199    0.04229    0.03210      1
   0.12309    0.00041    0.12232   -0.00209     63
   0.22110    0.00096    0.21992   -0.00284      2
  -0.09438    0.00276   -0.07851   -0.00547      8
  -0.08214    0.00305   -0.08181   -0.00324     24
  -0.08194    0.00391   -0.07735   -0.00222      7
  -0.07631    0.00394   -0.08004    0.00707      7
  -0.05614    0.00288   -0.06020    0.00323      6
  -0.05239    0.00411   -0.04757    0.01188     10
   0.00494    0.00430    0.00165   -0.00214      3
   0.00854    0.00254    0.00805   -0.00068     43
   0.12300    0.00421    0.12149    0.00222     48
   0.22141    0.00290    0.22134   -0.00425      1
  -0.07808    0.00730   -0.08439    0.00590      9
  -0.07795    0.00741   -0.08073    0.00650      7
  -0.06571    0.00969   -0.06625    0.00120     22
  -0.05392    0.00666   -0.03539    0.03958      1
  -0.04959    0.00703   -0.06095   -0.00544      1
  -0.03901    0.00672   -0.06378   -0.00153      2
   0.00694    0.00632    0.01229    0.01896      2
   0.12272    0.00791    0.12128    0.00362     93
   0.22092    0.00802    0.21517    0.02718      1
  -0.12271    0.01043   -0.11686    0.01559      1
  -0.09827    0.01074   -0.09038    0.00966      1
  -0.08049    0.01309   -0.08085    0.01263      2
  -0.07515    0.01330   -0.08017    0.00779      2
  -0.06860    0.01129   -0.06814    0.00073      7
  -0.06392    0.01250   -0.06476    0.00000      7
  -0.06035    0.01297   -0.06512    0.00244      2
  -0.05259    0.01005   -0.03648    0.03072      2
  -0.04843    0.01372   -0.07259    0.00661      1
  -0.03777    0.01310   -0.03221    0.01465      2
   0.00816    0.01133    0.00088    0.01257      3
   0.01154    0.01281    0.00178    0.01970      2
   0.12234    0.01248    0.12118    0.01061    130
   0.22103    0.01209    0.21685    0.00379      1
  -0.09584    0.01554   -0.07997    0.01066     11
  -0.08033    0.01482   -0.08591    0.01546      1
  -0.07487    0.01545   -0.07059    0.00169     11
  -0.07140    0.01662   -0.06794    0.00989      3
  -0.06832    0.01791   -0.06076    0.00725      1
  -0.05971    0.01498   -0.05983    0.00803     26
  -0.05733    0.01729   -0.05850    0.00883      8
  -0.04677    0.01720   -0.05500    0.01010      2
  -0.03592    0.01755   -0.00223    0.01331      1
   0.05470    0.01707    0.04637    0.03664      5
   0.12189    0.01620    0.12041    0.01015     65
   0.12207    0.01479    0.12217    0.01044     53
   0.22071    0.01675    0.22120    0.00888      1
  -0.21978    0.01869   -0.23038   -0.00040      1
  -0.12176    0.02094   -0.12174    0.01950      1
  -0.09323    0.01998   -0.08346    0.00710      2
  -0.07982    0.01934   -0.07851    0.01583      1
  -0.07652    0.02071   -0.08136    0.02318      1
  -0.07160    0.01979   -0.07447    0.01592      2
  -0.06841    0.02116   -0.06196    0.00363     30
  -0.06081    0.01981   -0.06625    0.02549      2
  -0.05627    0.02047   -0.05661    0.01060      9
  -0.05082    0.02168   -0.05026    0.04369      1
  -0.04582    0.02001   -0.05556    0.01130      1
  -0.03566    0.01807   -0.01075   -0.00107      1
   0.05428    0.01923    0.04056    0.03419      7
   0.12132    0.02005    0.11958    0.01238     63
   0.21918    0.02101    0.13324    0.03745      2
  -0.11009    0.02429   -0.08907    0.03154      1
  -0.10999    0.02342   -0.09706    0.03590      1
  -0.07081    0.02265   -0.07650    0.01668      1
  -0.06900    0.02385   -0.06456    0.01262     37
  -0.06090    0.02328   -0.05826    0.01154      1
  -0.05629    0.02282   -0.06086    0.01965      4
  -0.05278    0.02543   -0.05911    0.01571      3
  -0.04879    0.02424   -0.04894    0.01950      5
  -0.04436    0.02540   -0.05842    0.00286      1
   0.01906    0.02281    0.02504    0.03182      1
   0.03057    0.02577    0.01223    0.01336     39
   0.12064    0.02369    0.12108    0.01971     53
   0.21932    0.02542    0.21416    0.01987      1
  -0.07281    0.02831   -0.07290    0.02475      4
  -0.06739    0.02834   -0.06036    0.01638      2
  -0.06556    0.02899   -0.05945    0.01449      1
  -0.05950    0.02657   -0.05545    0.01542      2
  -0.05752    0.02952   -0.06457    0.00542      1
  -0.05256    0.02658   -0.05781    0.01713      7
  -0.04831    0.02845   -0.04634    0.02131    136
  -0.04290    0.02757   -0.03506    0.02134      8
  -0.04113    0.02835   -0.03393    0.02500     14
   0.02842    0.02808    0.00600    0.01168    106
   0.03026    0.02618    0.01100    0.01209     47
   0.05190    0.02830    0.03689    0.04903      2
   0.11990    0.02751    0.12077    0.02203     55
  -0.07172    0.03321   -0.07536    0.02701      8
  -0.05219    0.03061   -0.05550    0.02251      7
  -0.04899    0.03177   -0.05135    0.02090     57
  -0.04355    0.03028   -0.05755    0.03527      1
  -0.03914    0.03100   -0.03459    0.03017      3
  -0.03581    0.03203   -0.03275    0.03085      4
  -0.03057    0.03285   -0.03477   -0.02780      4
   0.02176    0.03354    0.01281    0.03341      3
   0.02549    0.03159    0.00611    0.00968     37
   0.02617    0.03022    0.00290    0.01425     15
   0.03569    0.03294    0.03887    0.02686      2
   0.03870    0.03269    0.04248    0.03477      1
   0.05077    0.03110    0.03349    0.04120      1
   0.11871    0.03204    0.11906    0.01842     24
   0.21774    0.03305    0.22391    0.04596      1
  -0.11727    0.03738   -0.11671    0.03973      1
  -0.06988    0.03442   -0.07246    0.01395      1
  -0.05167    0.03442   -0.05300    0.03060      1
  -0.04644    0.03561   -0.03222    0.03517      1
  -0.03975    0.03631   -0.06565    0.00252      1
  -0.02795    0.03751   -0.11544    0.05481      1
   0.01273    0.03790   -0.00265    0.01047      1
   0.01648    0.03759    0.00457   -0.03391     11
   0.02161    0.03576    0.02760   -0.04112     22
   0.02238    0.03553    0.02974   -0.04064     63
   0.02705    0.03690    0.03347   -0.03881     64
   0.05081    0.03497    0.03399    0.04079      1
   0.11714    0.03743    0.10482    0.02389      2
   0.11816    0.03418    0.11594    0.03917      4
   0.21688    0.03727    0.06915   -0.01207      1
  -0.08696    0.04090   -0.07411    0.03268      1
  -0.04217    0.04121   -0.05790    0.02120      8
  -0.04173    0.04188   -0.05497    0.02536      2
  -0.02963    0.03807   -0.04868   -0.03078      1
  -0.01208    0.03961   -0.00713    0.04716      1
   0.00458    0.03963    0.18678   -0.18484      1
   0.00779    0.03921    0.00925    0.01424      7
   0.02557    0.03859    0.03522   -0.03925      3
   0.02786    0.03992    0.03897   -0.03460     23
   0.03836    0.03957    0.04854    0.04559      1
   0.11598    0.04064    0.10975    0.05210      2
   0.21707    0.03949    0.19284    0.03609      1
  -0.11538    0.04381   -0.11647    0.03762      1
  -0.04131    0.04238   -0.05606    0.01827     14
  -0.03307    0.04592   -0.05970    0.00029      2
  -0.02899    0.04203   -0.04324   -0.02588      1
  -0.00818    0.04504   -0.00564    0.03373      1
   0.00502    0.04202   -0.00899   -0.04501      1
   0.02407    0.04401    0.03975   -0.03411     43
   0.02743    0.04289    0.04532   -0.03392     36
   0.03870    0.04258    0.03924    0.04101     10
   0.05724    0.04569    0.06081    0.03683     11
   0.05932    0.04458    0.06102    0.04039     14
   0.08674    0.04330    0.07297    0.05419      1
   0.11484    0.04394    0.11177    0.03986      5
  -0.08438    0.04735   -0.07532    0.03284      2
  -0.03552    0.04775   -0.05744    0.01464      2
  -0.03206    0.04767   -0.05919    0.00299      4
   0.02005    0.04889    0.03863   -0.03708      2
   0.02359    0.04627    0.04438   -0.03661     28
   0.04130    0.04933    0.03704    0.04566     17
   0.04560    0.04883    0.04364    0.04433     16
   0.04704    0.04832    0.04554    0.04147    105
   0.05275    0.04708    0.05282    0.03810     20
   0.05618    0.04626    0.06006    0.03901     20
   0.05880    0.04804    0.06304    0.03814     27
   0.06516    0.04985    0.06569    0.05611      1
   0.08357    0.04968    0.07733    0.04230      7
   0.11304    0.04915    0.11024    0.04612      7
   0.21506    0.04900    0.20629    0.05760      5
  -0.09918    0.05075    0.18304    0.04327      1
  -0.09232    0.05275   -0.03672    0.02600      1
  -0.06111    0.05122   -0.04823    0.04327      3
  -0.03068    0.05124   -0.06378    0.02201      3
  -0.02930    0.05257   -0.06237    0.00858      2
  -0.02334    0.05109   -0.06506   -0.00885      2
   0.01647    0.05099    0.03366   -0.04401     66
   0.01901    0.05055    0.03808   -0.04200      3
   0.03708    0.05379    0.03616    0.05294      2
   0.03981    0.05288    0.03768    0.05113     15
   0.04325    0.05104    0.04653    0.05008      2
   0.05783    0.05274    0.04998    0.03835      1
   0.05878    0.05172    0.06242    0.04679      4
   0.06437    0.05066    0.06698    0.05626     14
   0.08023    0.05292    0.07731    0.05146    197
   0.08267    0.05090    0.07786    0.04394     37
   0.09755    0.05383    0.10186    0.04557      1
   0.09860    0.05334    0.07811    0.03692      1
   0.11180    0.05109    0.10971    0.04608     10
   0.21338    0.05391    0.18734    0.07683      1
   0.21477    0.05049    0.20582    0.05340      6
  -0.11018    0.05434   -0.10631    0.05300      1
  -0.05901    0.05726   -0.05127    0.05699      2
  -0.05638    0.05531   -0.04805    0.04389      2
  -0.02291    0.05695   -0.05096    0.02872      1
   0.01199    0.05615    0.03221   -0.04775      7
   0.02815    0.05798    0.01990    0.05212      1
   0.03163    0.05666    0.02528    0.05567      4
   0.03675    0.05429    0.03235    0.05319     29
   0.05588    0.05602    0.05584    0.05722     31
   0.05993    0.05547    0.05984    0.05879     12
   0.07711    0.05700    0.07487    0.05422     23
   0.07934    0.05549    0.07578    0.04758    100
   0.08274    0.05402    0.08446    0.05980      1
   0.09764    0.05515    0.08833    0.05392      7
   0.09965    0.05608    0.09549    0.04796      4
   0.10292    0.05620   -0.02297   -0.01040      2
   0.10904    0.05649    0.10894    0.05594      9
   0.11002    0.05493    0.11337    0.05168      2
   0.21322    0.05490    0.20655    0.06315      1
  -0.12737    0.05899   -0.05263    0.01205      1
  -0.09419    0.05977   -0.06113    0.01089      1
  -0.07559    0.06093   -0.05545    0.05388      2
  -0.02032    0.05871   -0.06001    0.00588      3
  -0.01729    0.06028   -0.06250    0.00789      1
   0.00659    0.06170    0.03875   -0.04787     22
   0.01002    0.05860    0.04030   -0.04958      1
   0.02289    0.06088    0.01923    0.06751      3
   0.02820    0.05904    0.02331    0.06130      2
   0.03257    0.06134    0.02404    0.06466      9
   0.04541    0.05865    0.04558    0.05689      1
   0.05364    0.05909    0.05279    0.06431     22
   0.05421    0.05823    0.05480    0.06131     37
   0.07294    0.06035    0.06501    0.05482      6
   0.07543    0.05933    0.06920    0.06237     17
   0.07856    0.05824    0.07730    0.05485      3
   0.09305    0.05882    0.08348    0.06595      4
   0.09654    0.06084    0.09366    0.05478      5
   0.10137    0.05909    0.08687    0.03941      1
   0.10210    0.05940    0.09871    0.05008      1
   0.10679    0.06063    0.10112    0.05456      7
   0.21241    0.05847    0.20009    0.06591      5
  -0.01299    0.06395   -0.03183    0.03054      2
   0.00092    0.06592    0.03281   -0.06910      1
   0.00493    0.06268    0.04455   -0.04581      7
   0.00725    0.06565    0.03519    0.05346      5
   0.01312    0.06422    0.03109    0.05594      4
   0.04073    0.06291    0.06658    0.09946      1
   0.04931    0.06549    0.04294    0.06439      5
   0.05104    0.06427    0.04485    0.06902     16
   0.07348    0.06495    0.05665    0.06557      2
   0.09280    0.06231    0.08029    0.05396      2
   0.09826    0.06462    0.08536    0.06316      1
   0.10521    0.06317    0.09959    0.05841      7
  -0.20998    0.06693   -0.21740    0.03677      1
  -0.10382    0.06714   -0.10621    0.06082      1
  -0.00277    0.06671   -0.00902    0.06416      1
   0.00232    0.06640    0.03940    0.04564      1
   0.03813    0.06680    0.03626    0.06735      1
   0.04348    0.06675    0.04114    0.06978      3
   0.06516    0.06971    0.05627    0.06316      1
   0.06893    0.06808    0.06716    0.06954      2
   0.09068    0.06712    0.08417    0.05037      1
   0.10102    0.06981    0.09418    0.05551      2
   0.10341    0.06741    0.08679    0.05637      1
  -0.09989    0.07274   -0.09885    0.07368      1
  -0.06308    0.07388   -0.06434    0.07641      1
  -0.00206    0.07198   -0.00563    0.05641      1
   0.06100    0.07208    0.05119    0.05459      2
   0.06280    0.07167    0.05574    0.06099      3
   0.08299    0.07271    0.07083    0.05839      3
   0.08693    0.07134    0.07074    0.06921      2
   0.09983    0.07206    0.09622    0.06889      4
   0.08452    0.07543    0.06396    0.06200      2
   0.09612    0.07745    0.07886    0.04335      1
   0.09809    0.07429    0.08350    0.05804      1
  -0.20688    0.07854   -0.20793    0.06476      1
   0.09313    0.08064    0.07721    0.06372      3
   0.09481    0.07839    0.09571    0.02757      2
  -0.05098    0.08277   -0.03864    0.09016      1
   0.07187    0.08578    0.05588    0.06707      1
   0.08176    0.08375    0.06044    0.07027      1
   0.09044    0.08366    0.08872    0.05501      1
   0.20327    0.08445    0.19881    0.08439      3
  -0.04426    0.08675   -0.03284    0.08088      1
  -0.03752    0.08952   -0.02565    0.07492      1
   0.11511    0.08807   -0.02030    0.02525      1
   0.20112    0.08979    0.19925    0.08335      1
   0.20257    0.08816    0.19745    0.08300      1
   0.11289    0.09313   -0.04913   -0.16378      1
   0.20030    0.09158    0.20221    0.08088      1
   0.14561    0.09681   -0.03053   -0.02377      1
   0.19660    0.09764    0.18150    0.09570      1
   0.19870    0.09431    0.11574   -0.05201      1
  -0.07015    0.10082   -0.05500    0.09189      1
   0.07358    0.09922    0.05133    0.07610      1
   0.07467    0.09849    0.04155    0.06207      1
   0.09920    0.09896    0.00222   -0.00492      1
   0.19594    0.09930    0.20090    0.08607      2
   0.02503    0.10426   -0.18503    0.26922      1
   0.09563    0.10360    0.01049    0.00258      1
   0.05882    0.10842    0.05306    0.11328      1
   0.19048    0.10812    0.09667    0.08539      3
   0.18772    0.11013    0.19883    0.09103      1
   0.03934    0.11708    0.02513    0.07510      1
   0.08654    0.11602    0.00544    0.01716      1
  -0.18628    0.12047   -0.18393    0.09493      1
  -0.03527    0.11824   -0.05344    0.12003      1
   0.02551    0.12098    0.02528    0.11791      1
   0.02672    0.12072    0.02571    0.11597      5
   0.18038    0.12155    0.16313    0.08705      2
   0.18080    0.12510    0.11446    0.05265      1
   0.17766    0.13027    0.18993    0.11548      1
   0.15268    0.15640    0.14450    0.12040      1
   0.13994    0.16701    0.23543   -0.27468      1
   0.07055    0.21000    0.03743    0.12970      1
  -0.06323    0.21196   -0.03153    0.24274      1
   0.04578    0.21707    0.05543    0.20689      1
   0.04794    0.21660    0.05416    0.20439      5
