  -0.02031   -0.22026   -0.01591   -0.15673      3
  -0.01620   -0.22004   -0.07355   -0.14129      1
  -0.01336   -0.22034   -0.01844   -0.12190      1
  -0.00929   -0.22023   -0.02915   -0.11131      2
  -0.00585   -0.21907   -0.04016   -0.22320      1
  -0.00149   -0.21890    0.02583   -0.25879      1
   0.01931   -0.22031    0.21205   -0.30853      1
  -0.04147   -0.21493   -0.03083   -0.16635      1
   0.04043   -0.21790    0.04426   -0.16516      1
  -0.06307   -0.21062   -0.05701   -0.15834      1
  -0.05811   -0.21199   -0.05590   -0.23831      1
   0.06108   -0.21259    0.04934   -0.16930      2
   0.06317   -0.21176    0.24709   -0.18350      1
  -0.07508   -0.20668   -0.07440   -0.13368      3
  -0.07104   -0.20795   -0.09928   -0.23969      3
  -0.06967   -0.20882   -0.06788   -0.27430      1
   0.07120   -0.20976    0.12506    0.13317      1
   0.07653   -0.20767    0.04024   -0.18004      1
  -0.08063   -0.20463   -0.05468   -0.19645      2
  -0.07321   -0.20594   -0.05477   -0.15817      1
   0.08279   -0.20480    0.18197   -0.18582      1
   0.08682   -0.20295    0.13867   -0.17671      3
  -0.09428   -0.19981   -0.07468   -0.13146      1
  -0.09080   -0.19919   -0.05006   -0.16874      4
  -0.08825   -0.20000   -0.07264   -0.12584      6
  -0.08507   -0.20177   -0.08245   -0.15185      3
   0.08300   -0.20097    0.14242   -0.20568      1
   0.08933   -0.20186    0.10363   -0.10255      1
   0.09257   -0.20042    0.04630   -0.12584      1
   0.09794   -0.19860   -0.00309   -0.22136      1
  -0.09637   -0.19593   -0.05168   -0.15400      2
   0.10354   -0.19548   -0.00181   -0.14848      1
  -0.10457   -0.19331   -0.08250   -0.09162      1
  -0.11451   -0.18841   -0.06793   -0.13507      1
  -0.11077   -0.18934    0.00098   -0.09359      1
   0.11633   -0.18792    0.05765   -0.13782      1
  -0.12059   -0.18498   -0.18789   -0.20009      1
   0.12113   -0.18314    0.08408   -0.15812      1
  -0.12917   -0.17910   -0.09894   -0.12483      1
   0.12850   -0.17985    0.09446   -0.14081      2
  -0.13276   -0.17574   -0.07619   -0.12005      1
   0.13087   -0.17737    0.07111   -0.13545      1
  -0.13880   -0.17116   -0.10883   -0.10364      1
  -0.02491   -0.17059    0.03692   -0.15032      1
   0.00778   -0.17223    0.03297   -0.16492      2
   0.01340   -0.17189    0.01667   -0.20360      2
   0.01643   -0.17162    0.04028   -0.16525      1
   0.13743   -0.17277    0.29411   -0.20441      1
  -0.03543   -0.16872    0.04242   -0.16285      1
   0.03212   -0.16939    0.03839   -0.14530      2
   0.03599   -0.16861    0.03891   -0.15724      1
   0.03900   -0.16794    0.04006   -0.16136      3
   0.04470   -0.16651    0.04048   -0.15219      2
   0.04605   -0.16615    0.04129   -0.15198      1
   0.14430   -0.16753    0.14383   -0.10994      8
  -0.14828   -0.16350   -0.10351   -0.17370      2
  -0.06182   -0.16447   -0.07440   -0.13368      1
   0.04958   -0.16513    0.03907   -0.15906      1
   0.14558   -0.16566    0.12367   -0.05846      1
   0.14800   -0.16350    0.11825   -0.02363      5
  -0.07576   -0.15486    0.04281   -0.16554      1
   0.07108   -0.15708    0.04165   -0.16584      1
   0.15773   -0.15010    0.30214    0.21952      1
  -0.08774   -0.14841    0.04201   -0.16482      1
   0.09769   -0.14883   -0.18845   -0.36048      1
   0.03633   -0.14236    0.03828   -0.15407      2
   0.03684   -0.14163   -0.02178   -0.08360      1
   0.03993   -0.14055    0.04535   -0.16327      2
   0.04303   -0.13960   -0.01336   -0.20655      1
   0.04985   -0.13779    0.06829   -0.14986      1
   0.05255   -0.13626    0.05787   -0.13567      2
  -0.06670   -0.12667   -0.23304   -0.05854      1
  -0.07723   -0.12245   -0.02422   -0.08854      1
  -0.01404   -0.12230   -0.01620   -0.10586      1
  -0.01134   -0.12268   -0.02208   -0.10608      7
  -0.00847   -0.12284   -0.02208   -0.10325      5
  -0.00381   -0.12259   -0.01354   -0.10605     11
  -0.00066   -0.12280   -0.00670   -0.09996      4
   0.00939   -0.12293    0.11169    0.25565      1
   0.01077   -0.12290   -0.00627   -0.10871      1
   0.06913   -0.12219    0.08342   -0.13145      1
   0.18385   -0.12349    0.23648   -0.08701      1
  -0.03205   -0.11870   -0.03370   -0.10106      6
  -0.02662   -0.12011   -0.03021   -0.10273      2
  -0.02436   -0.12046   -0.02273   -0.10004      3
  -0.01970   -0.12117   -0.02464   -0.09942      4
  -0.00081   -0.11830   -0.00982   -0.10393      1
   0.02075   -0.12077    0.01669   -0.10305      1
   0.02319   -0.12088    0.02456   -0.10140      2
   0.02641   -0.12051    0.02746   -0.12388      1
   0.03038   -0.11955    0.01723   -0.10296      1
   0.03411   -0.11846    0.01903   -0.10904      3
  -0.04623   -0.11409   -0.04351   -0.08287      1
  -0.04380   -0.11476   -0.04522   -0.09409     24
  -0.04067   -0.11596   -0.04182   -0.09737     58
  -0.03510   -0.11772   -0.04067   -0.09749      7
  -0.02241   -0.11607   -0.03058   -0.09618      9
  -0.01482   -0.11733   -0.02193   -0.08542      1
  -0.00078   -0.11459   -0.01415   -0.10070      1
   0.00979   -0.11670   -0.00256   -0.10075      3
   0.01160   -0.11427    0.00297   -0.10795      2
   0.01795   -0.11678    0.01338   -0.10444      1
   0.01980   -0.11663    0.01349   -0.10488      5
   0.02513   -0.11558    0.01438   -0.10430      2
   0.02603   -0.11542    0.01520   -0.10419      1
   0.04030   -0.11679    0.03858   -0.10706      2
   0.04268   -0.11582    0.03420   -0.10717      1
   0.04612   -0.11425    0.04378   -0.10093      2
  -0.05114   -0.11149   -0.04609   -0.08474     31
  -0.04811   -0.11286   -0.04212   -0.08647     47
  -0.04600   -0.11374   -0.04916   -0.09817      1
  -0.03921   -0.11031   -0.04038   -0.08543      1
  -0.03165   -0.11007   -0.03777   -0.08366      1
  -0.02706   -0.11084   -0.03165   -0.08855      3
  -0.01451   -0.11277   -0.02242   -0.10196      1
  -0.01066   -0.11099   -0.01754   -0.09626      3
  -0.00826   -0.11192    0.02713   -0.08202      1
   0.01750   -0.11111    0.00650   -0.09788      1
   0.02825   -0.11003    0.01871   -0.09996      1
   0.04908   -0.11310    0.03908   -0.10362      5
   0.05167   -0.11187    0.03494   -0.10882      1
   0.05461   -0.11074    0.02825   -0.10050      1
  -0.05935   -0.10747   -0.06267   -0.09108     12
  -0.05517   -0.10969   -0.05578   -0.08824      5
  -0.05072   -0.10679   -0.04558   -0.08276     30
  -0.04811   -0.10806   -0.04453   -0.08505     54
  -0.04567   -0.10912   -0.04142   -0.08392     12
  -0.03924   -0.10710   -0.03692   -0.08698      1
  -0.03318   -0.10996   -0.03595   -0.09127      1
   0.02190   -0.10811    0.01119   -0.09111      1
   0.03734   -0.10821    0.02123   -0.09577      1
   0.03806   -0.10784    0.02837   -0.09108      1
   0.05776   -0.10904    0.03570   -0.09810      1
   0.06256   -0.10668    0.07975   -0.09046      1
  -0.06754   -0.10227   -0.06669   -0.08947      3
  -0.06389   -0.10526   -0.06264   -0.08926      8
  -0.06032   -0.10428   -0.05807   -0.08674      2
  -0.05647   -0.10363   -0.04958   -0.08407      4
  -0.05203   -0.10570   -0.04800   -0.08368     10
  -0.04412   -0.10414   -0.03821   -0.08642      4
  -0.04111   -0.10294   -0.02410   -0.08296      1
   0.04049   -0.10543    0.03132   -0.09201      1
   0.06491   -0.10485    0.06966   -0.08602      1
   0.06772   -0.10240    0.05452   -0.09305      3
   0.19461   -0.10426    0.24424   -0.05819      1
  -0.07416   -0.09816   -0.07349   -0.08635      1
  -0.07272   -0.09938   -0.07905   -0.08310      2
  -0.06404   -0.09883   -0.04944   -0.07194      1
  -0.06088   -0.10035   -0.04956   -0.07625      6
  -0.05691   -0.10010   -0.04909   -0.08074      5
  -0.04877   -0.10039   -0.04711   -0.08604      3
  -0.04577   -0.10198   -0.04333   -0.06521      1
  -0.00370   -0.09841   -0.01555   -0.09866      2
  -0.00069   -0.09898   -0.01794   -0.08819      1
   0.04167   -0.10175    0.04200   -0.08814      2
   0.04263   -0.10140    0.03352   -0.10076      1
   0.05009   -0.10069    0.03498   -0.08972      1
   0.07239   -0.09966    0.06218   -0.08319      2
   0.19757   -0.10032    0.23052   -0.07092      1
  -0.07752   -0.09559   -0.07962   -0.08449      1
  -0.02190   -0.09485   -0.03325   -0.09037      1
   0.00835   -0.09703   -0.00404   -0.09260      1
   0.01205   -0.09629    0.00170   -0.09177      4
   0.01710   -0.09595    0.00256   -0.08905      9
   0.01982   -0.09579    0.00975   -0.09123      6
   0.02210   -0.09520    0.01344   -0.08989      1
   0.03003   -0.09404    0.02686   -0.09247      1
   0.07615   -0.09686    0.08446   -0.08023      2
   0.07961   -0.09420    0.08720   -0.07934      1
  -0.08361   -0.09048   -0.09126   -0.07604      1
  -0.08181   -0.09214   -0.08821   -0.07887      2
  -0.06812   -0.09165   -0.06094   -0.06864      1
  -0.03873   -0.09066   -0.05045   -0.09650      1
  -0.03520   -0.09118   -0.04041   -0.08187      6
  -0.03378   -0.09055   -0.03977   -0.07876      4
  -0.02984   -0.09395   -0.04038   -0.08243      1
   0.02039   -0.09347    0.00765   -0.09102      2
   0.02494   -0.09136    0.01363   -0.08818     76
   0.02693   -0.09058    0.01939   -0.08610     69
   0.03322   -0.09213    0.03065   -0.09067      4
   0.03775   -0.09149    0.03570   -0.09126      9
   0.03872   -0.09105    0.03842   -0.09289     10
   0.06279   -0.09058    0.05489   -0.07964      2
   0.08069   -0.09329    0.08285   -0.08169     10
   0.08311   -0.09114    0.08522   -0.08335      6
  -0.08025   -0.08703   -0.08264   -0.06668      1
  -0.03521   -0.08989   -0.04010   -0.07702      2
   0.02848   -0.08995    0.01746   -0.08737      5
   0.03290   -0.08921    0.02254   -0.08325     11
   0.03586   -0.08989    0.03123   -0.08581      3
   0.04502   -0.08799    0.05926   -0.08836      4
   0.06482   -0.08892    0.05267   -0.10848      1
   0.06673   -0.08732    0.01741   -0.04633      1
   0.08768   -0.08676    0.08746   -0.07496      1
   0.15550   -0.08762    0.05103   -0.03845      1
  -0.04923   -0.08432   -0.05548   -0.09054      1
  -0.04411   -0.08557   -0.04933   -0.08374      1
  -0.04083   -0.08567   -0.04514   -0.07366      1
   0.05301   -0.08304    0.06030   -0.08677      3
   0.05425   -0.08239    0.06218   -0.08922      2
   0.08881   -0.08554    0.08535   -0.07927      2
   0.15087   -0.08346    0.04384   -0.16248      1
   0.01688   -0.08032    0.00688   -0.09153      1
   0.02178   -0.07924    0.02677   -0.09156      1
   0.02388   -0.07874    0.01875   -0.08274     79
   0.05377   -0.08133    0.06414   -0.08007      3
   0.05586   -0.07874    0.05682   -0.07996      3
   0.08481   -0.08164    0.07733   -0.07012      1
  -0.01111   -0.07765   -0.03283   -0.07008      1
   0.02368   -0.07655    0.02334   -0.07461      2
   0.02954   -0.07654    0.02148   -0.07669      4
   0.03064   -0.07619    0.01855   -0.07711      4
   0.05704   -0.07522    0.05295   -0.07053      1
   0.06029   -0.07688    0.06540   -0.07551      2
   0.06216   -0.07419    0.06679   -0.07549      1
   0.08047   -0.07658    0.07820   -0.07578      1
  -0.06851   -0.07021   -0.08240   -0.06555      1
  -0.03820   -0.07212   -0.04080   -0.06841     20
  -0.03767   -0.07254   -0.04185   -0.06774     15
   0.01116   -0.07262    0.01310   -0.06804      1
   0.02969   -0.07313    0.01938   -0.07493      1
   0.03206   -0.07154    0.02553   -0.07732      2
   0.03727   -0.07044    0.03646   -0.06844     10
   0.03814   -0.07057    0.03433   -0.07699      5
   0.06157   -0.07398    0.06822   -0.07419      1
   0.06385   -0.07208    0.05858   -0.07212      2
   0.08537   -0.07108    0.07255   -0.06602      1
   0.20844   -0.07344    0.24222   -0.03534      1
  -0.09753   -0.06696   -0.08529   -0.05024      1
  -0.04652   -0.06690   -0.05074   -0.05972      7
  -0.04375   -0.06766   -0.04927   -0.06050      5
  -0.03879   -0.06935   -0.04516   -0.06285      1
   0.01759   -0.06665    0.00669   -0.06359     17
   0.01850   -0.06650    0.00756   -0.06501     21
   0.02399   -0.06801    0.01115   -0.06351     29
   0.02899   -0.06953    0.02034   -0.06649     25
   0.03158   -0.06707    0.02345   -0.06490     18
   0.03689   -0.06994    0.03293   -0.06823      3
   0.03971   -0.06881    0.03430   -0.06656     21
   0.04256   -0.06723    0.04712   -0.06951      6
   0.04636   -0.06667    0.05161   -0.07482      3
   0.06727   -0.06879    0.06116   -0.07059      3
   0.10251   -0.06886    0.11258   -0.04802      1
   0.21109   -0.06859    0.23436   -0.11685      1
  -0.07452   -0.06269   -0.09224   -0.06900      1
  -0.07056   -0.06450   -0.07373   -0.05617      1
  -0.05091   -0.06316   -0.05462   -0.05858      1
  -0.04950   -0.06365   -0.05244   -0.06054      1
  -0.04386   -0.06529   -0.04835   -0.05928      1
  -0.03947   -0.06288   -0.04104   -0.05526      2
  -0.03527   -0.06259   -0.04339   -0.06177      5
  -0.03206   -0.06333   -0.04140   -0.05890      1
  -0.02930   -0.06403   -0.03854   -0.07531      1
  -0.02134   -0.06582   -0.03414   -0.06236      1
  -0.01478   -0.06398   -0.02510   -0.06336     10
  -0.01336   -0.06391   -0.02796   -0.05969      3
   0.01761   -0.06575    0.00814   -0.06383      2
   0.02060   -0.06477    0.00920   -0.06314     94
   0.02296   -0.06484    0.01031   -0.06257     63
   0.02709   -0.06309    0.01385   -0.06023     37
   0.03391   -0.06245    0.03038   -0.06228      1
   0.04821   -0.06490    0.04790   -0.07427     11
   0.05115   -0.06389    0.05978   -0.07297      2
   0.07353   -0.06263    0.06875   -0.06094     25
   0.08203   -0.06408    0.08987   -0.08437      2
   0.08810   -0.06403    0.03768    0.10024      1
   0.09294   -0.06264    0.08472   -0.05460      1
  -0.07657   -0.06095   -0.08256   -0.05373      2
  -0.05551   -0.05870   -0.05740   -0.05276      8
  -0.05292   -0.06145   -0.05713   -0.05471     10
  -0.04326   -0.06070   -0.04890   -0.05458     12
  -0.01420   -0.05884   -0.02844   -0.05519      2
  -0.01287   -0.06099   -0.02454   -0.05409      1
   0.02090   -0.06046    0.00857   -0.06513      1
   0.02587   -0.06024    0.01374   -0.06148      1
   0.02831   -0.05944    0.01830   -0.06085     46
   0.03064   -0.05977    0.02150   -0.06002      8
   0.04747   -0.06186    0.04843   -0.06561      3
   0.05286   -0.05954    0.05366   -0.06723     23
   0.05443   -0.05988    0.05209   -0.06612      3
   0.07394   -0.06192    0.07043   -0.06070      6
   0.07453   -0.06093    0.07810   -0.06045     18
   0.08432   -0.05924    0.06734   -0.06943      2
   0.10863   -0.05866    0.13552   -0.05495      2
  -0.05889   -0.05509   -0.06231   -0.05027      8
  -0.05692   -0.05639   -0.05956   -0.04936     20
  -0.04814   -0.05411   -0.05323   -0.05019     11
  -0.01192   -0.05640   -0.02643   -0.05394      7
   0.02834   -0.05709    0.02063   -0.05741     53
   0.03007   -0.05597    0.02495   -0.06175      1
   0.05167   -0.05586    0.05615   -0.06085      3
   0.05700   -0.05584    0.04820   -0.06397      3
   0.05848   -0.05666    0.05823   -0.06554      4
   0.11037   -0.05509    0.12193   -0.04390      3
  -0.08223   -0.05340   -0.08073   -0.04736      1
  -0.06258   -0.05260   -0.07262   -0.05161      1
  -0.05976   -0.05276   -0.06231   -0.04788     14
  -0.04897   -0.05249   -0.05109   -0.04859      9
  -0.01015   -0.05365   -0.02423   -0.05367      2
  -0.00705   -0.05088   -0.02311   -0.05810      2
  -0.00587   -0.05028   -0.01761   -0.05238      3
   0.01756   -0.05068    0.01004    0.04890      2
   0.02975   -0.05262    0.01821   -0.05169      4
   0.03096   -0.05153    0.02500   -0.05078     24
   0.06046   -0.05230    0.06466   -0.06011      4
   0.06319   -0.05055    0.07173   -0.05863      3
   0.08274   -0.05398    0.09025   -0.05596      1
   0.11167   -0.05180    0.11914   -0.04703      2
  -0.08275   -0.04705   -0.09776   -0.04548      3
  -0.06662   -0.04612   -0.07236   -0.04381      2
  -0.06395   -0.04792   -0.06790   -0.04723     12
  -0.05231   -0.04625   -0.05601   -0.04761      8
  -0.00881   -0.04958   -0.02103   -0.05260      6
  -0.00430   -0.04989   -0.01192   -0.04996      3
  -0.00048   -0.04611   -0.00837   -0.04741      2
   0.03235   -0.04881    0.02336   -0.04589     13
   0.03526   -0.04698    0.02333   -0.04545      7
   0.03879   -0.04748    0.01126    0.05740      1
   0.06288   -0.04888    0.06425   -0.05686     15
   0.06657   -0.04622    0.06213   -0.05257      2
   0.08503   -0.04787    0.09906   -0.04926     12
  -0.06693   -0.04347   -0.07375   -0.04290     10
  -0.06578   -0.04490   -0.06995   -0.04595      3
  -0.05687   -0.04255   -0.05665   -0.04442      1
  -0.05261   -0.04576   -0.05470   -0.04541      3
  -0.03149   -0.04230   -0.03966   -0.04660      1
   0.00250   -0.04449    0.00188    0.03595      1
   0.00617   -0.04350   -0.00863    0.02271      1
   0.01793   -0.04270    0.01200    0.04195      2
   0.02011   -0.04384    0.01406    0.04589      4
   0.02502   -0.04544    0.01624    0.04437      3
   0.02699   -0.04532    0.01718    0.04830     26
   0.03348   -0.04493    0.02255   -0.04707      3
   0.03545   -0.04327    0.02592   -0.04217     23
   0.03804   -0.04271    0.03414   -0.03331      1
   0.06563   -0.04484    0.05972   -0.04923      1
   0.06762   -0.04476    0.06067   -0.04948      3
   0.10267   -0.04293    0.05111    0.08373      1
   0.11568   -0.04376    0.15574   -0.06135      1
  -0.09001   -0.03944   -0.07305   -0.04442      1
  -0.08907   -0.04119   -0.07246   -0.03196      1
  -0.07088   -0.03978   -0.07562   -0.03986      2
  -0.06974   -0.03877   -0.07672   -0.03880      7
  -0.05855   -0.03933   -0.07644   -0.10797      1
  -0.05785   -0.04170   -0.05339   -0.04417      3
  -0.04377   -0.03921   -0.04906   -0.03803      2
  -0.01487   -0.03981   -0.02510   -0.03839      2
  -0.01143   -0.03841   -0.01911   -0.01930      8
  -0.00818   -0.03914   -0.01806   -0.01541      7
  -0.00508   -0.03966   -0.02022    0.00986      5
  -0.00056   -0.03998    0.00276    0.02866      1
   0.00394   -0.04164    0.00149    0.04497      1
   0.00884   -0.04059    0.00920    0.04039     16
   0.01244   -0.04044    0.00936    0.03755      1
   0.01598   -0.04117    0.01326    0.03919      2
   0.03770   -0.04050    0.02955   -0.03760      7
   0.04080   -0.03838    0.03061   -0.04049     18
   0.04551   -0.03981    0.03854   -0.04173     80
   0.04661   -0.03957    0.04136   -0.04173     11
   0.06523   -0.03801    0.05878   -0.04462      1
   0.08549   -0.04196    0.07817   -0.04459      1
   0.10427   -0.03863    0.03586    0.05179      1
   0.11697   -0.03960    0.14047   -0.05037      2
   0.21789   -0.04015    0.22638   -0.01345      1
  -0.11789   -0.03652   -0.11398   -0.03011      1
  -0.07209   -0.03510   -0.07511   -0.03373      2
  -0.06200   -0.03668   -0.06376   -0.03534      1
  -0.05103   -0.03785   -0.05525   -0.03386      1
  -0.04382   -0.03775   -0.04940   -0.03763      3
  -0.03619   -0.03723   -0.04415   -0.03838      1
  -0.03226   -0.03544   -0.04522   -0.03488      2
  -0.01537   -0.03691   -0.02255    0.01933      1
   0.01767   -0.03557    0.04550   -0.09984     10
   0.01861   -0.03525    0.08272   -0.10781      3
   0.04018   -0.03608    0.02976   -0.03693     26
   0.04408   -0.03520    0.03247   -0.03521     13
   0.04757   -0.03519    0.03845   -0.03321     38
   0.05282   -0.03483    0.04369   -0.03461     33
   0.05764   -0.03629    0.05710   -0.03823     15
   0.05848   -0.03577    0.06193   -0.03863     18
   0.11165   -0.03465    0.09544   -0.02629      1
   0.11821   -0.03631    0.14675   -0.04403      2
  -0.09137   -0.03027   -0.10325   -0.02844      1
  -0.07425   -0.03073   -0.07847   -0.02641      1
  -0.07360   -0.03048   -0.07755   -0.02827      6
  -0.04809   -0.03196   -0.05081   -0.03162      2
  -0.04061   -0.03103   -0.04797   -0.02670      1
  -0.03076   -0.03286   -0.03874   -0.03081      1
  -0.02337   -0.03243   -0.01591   -0.01615      4
  -0.00327   -0.03064   -0.02362    0.02596      1
   0.02369   -0.03218    0.01755   -0.02506      3
   0.03134   -0.03359    0.02508   -0.03517      1
   0.04094   -0.03365    0.02981   -0.03490      1
   0.04377   -0.03145    0.03533   -0.02927     80
   0.04729   -0.03303    0.04102   -0.03100     99
   0.05152   -0.03199    0.04497   -0.03302    249
   0.05642   -0.03068    0.05066   -0.03528     54
   0.05914   -0.03258    0.06057   -0.03662     12
   0.06376   -0.03199    0.05901   -0.03695     16
   0.06621   -0.03017    0.04694   -0.04113      2
   0.07600   -0.03145    0.08082   -0.03959      1
   0.08983   -0.03272    0.09537   -0.03411      4
  -0.13873   -0.02913   -0.18299   -0.10779      1
  -0.12004   -0.02984   -0.12976   -0.03380      1
  -0.09177   -0.02722   -0.09180   -0.02238      1
  -0.07455   -0.02922   -0.07793   -0.02459     21
  -0.03590   -0.02608   -0.04097    0.06029      1
  -0.03031   -0.02632   -0.02387   -0.00792     10
  -0.02908   -0.02744   -0.01866   -0.01433     82
   0.02802   -0.02852    0.01617   -0.00551    134
   0.03013   -0.02628    0.01617    0.00108      4
   0.04510   -0.02880    0.03820   -0.02489      6
   0.04742   -0.02867    0.04168   -0.02918     12
   0.05293   -0.02817    0.02858    0.05216     16
   0.05701   -0.02970    0.05036   -0.03519     85
   0.05893   -0.02968    0.06302   -0.03660      2
   0.06516   -0.02964    0.06413   -0.02855      5
   0.06711   -0.02851    0.06301   -0.02931     64
   0.12009   -0.02906    0.15426   -0.06264      3
  -0.09191   -0.02348   -0.09155   -0.01450      1
  -0.07848   -0.02237   -0.08425   -0.01352     11
  -0.04039   -0.02397   -0.03488    0.03119      3
  -0.03066   -0.02566   -0.02360   -0.01672     38
  -0.00634   -0.02546   -0.03672   -0.01912      1
  -0.00477   -0.02508   -0.01939   -0.01284      2
   0.03278   -0.02289    0.01616   -0.00442     77
   0.04789   -0.02243    0.04506   -0.02090     57
   0.05350   -0.02416    0.02532    0.04999     34
   0.05416   -0.02275    0.02459    0.05199     13
   0.06876   -0.02425    0.06798   -0.02449     58
   0.12148   -0.02238    0.12689   -0.01513      1
  -0.13880   -0.01985   -0.25564    0.03684      1
  -0.09350   -0.02033   -0.08710   -0.01348      2
  -0.07879   -0.01878   -0.08218   -0.01038      3
  -0.04615   -0.01914   -0.03896    0.03608      1
  -0.04419   -0.02127   -0.04240    0.03898      1
  -0.01925   -0.01805   -0.02574   -0.01376      2
   0.03346   -0.02187    0.01512   -0.00677     22
   0.03423   -0.02066    0.01516   -0.00709     55
   0.04522   -0.01947    0.03755   -0.01739     50
   0.04715   -0.02075    0.04422   -0.01772     10
   0.05521   -0.02046    0.02700    0.05334     30
   0.06180   -0.01821    0.03000    0.05642      1
   0.06983   -0.01958    0.07451   -0.02094     25
   0.07015   -0.01931    0.07284   -0.02119      7
   0.07929   -0.01973    0.07978   -0.02531      1
  -0.09456   -0.01556   -0.09906   -0.00875      2
  -0.07901   -0.01657   -0.08076   -0.00971     78
  -0.04963   -0.01481   -0.04289    0.03776      2
  -0.01985   -0.01758   -0.02620   -0.01953     15
  -0.00223   -0.01565   -0.02410   -0.01577      3
   0.00333   -0.01551    0.00787    0.30047      1
   0.03339   -0.01431    0.12919   -0.02394      3
   0.03735   -0.01425    0.01550   -0.00688     16
   0.04486   -0.01598    0.03404   -0.01450     16
   0.04611   -0.01748    0.03832   -0.01440      6
   0.05711   -0.01601    0.03680    0.04449     10
   0.05819   -0.01602    0.02435    0.05418      3
   0.06950   -0.01645    0.07380   -0.01850     12
   0.07093   -0.01521    0.07707   -0.01725     21
   0.07558   -0.01642    0.07805   -0.02165      1
   0.07894   -0.01747    0.08191   -0.02103      2
   0.10963   -0.01566    0.10388   -0.01720      1
  -0.09418   -0.01138   -0.08989    0.00096      2
  -0.07855   -0.01073   -0.07538   -0.00624    142
  -0.07760   -0.01161   -0.07417   -0.00792     53
  -0.05093   -0.01306   -0.03940    0.03560      1
   0.01162   -0.01260   -0.03827    0.00572      1
   0.01409   -0.01002    0.02444   -0.00614      1
   0.03753   -0.01379    0.01587   -0.00698     20
   0.03843   -0.01103    0.01692   -0.00568     85
   0.04379   -0.01085    0.03667   -0.00893     84
   0.04607   -0.01253    0.03831   -0.01312      1
   0.05349   -0.01291    0.04916   -0.01465      1
   0.05753   -0.01123    0.05647   -0.01436     14
   0.05808   -0.01394    0.06150   -0.01470      3
   0.06274   -0.01327    0.02892    0.05393      1
   0.06976   -0.01348    0.08033   -0.01591      1
   0.07141   -0.01109    0.07811   -0.01375     29
   0.07470   -0.01058    0.07927   -0.01142      1
   0.07998   -0.01307    0.08271   -0.01280      1
  -0.12345   -0.00714   -0.12460   -0.00186      2
  -0.11184   -0.00908   -0.11066    0.00270      1
  -0.07852   -0.00890   -0.07463   -0.00256     76
  -0.07687   -0.00924   -0.07813   -0.00497      2
  -0.06001   -0.00696   -0.04158    0.05128      8
  -0.05530   -0.00682   -0.04251    0.04398      2
  -0.01287   -0.00905   -0.03012   -0.01581      2
   0.01432   -0.00970    0.01797   -0.00097      1
   0.03927   -0.00753    0.01666   -0.00546    187
   0.04343   -0.00977    0.04045   -0.00882      7
   0.05754   -0.00868    0.06013   -0.01213      9
   0.05869   -0.00742    0.05988   -0.00895     14
   0.07181   -0.00725    0.07944   -0.01121     18
   0.07779   -0.00976    0.08405   -0.00958      1
   0.08141   -0.00988    0.09174   -0.01322      1
  -0.07874   -0.00515   -0.08456    0.00235      2
  -0.07500   -0.00342   -0.07887    0.00725     34
  -0.07371   -0.00263   -0.07804    0.00855     12
  -0.06183   -0.00360   -0.03568    0.05192      1
  -0.05535   -0.00521   -0.04107    0.03409      2
  -0.04101   -0.00302   -0.04863    0.00253      4
  -0.00871   -0.00508   -0.00913   -0.00382      1
   0.01369   -0.00508    0.00884   -0.00800      4
   0.01637   -0.00358   -0.01954    0.01115      5
   0.04002   -0.00385    0.02950   -0.00296    133
   0.06054   -0.00467    0.06569   -0.00337     49
   0.06388   -0.00399    0.06919   -0.00410     36
   0.06735   -0.00238    0.07106   -0.00223     17
   0.07332   -0.00526    0.07948   -0.00957     48
   0.12351   -0.00291    0.12777   -0.00223      1
   0.22157   -0.00414    0.24931    0.01445      2
  -0.07888   -0.00045   -0.08228    0.00735      2
  -0.07501   -0.00090   -0.07713    0.00879     29
  -0.07332   -0.00001   -0.07673    0.00646     39
  -0.06030    0.00120   -0.03938    0.04506      2
  -0.04147   -0.00173   -0.04644    0.00576      4
  -0.03560   -0.00057   -0.14285    0.01805      1
  -0.00888    0.00101   -0.01153    0.00199      3
   0.00449    0.00003    0.00288    0.00560      1
   0.01727   -0.00102    0.01616   -0.00056      5
   0.03996    0.00075    0.01714   -0.00099     32
   0.06044   -0.00149    0.04402    0.04754      1
   0.06572    0.00060    0.07108   -0.00076    106
   0.06730   -0.00001    0.06929   -0.00133     39
   0.07057    0.00155    0.07866   -0.00086      4
   0.11431    0.00170    0.11238   -0.00510      1
   0.12354   -0.00170    0.13043   -0.00387      1
  -0.08081    0.00233   -0.08096    0.00240      1
  -0.07641    0.00436   -0.07830    0.01184     13
  -0.07333    0.00453   -0.07675    0.01117      7
  -0.05968    0.00375   -0.04378    0.04677      3
  -0.01381    0.00588   -0.02676    0.01065      1
  -0.00806    0.00317   -0.00731    0.00383      2
  -0.00409    0.00483   -0.00290    0.01112      4
   0.01419    0.00518    0.05079   -0.00868      2
   0.03716    0.00399    0.10473    0.02629      2
   0.04127    0.00242    0.02748   -0.00723     21
   0.06084    0.00441    0.04189    0.04476      9
   0.06824    0.00402    0.06654    0.00225     36
   0.07131    0.00390    0.06558    0.00155     19
   0.11746    0.00388    0.10512   -0.00606      1
   0.12345    0.00509    0.13105    0.00939      1
  -0.07970    0.00705   -0.08701    0.00574      2
  -0.07406    0.00752   -0.07815    0.01713      4
  -0.07306    0.00765   -0.07820    0.01477     37
  -0.06378    0.00815   -0.03777    0.05097      2
  -0.03894    0.00907   -0.02321    0.01378      1
  -0.03651    0.00845   -0.14008    0.03701      1
  -0.01257    0.00798   -0.02879    0.01486      3
  -0.00313    0.00626   -0.00250    0.00781     11
   0.00105    0.00764    0.02851    0.00406      3
   0.00410    0.00773    0.01292    0.02953      3
   0.01106    0.00905    0.05886   -0.02486      3
   0.03389    0.00905    0.19804   -0.05011      1
   0.03678    0.00710    0.11217    0.02427      8
   0.04092    0.00825    0.03074   -0.01023      3
   0.06094    0.00836    0.04009    0.04430      4
   0.06974    0.00947    0.06988    0.00823     85
   0.07034    0.00853    0.07058    0.00788    119
   0.07687    0.00706    0.08271    0.00467      7
   0.22146    0.00913    0.25978    0.02501      1
  -0.12295    0.01325   -0.11784    0.02099      1
  -0.07268    0.01126   -0.08201    0.02045      6
  -0.06983    0.01305   -0.07078    0.01504      2
  -0.05169    0.01361   -0.05649    0.01189      3
  -0.03780    0.01304   -0.00850    0.00295      1
   0.03601    0.01203    0.11333    0.05184      2
   0.04146    0.01314    0.04205   -0.00709      8
   0.06075    0.01288    0.04058    0.04460      1
   0.06943    0.01272    0.07192    0.01014    461
   0.07010    0.01186    0.07227    0.01023    130
   0.07565    0.01266    0.07612    0.01119      2
   0.07970    0.01200    0.08507    0.00823      2
   0.12277    0.01290    0.13639    0.01049      1
  -0.12271    0.01535   -0.12156    0.01761      2
  -0.07588    0.01709   -0.08063    0.02471      5
  -0.07039    0.01458   -0.08097    0.02064      4
  -0.06955    0.01511   -0.07526    0.01443      4
  -0.06468    0.01703   -0.06131    0.03246      4
  -0.03637    0.01660   -0.02415    0.01326     32
  -0.01975    0.01702   -0.02266    0.01628      2
  -0.00003    0.01527   -0.03803   -0.03306      1
   0.03289    0.01457    0.13986    0.04116      3
   0.03700    0.01435    0.06977    0.07886      1
   0.04177    0.01495    0.03787   -0.00853     34
   0.04208    0.01695    0.03328   -0.01114     15
   0.06029    0.01608    0.04015    0.04498      4
   0.06934    0.01473    0.07391    0.01170    187
   0.07023    0.01597    0.07618    0.01284     34
   0.07453    0.01778    0.08019    0.01661      1
   0.12193    0.01794    0.13382    0.00842      1
  -0.12209    0.01969   -0.12875    0.02619      1
  -0.07468    0.01826   -0.08134    0.02481      2
  -0.06408    0.01804   -0.07199    0.00025      1
  -0.03477    0.01973   -0.02335    0.01412    160
  -0.03362    0.02163   -0.02398    0.01500     52
  -0.01982    0.01875   -0.02777    0.02146      1
   0.02921    0.02195    0.12717    0.07491      1
   0.03230    0.01996    0.09493   -0.05733      4
   0.04167    0.01941    0.03403   -0.01046     19
   0.04221    0.01909    0.03518   -0.01198      9
   0.05962    0.02113    0.03974    0.04428      9
   0.06242    0.02138    0.04720    0.05316      1
   0.06877    0.01954    0.07704    0.01881     19
   0.07018    0.01944    0.07689    0.02005     28
   0.12154    0.02121    0.13260    0.02671      2
  -0.05783    0.02362   -0.06369    0.02730      5
  -0.03104    0.02520   -0.02059    0.01509     55
  -0.02134    0.02341   -0.02126    0.02006      2
   0.02804    0.02503    0.09340    0.07193      1
   0.04040    0.02319    0.03630   -0.01420     14
   0.05931    0.02300    0.04050    0.04467      3
   0.06546    0.02586    0.07402    0.02259      2
   0.06707    0.02438    0.07362    0.02119     23
   0.12045    0.02530    0.13467    0.03483      3
   0.22015    0.02314    0.24382    0.04739      1
  -0.22031    0.02658   -0.13070    0.02993      1
  -0.06800    0.02687   -0.08460    0.01752      1
  -0.03172    0.02723   -0.03485    0.02936     13
  -0.02739    0.02913   -0.01824    0.01488     16
   0.02820    0.02657    0.09334    0.07703      3
   0.03974    0.02740    0.03781   -0.01589     11
   0.05821    0.02620    0.04366    0.04158      1
   0.06507    0.02824    0.07116    0.02307     16
   0.06643    0.02902    0.07515    0.02568      5
   0.10927    0.02779    0.10920    0.01808      1
   0.12023    0.02694    0.13423    0.03999      5
  -0.04374    0.03297   -0.04412    0.03637      3
  -0.04049    0.03209   -0.03875    0.03493      2
  -0.03570    0.03080   -0.03846    0.03523      2
  -0.02642    0.03001   -0.01872    0.01549      1
  -0.02357    0.03229   -0.01487    0.01567      9
  -0.02160    0.03364   -0.01358    0.02043      5
   0.02482    0.03130    0.09577   -0.01006      1
   0.03828    0.03109    0.03805   -0.01809     29
   0.05687    0.03048    0.04733    0.04158      1
   0.06112    0.03291    0.06795    0.03068      2
   0.06277    0.03109    0.07160    0.02640     15
   0.06608    0.03296    0.07465    0.02644      1
   0.11861    0.03207    0.11359    0.02796      2
   0.21846    0.03214    0.28970    0.15860      1
  -0.06760    0.03432   -0.06979    0.03730      6
  -0.04356    0.03482   -0.04092    0.03924      1
  -0.01932    0.03501   -0.01328    0.01662     11
  -0.01527    0.03695   -0.01899    0.04097      4
  -0.01263    0.03794   -0.02239    0.05598      1
   0.01201    0.03530    0.11937    0.05490      3
   0.01609    0.03630    0.04658    0.00719      8
   0.01873    0.03532    0.00636    0.01690      4
   0.03693    0.03719    0.04419   -0.01814      5
   0.05332    0.03698    0.05240    0.03963      1
   0.05775    0.03768    0.06297    0.03192     16
   0.05932    0.03658    0.06604    0.03092     23
   0.06702    0.03419    0.07421    0.03013      1
   0.09117    0.03776    0.09255    0.03758      1
   0.10392    0.03631    0.09812    0.04722      1
   0.11856    0.03409    0.14586    0.02782      1
   0.21813    0.03787    0.23028    0.03606      1
  -0.04975    0.03887   -0.06084    0.02709      1
  -0.01080    0.03850   -0.00775    0.02303      3
  -0.00835    0.03910   -0.00169    0.01751      9
  -0.00435    0.03974   -0.00402    0.02642     10
   0.00080    0.03997   -0.00158    0.01841      6
   0.00218    0.03992    0.00125    0.01338      2
   0.00835    0.03991    0.00803    0.03776      8
   0.01137    0.03833    0.00775    0.02766      2
   0.01485    0.04193    0.01171    0.03877      1
   0.03256    0.04138    0.03381   -0.02466      2
   0.03552    0.03939    0.04443   -0.02028     22
   0.04080    0.04112    0.05985   -0.00864      3
   0.04772    0.04178    0.04084    0.04439      4
   0.05251    0.03988    0.05326    0.04117      7
   0.05737    0.03821    0.05970    0.03245     13
   0.05920    0.04017    0.06169    0.03305      5
   0.07106    0.04111    0.07384    0.04127      1
   0.08967    0.04075    0.09926    0.04691      2
   0.10277    0.03914    0.09825    0.04029      1
   0.21761    0.03817    0.24197    0.04747      1
  -0.11574    0.04231   -0.11692    0.03912      1
  -0.04266    0.04247   -0.04122    0.05000      1
  -0.04006    0.04558   -0.03806    0.05355      1
  -0.03041    0.04294   -0.04988   -0.02880      1
  -0.02731    0.04226   -0.04695   -0.03179      1
  -0.01258    0.04308   -0.02236   -0.04669      4
  -0.00005    0.04367   -0.00909   -0.04223      2
   0.00734    0.04497    0.00399    0.04301      1
   0.01474    0.04378    0.01218    0.04204      4
   0.02941    0.04510    0.03409   -0.02888     18
   0.03042    0.04435    0.03594   -0.02722     18
   0.03787    0.04506    0.06011   -0.01227      5
   0.04009    0.04437    0.05960   -0.00909     17
   0.04358    0.04340    0.04066    0.04297     14
   0.04728    0.04225    0.03997    0.04442      5
   0.05154    0.04323    0.05536    0.04086     29
   0.05526    0.04328    0.05863    0.03542     15
   0.05825    0.04277    0.05821    0.03702      6
   0.06714    0.04302    0.06925    0.05013      1
   0.07010    0.04236    0.07516    0.03252      1
   0.08517    0.04596    0.08570    0.05802      1
   0.08762    0.04460    0.09503    0.04210      2
   0.11622    0.04230    0.15294    0.05058      1
  -0.05078    0.04796   -0.03685    0.05394      5
  -0.03823    0.04610   -0.03728    0.05189      1
  -0.03750    0.04748   -0.03844    0.04806      4
  -0.02855    0.04925   -0.05210   -0.02852      1
  -0.01020    0.04626   -0.02167   -0.04550      2
  -0.00844    0.04831   -0.02907   -0.05076      1
   0.01728    0.04968    0.01646    0.04697     15
   0.02476    0.04847    0.03318   -0.03968      6
   0.02840    0.04789    0.03966   -0.03210     18
   0.03137    0.04962    0.02561    0.05038     41
   0.03748    0.04769    0.06148   -0.00736     17
   0.03809    0.04759    0.06696   -0.00322      4
   0.04854    0.04885    0.05849    0.03953     72
   0.05138    0.04773    0.05873    0.04017      9
   0.06651    0.04716    0.07758    0.04736      1
   0.08138    0.04771    0.09013    0.05267      1
   0.08478    0.04612    0.09710    0.05155      2
   0.08684    0.04607    0.09458    0.03976      1
   0.21551    0.04652    0.18454    0.08332      1
  -0.11195    0.05257   -0.14494    0.07347      2
  -0.03918    0.05190   -0.05469    0.03734      2
  -0.01800    0.05261   -0.04049   -0.04708      1
  -0.01792    0.05260   -0.04033   -0.04722      1
  -0.00396    0.05071   -0.01124   -0.05452      2
   0.02052    0.05314    0.02675   -0.04100     18
   0.02537    0.05300    0.04108   -0.03601     27
   0.02662    0.05246    0.03414    0.04926     29
   0.03087    0.05005    0.02774    0.04672      4
   0.03422    0.05330    0.06827   -0.00544      5
   0.04538    0.05269    0.05749    0.04116      5
   0.04738    0.05077    0.05892    0.04099      6
   0.05089    0.05077    0.05833    0.04724      5
   0.06105    0.05322    0.07539    0.04915      1
   0.11171    0.05271    0.13041    0.05834      3
   0.21130    0.05374    0.10362    0.05234      1
   0.21607    0.05056    0.30137    0.09156      1
  -0.11068    0.05420   -0.13020    0.06947      2
  -0.10959    0.05734   -0.14170    0.07022      3
  -0.04349    0.05421   -0.03889    0.05461      2
  -0.04009    0.05510   -0.04695    0.05569      2
  -0.03693    0.05537   -0.07156    0.02436      1
  -0.00632    0.05589   -0.02616   -0.05818      2
   0.01566    0.05585    0.02131   -0.04547      5
   0.02099    0.05626    0.03941   -0.04184     25
   0.02451    0.05539    0.04477   -0.03337     72
   0.02685    0.05433    0.02820    0.04392      1
   0.03164    0.05751    0.07152   -0.00095     20
   0.03775    0.05792    0.06606    0.03081      1
   0.03977    0.05651    0.06028    0.03347     15
   0.04369    0.05429    0.05946    0.03970      3
   0.10944    0.05699    0.11527    0.05710      7
   0.11055    0.05517    0.10419    0.05454      3
  -0.10721    0.06167   -0.13776    0.08249      5
  -0.04090    0.05876   -0.03337    0.05657     13
  -0.00535    0.06053   -0.02688   -0.05645      2
   0.01220    0.05992    0.02342   -0.05203     11
   0.02125    0.06049    0.04992   -0.03572     28
   0.02213    0.06020    0.04951   -0.03425      8
   0.02799    0.06082    0.06972   -0.00151     16
   0.03104    0.05833    0.07109   -0.00086     15
   0.03652    0.05983    0.05887    0.03570      8
   0.03861    0.05821    0.05775    0.03568      3
   0.10843    0.05887    0.12022    0.05716      5
   0.21254    0.06110    0.22479    0.05813      1
  -0.10592    0.06387   -0.14054    0.09092      1
  -0.04643    0.06587   -0.04927    0.05851      1
  -0.00381    0.06592   -0.02788   -0.06442      1
   0.00895    0.06311    0.01970   -0.05890     12
   0.01791    0.06415    0.05822   -0.04387      1
   0.01824    0.06278    0.06184   -0.03800      3
   0.02397    0.06572    0.06995    0.00953     17
   0.02896    0.06438    0.06966    0.02686      8
   0.03045    0.06300    0.06974    0.02841      7
   0.04587    0.06244    0.04679    0.06327      2
   0.10539    0.06441    0.11183    0.05977     19
   0.10611    0.06323    0.11200    0.05366      1
  -0.10382    0.06723   -0.13593    0.09377      2
  -0.03409    0.06807   -0.02518    0.05577      3
  -0.03273    0.06933   -0.02655    0.05790      7
  -0.01694    0.06948   -0.07657    0.02023      1
  -0.00912    0.06922   -0.05490   -0.04515      4
  -0.00332    0.06809   -0.02518   -0.05376      2
   0.00404    0.06804    0.00877   -0.06300     25
   0.00668    0.06705    0.01694   -0.05555      3
   0.01300    0.06754    0.05339   -0.04535      2
   0.01708    0.06947    0.07107    0.01151     11
   0.02006    0.06788    0.07240    0.01039    133
   0.02275    0.06638    0.07217    0.01149     26
   0.03204    0.06991    0.03690    0.06391      1
   0.03879    0.06930    0.04241    0.06581      1
   0.10401    0.06658    0.10768    0.06005      2
  -0.10182    0.07022   -0.13915    0.09141      1
  -0.02656    0.07313   -0.03135    0.06180      1
  -0.02447    0.07234   -0.02429    0.06104      3
  -0.02107    0.07298   -0.02307    0.06336      2
  -0.01557    0.07359   -0.01692    0.06719      2
  -0.00753    0.07290   -0.07619    0.01069      2
   0.00184    0.07264    0.00684   -0.06488      2
   0.00527    0.07270    0.06172   -0.01428      5
   0.00708    0.07259    0.07702   -0.01562     18
   0.01183    0.07139    0.07605    0.00085      9
   0.01570    0.07027    0.07710    0.01529      4
  -0.20737    0.07580   -0.20584    0.07901      1
  -0.00663    0.07550   -0.01030    0.06484      2
  -0.00467    0.07645   -0.00894    0.07497      2
   0.00178    0.07762    0.02157    0.06300      1
   0.00230    0.07762    0.01871    0.06020      6
   0.00607    0.07748    0.01943    0.06276      1
   0.01345    0.07720    0.02285    0.06637      1
   0.01796    0.07653    0.03148    0.05970      1
   0.09664    0.07695    0.10202    0.06909      6
   0.09305    0.08123    0.10193    0.07405      1
   0.09557    0.07827    0.10113    0.06875      4
   0.05737    0.08566    0.07128   -0.08586      1
   0.05623    0.08729    0.08889   -0.05973      1
  -0.07956    0.09339   -0.06778    0.08865      1
  -0.07838    0.09438   -0.07409    0.08584      1
   0.07835    0.09559    0.10161    0.06983      1
   0.19930    0.09609    0.20581    0.08864      3
   0.07190    0.10052    0.08806    0.08571      2
   0.07471    0.09846    0.09416    0.06791      1
   0.19705    0.10058    0.20913    0.08751      4
   0.03122    0.10547    0.03880   -0.09009      1
   0.19529    0.10388    0.21285    0.09035      7
  -0.19454    0.10686   -0.22469    0.16687      1
   0.19356    0.10712    0.20340    0.08508      1
  -0.04091    0.11649   -0.02786    0.10620      1
   0.18900    0.11553    0.20526    0.10955      6
   0.18660    0.11929    0.15238    0.10239      1
  -0.18272    0.12601   -0.20760    0.16691      1
   0.17383    0.13733    0.20137    0.12437      1
   0.17505    0.13579    0.22562    0.14990      1
   0.17207    0.13949    0.14401    0.13361      3
   0.16690    0.14570    0.17563    0.13477      1
   0.12896    0.18033    0.11239    0.14969      1
  -0.07336    0.20889    0.07510    0.22445      1
