   0.01384   -0.22125    0.00863   -0.03029      1
   0.08540   -0.20485    0.02639   -0.03755      1
  -0.01026   -0.12322   -0.16874   -0.02763      1
   0.00448   -0.12347    0.01827   -0.10917      3
   0.00843   -0.12329    0.00913   -0.02560     10
   0.01191   -0.12301   -0.00731   -0.02471     15
   0.01607   -0.12253   -0.02500   -0.04512      9
   0.01852   -0.12229   -0.17078    0.00835      1
   0.02116   -0.12176   -0.13849    0.03223      1
   0.03370   -0.11887   -0.05439   -0.17251      1
  -0.04700   -0.11431   -0.16304   -0.02320      1
   0.04759   -0.11415    0.00302    0.00751      1
  -0.05305   -0.11163   -0.01798   -0.02695      1
   0.06118   -0.10731    0.19131    0.04734      1
   0.19258   -0.10957   -0.05020   -0.03632      3
   0.06344   -0.10599   -0.00489   -0.02746      1
   0.05864   -0.09544   -0.02223    0.01367      1
   0.19809   -0.09529   -0.06190   -0.09177      1
  -0.08106   -0.09289    0.00978   -0.00931      1
   0.06098   -0.09351   -0.18179    0.00000      1
   0.19923   -0.09286    0.08168   -0.12723      1
   0.20307   -0.08645   -0.12129   -0.13661      1
   0.05322   -0.08302    0.00919   -0.10941      1
   0.11847   -0.08203   -0.05941   -0.12021      1
   0.20414   -0.08381   -0.09422   -0.10115      4
  -0.01123   -0.08102   -0.00116    0.00850      2
   0.05603   -0.08161    0.00914   -0.03667      1
   0.08065   -0.07939    0.18179    0.00000      1
   0.20517   -0.08160    0.07284   -0.00859      3
   0.20633   -0.08149    0.19673    0.05828      1
  -0.09878   -0.07406   -0.01874   -0.03792      1
   0.01677   -0.07738    0.03637   -0.17259      1
   0.02007   -0.07665    0.00191   -0.03775      1
   0.08013   -0.07722   -0.05560    0.00467      1
   0.03447   -0.07128   -0.19606   -0.02755      1
   0.06647   -0.07219    0.16799    0.00998      1
  -0.10334   -0.06606   -0.18844    0.02985      1
   0.03341   -0.06871   -0.11925   -0.09726      1
   0.03420   -0.06690    0.15421    0.02719      1
  -0.10411   -0.06520   -0.09087    0.00204      4
   0.10695   -0.06067    0.17420   -0.02179      2
  -0.11028   -0.05445   -0.00778   -0.01103      1
  -0.10283   -0.05625   -0.18985   -0.04945      1
   0.05840   -0.05737   -0.19063   -0.02004      1
  -0.11064   -0.05295   -0.03457   -0.08111      2
  -0.10159   -0.05209   -0.05371   -0.07918      2
   0.02507   -0.05138   -0.21089   -0.01586      1
   0.11103   -0.05258    0.13900   -0.00830      2
  -0.11326   -0.04687   -0.19865   -0.02123      1
  -0.10746   -0.04608    0.01430    0.00168      1
  -0.00320   -0.04614   -0.18179    0.00000      1
   0.01194   -0.04826   -0.03045   -0.02937      2
   0.01402   -0.04675    0.05443    0.08161      1
   0.06730   -0.04660    0.18179    0.00000      3
   0.11349   -0.04792    0.10565   -0.01749      3
   0.11416   -0.04631   -0.00037    0.00508      3
  -0.00326   -0.04591   -0.00195    0.04690      2
   0.06805   -0.04560   -0.00819   -0.01269      2
   0.11465   -0.04547    0.07266    0.00444      4
   0.00804   -0.03916   -0.00756    0.04161      1
  -0.01923   -0.03505   -0.03089    0.00784      2
  -0.01591   -0.03666    0.01844   -0.01079      2
   0.01321   -0.03774    0.05015    0.02740      2
   0.03386   -0.03757    0.20129    0.01090      1
   0.03473   -0.03681   -0.04552    0.08178      1
  -0.02527   -0.03098   -0.20897   -0.02603      1
   0.05325   -0.03030    0.00247    0.00997      2
   0.05410   -0.03159   -0.01698   -0.00199      1
  -0.11968   -0.02776   -0.17273   -0.01816      1
  -0.11015   -0.02641    0.00629   -0.00031      1
   0.04587   -0.02888    0.14120   -0.02821      1
   0.05324   -0.02989   -0.02647    0.00529      1
   0.05416   -0.02911    0.05298   -0.02448      3
   0.17495   -0.02674    0.04719   -0.11485      2
  -0.10833   -0.02297   -0.16635    0.03083      1
   0.05115   -0.02328    0.08710    0.03253      2
   0.05616   -0.02533   -0.16972   -0.05124      1
   0.06019   -0.02393    0.02368   -0.07745      1
   0.14490   -0.02355   -0.00415   -0.10791      1
   0.17473   -0.02437    0.05439    0.17251      1
   0.03341   -0.02196   -0.20689    0.00614      1
   0.04655   -0.02021    0.10002   -0.01226      2
   0.06159   -0.02101    0.10609   -0.06723      2
   0.09445   -0.02099    0.11843   -0.13672      1
   0.17626   -0.02164    0.03609   -0.04137      1
  -0.09496   -0.01652    0.10915    0.14537      1
  -0.03680   -0.01563    0.02741    0.09137      1
   0.04483   -0.01686    0.11605    0.00981      2
   0.05199   -0.01562    0.19708    0.00172      1
   0.07473   -0.01435    0.08635    0.04115      2
   0.09378   -0.01524    0.07284    0.05439      3
   0.09484   -0.01547    0.11833   -0.03416      8
   0.00942   -0.01045   -0.01603   -0.04683      1
   0.03861   -0.01082   -0.01715   -0.07250      3
   0.06843   -0.01341   -0.04054    0.02513      1
   0.07456   -0.01330    0.12480   -0.04483      5
   0.09338   -0.01357    0.02991   -0.04056      1
   0.09604   -0.01259    0.11876   -0.06196      2
  -0.03935   -0.00709   -0.18179    0.01050      3
   0.06622   -0.00779    0.04437    0.01172      1
   0.07865   -0.00769    0.09554    0.08176      2
   0.09635   -0.00862    0.09100   -0.09100      3
   0.14605   -0.00645   -0.09759   -0.10465      1
  -0.09749   -0.00317   -0.19040   -0.00871      2
   0.03988   -0.00319    0.18179    0.00000      5
   0.04760   -0.00398    0.16829    0.00000      1
   0.05591   -0.00384    0.03984    0.01906      2
   0.07708   -0.00277    0.05472    0.02740      1
   0.09444   -0.00413   -0.06928    0.00288      6
   0.10918   -0.00284    0.00000   -0.18179      1
   0.11005   -0.00594    0.08168    0.12723      1
   0.13779   -0.00496    0.09755   -0.10834      1
  -0.03998   -0.00061   -0.00716    0.00078      3
   0.01393    0.00039   -0.01151    0.09651      1
   0.01495   -0.00052   -0.02282   -0.10811      3
   0.04164    0.00167   -0.07247   -0.01807      1
   0.04568    0.00024   -0.01526   -0.01731      6
   0.05126    0.00140    0.05212   -0.01062      2
   0.06865   -0.00186    0.18179    0.00000      1
   0.08157   -0.00199   -0.01399   -0.00817      1
   0.08217   -0.00079    0.11135    0.05516      2
   0.14497   -0.00061    0.16843   -0.02367      1
   0.01285    0.00553    0.04944    0.00979      1
   0.01434    0.00305   -0.00927   -0.01851      1
   0.03964    0.00522    0.03787    0.00606      5
   0.04928    0.00523   -0.00918   -0.00189      6
   0.05374    0.00348    0.01437   -0.01532     11
   0.05408    0.00571   -0.01846    0.02746      6
   0.09610    0.00333    0.20592    0.01515      2
   0.03925    0.00763    0.01722    0.00310     19
   0.04632    0.00985   -0.21002   -0.01542      1
   0.05369    0.00784   -0.00774    0.01778     19
   0.05432    0.00768    0.00184   -0.00302     20
   0.09409    0.00949   -0.15432   -0.06935      1
   0.10313    0.00743   -0.16332    0.02733      1
  -0.12285    0.01304   -0.20141   -0.03915      1
  -0.03809    0.01214    0.05472    0.02740      1
   0.03855    0.01061   -0.04022   -0.04219      6
   0.05389    0.01075   -0.03823    0.18140      1
   0.05636    0.01121    0.07254    0.05187      5
   0.04727    0.01471   -0.01845    0.00131      9
   0.10339    0.01750    0.05035    0.12525      1
   0.03469    0.01988    0.11083    0.00285      2
   0.04671    0.02003   -0.10894    0.03145      1
   0.05309    0.01977    0.20320   -0.03437      1
   0.10868    0.02118   -0.14556    0.01813      1
   0.17783    0.01800   -0.02741   -0.09137      1
  -0.22035    0.02339   -0.14448    0.01086      1
  -0.03130    0.02488    0.03645    0.05466      1
   0.04729    0.02450   -0.20155    0.00387      1
   0.05136    0.02534    0.15937   -0.04571      3
   0.04532    0.02935    0.01484    0.02409     12
   0.04655    0.02803   -0.00847    0.00000     11
  -0.11925    0.03022   -0.16935   -0.04601      1
  -0.02578    0.03055   -0.01851   -0.00927      1
   0.04530    0.03071    0.00280    0.00173     23
   0.04712    0.03034   -0.08460    0.06257      2
  -0.11840    0.03559   -0.18179    0.00000      1
   0.04151    0.03644   -0.16546   -0.02532      1
   0.04396    0.03591   -0.00905    0.00283      2
   0.04987    0.03565    0.02731    0.00254      3
  -0.00275    0.04583   -0.18179    0.00000      1
   0.02184    0.04462    0.04518    0.04518      1
   0.03108    0.04373    0.18626   -0.00293      1
  -0.02737    0.04800   -0.20689   -0.00614      1
  -0.00233    0.04600    0.16808    0.05043      1
   0.02897    0.04723    0.16360    0.07284      1
   0.03015    0.04696   -0.00517    0.00360      1
   0.02391    0.05395    0.03660   -0.08221      1
   0.03238    0.05723   -0.02727    0.08198      1
   0.01589    0.06058    0.03596    0.00170      1
   0.01873    0.05817    0.01775   -0.00573      2
  -0.21247    0.06386   -0.16360   -0.07284      1
   0.08612    0.06587    0.15004   -0.13462      1
   0.01622    0.06933   -0.03204    0.01640      1
   0.00660    0.07242    0.00886    0.07779      1
   0.07767    0.07218    0.00212    0.13497      1
   0.07799    0.09495    0.00900    0.00000      1
