  -0.02003   -0.22051    0.08165   -0.22311      1
  -0.02478   -0.13678    0.23119    0.10683      1
  -0.02043   -0.13617   -0.02233   -0.19739      2
  -0.01191   -0.13595   -0.11404   -0.10565      2
  -0.05750   -0.13114   -0.13223   -0.05210      3
  -0.04255   -0.13087    0.10916    0.05731      1
   0.05674   -0.12864   -0.09328   -0.36070      1
   0.01588   -0.12240    0.01865   -0.15638      1
  -0.02753   -0.12041   -0.03766   -0.11456      1
   0.02287   -0.12126    0.04018   -0.12981      1
   0.03287   -0.11902    0.01417   -0.10343      1
   0.03456   -0.11871    0.03051   -0.10640      1
  -0.03181   -0.11401   -0.02455   -0.17921      1
   0.12829   -0.11666    0.20126   -0.17995      1
   0.07578   -0.11256    0.07924   -0.12982      1
   0.07820   -0.11114    0.06602   -0.07255      1
   0.08897   -0.11044    0.07074   -0.13435      2
   0.08539   -0.10805    0.14393   -0.09063      1
   0.08685   -0.10608   -0.26558   -0.09283      2
  -0.06739   -0.10236    0.00204   -0.13104      2
   0.08893   -0.10273   -0.02538   -0.06157      1
   0.09238   -0.10305    0.12919    0.05517      2
   0.10230   -0.10403   -0.04794   -0.10375      1
   0.14717   -0.10358    0.01588    0.06142      2
  -0.07226   -0.09917   -0.02935   -0.11499     10
   0.09587   -0.10078   -0.04781   -0.11657      1
   0.10547   -0.10185    0.10753   -0.10240      1
  -0.07586   -0.09678   -0.05064   -0.11645      5
  -0.07009   -0.09441   -0.07556   -0.05212      1
  -0.06759   -0.09677   -0.06348   -0.08959      3
  -0.06326   -0.09641   -0.03758   -0.12229      4
  -0.05713   -0.09671   -0.36014    0.06675      1
  -0.03781   -0.09012   -0.03331   -0.08457      1
  -0.03297   -0.09083   -0.05631   -0.10356      2
  -0.08393   -0.08937   -0.01162   -0.11641      1
  -0.04429   -0.08722   -0.02143   -0.07624      1
  -0.04785   -0.08505   -0.07136   -0.10383      1
   0.16227   -0.07823    0.10809    0.22662      1
  -0.06223   -0.07493   -0.03881   -0.06696      1
  -0.03485   -0.07437   -0.04447   -0.09589      2
  -0.03291   -0.07475   -0.02199   -0.10374      7
  -0.02850   -0.07507   -0.02083   -0.10010     25
  -0.02321   -0.07557   -0.01166   -0.07678     11
  -0.01972   -0.07585   -0.01172   -0.10342     17
  -0.01599   -0.07571   -0.01184   -0.08832     16
  -0.01152   -0.07570   -0.00656   -0.09105     47
  -0.00704   -0.07558   -0.01048   -0.09081     11
  -0.00352   -0.07445   -0.01159   -0.10252     19
  -0.00152   -0.07435   -0.00984   -0.10129      8
  -0.03603   -0.07314   -0.03758   -0.10382      4
  -0.03234   -0.07260   -0.02462   -0.07622      1
  -0.02705   -0.07396   -0.03049   -0.07114      1
  -0.02448   -0.07337   -0.01815   -0.13309      2
  -0.02061   -0.07090   -0.01196   -0.07464      1
  -0.00371   -0.07363   -0.03117   -0.06159      2
   0.00111   -0.07371    0.02718   -0.10359      3
   0.00405   -0.07266   -0.01162   -0.14261     11
   0.00754   -0.07199   -0.00388   -0.08930     10
   0.01242   -0.07068    0.00000   -0.09119      9
   0.01652   -0.07089    0.01450   -0.12467      8
   0.01875   -0.07036   -0.01056   -0.19500      1
   0.02269   -0.07093    0.03345   -0.06679      1
   0.03197   -0.07248    0.00135   -0.12868      1
  -0.08738   -0.06951   -0.07618   -0.06461      1
  -0.03904   -0.06849   -0.00125   -0.14308      1
  -0.03100   -0.06758    0.03060   -0.15918      2
  -0.02912   -0.06921   -0.12853   -0.09101      1
   0.01243   -0.06900    0.02771   -0.09689      2
   0.01545   -0.06914    0.01438   -0.12945     13
   0.02045   -0.06794    0.01738   -0.05535      8
   0.02323   -0.06768    0.03087   -0.13483      8
   0.02780   -0.06719    0.02960   -0.11150      2
   0.03306   -0.06697    0.04403   -0.09067      3
   0.03590   -0.06723    0.01430   -0.07812      3
   0.04160   -0.06646    0.05465   -0.14386      1
   0.06698   -0.06694    0.05324   -0.11043      4
   0.02495   -0.06529    0.01434   -0.13558      4
   0.02811   -0.06499    0.01466   -0.07966     11
   0.03138   -0.06238    0.00715   -0.05862      2
   0.03714   -0.06497    0.02736   -0.07814      7
   0.03990   -0.06299    0.04345   -0.07357     10
   0.04338   -0.06263    0.04018   -0.14295      3
   0.04832   -0.06399    0.06101   -0.08367      6
   0.05088   -0.06299    0.05345   -0.09081     17
   0.06961   -0.06503    0.06617   -0.06951      8
   0.07107   -0.06410    0.07684   -0.09735     12
   0.07569   -0.06228    0.06701   -0.07615      6
   0.16645   -0.06449   -0.00773    0.07882      1
   0.03116   -0.06150    0.03921   -0.09665     12
   0.03598   -0.05926    0.01465   -0.07997     27
   0.04106   -0.05994    0.03387   -0.07912     10
   0.04492   -0.05965    0.03732   -0.07553     24
   0.04766   -0.05892    0.04617   -0.07789     51
   0.05232   -0.05832    0.05461   -0.07385     12
   0.05587   -0.05941    0.05332   -0.08767     14
   0.07632   -0.05939    0.08136   -0.09059     14
   0.07809   -0.05846    0.05124   -0.09619      2
   0.03779   -0.05762    0.02724   -0.07806     11
   0.04017   -0.05610    0.03203   -0.09440     81
   0.04414   -0.05491    0.04031   -0.07244      9
   0.04832   -0.05698    0.04420   -0.10348     43
   0.05331   -0.05672    0.05465   -0.08867    102
   0.05504   -0.05608    0.05312   -0.08028     30
   0.05999   -0.05577    0.06815   -0.11664     10
   0.08015   -0.05654    0.07941   -0.07758     13
  -0.10513   -0.05249   -0.06381   -0.07686      1
   0.01222   -0.05339    0.06802   -0.18689      1
   0.04548   -0.05148    0.04260   -0.07241      7
   0.04620   -0.05125    0.05469   -0.09102      3
   0.05855   -0.05399    0.06764   -0.10415      1
   0.08377   -0.05066    0.07895   -0.05139     18
  -0.21171   -0.04744   -0.18885   -0.04604      1
  -0.10810   -0.04766   -0.06552   -0.10444      1
  -0.10313   -0.04626   -0.10268   -0.01297      1
  -0.03169   -0.04713   -0.12669   -0.04661      1
  -0.02921   -0.04766   -0.01170   -0.08651      3
  -0.01879   -0.04873   -0.05208   -0.06666      3
  -0.01713   -0.04674    0.02269   -0.07758      2
  -0.01251   -0.04694   -0.01163   -0.06100      1
  -0.00464   -0.04713   -0.02472   -0.10142      1
   0.01468   -0.04670    0.01430   -0.06504      1
   0.04938   -0.04781    0.02718   -0.10359      1
   0.05168   -0.04794    0.06624   -0.10398      1
   0.08510   -0.04851    0.07604   -0.07765     16
   0.08650   -0.04675    0.09971   -0.13572      2
  -0.11447   -0.04497   -0.10891   -0.06220      2
  -0.10735   -0.04436   -0.05132   -0.05328      2
  -0.10496   -0.04542   -0.07623   -0.04782      1
  -0.05191   -0.04412   -0.15775   -0.12257      2
  -0.04669   -0.04579   -0.04576   -0.04063      3
  -0.04266   -0.04501   -0.03613   -0.05217      3
  -0.03856   -0.04409    0.04038   -0.04952      1
  -0.03617   -0.04505    0.00259   -0.02597      1
   0.00553   -0.04403   -0.01200   -0.13264      2
   0.04928   -0.04511    0.05464   -0.06687      5
   0.05093   -0.04407    0.04380   -0.06079     17
   0.08521   -0.04200    0.05329   -0.10415      1
   0.08658   -0.04247    0.07615   -0.05008     10
  -0.17561   -0.03916   -0.19277   -0.11044      2
  -0.03070   -0.03948   -0.01838   -0.12088      4
  -0.02663   -0.03965   -0.01013    0.01271      5
  -0.02388   -0.03950    0.02971    0.01292      1
   0.01514   -0.03853    0.05138   -0.13332      2
   0.04930   -0.03878    0.05727   -0.07161      4
   0.05094   -0.03865    0.06022   -0.06215     24
   0.06356   -0.03808    0.02723   -0.07519      2
   0.08751   -0.03978    0.06770   -0.03822      6
  -0.11872   -0.03435   -0.11111   -0.06493      1
  -0.05983   -0.03404   -0.03094   -0.08738      1
  -0.03510   -0.03721   -0.01159    0.01929      1
  -0.02890   -0.03728   -0.01134   -0.05922      4
  -0.02445   -0.03516    0.01398    0.01272      1
  -0.01523   -0.03697    0.13761   -0.06664      3
  -0.00273   -0.03520   -0.16647    0.00262      1
   0.00317   -0.03604   -0.12219   -0.02220      1
   0.00818   -0.03522    0.05464    0.08326      2
   0.01170   -0.03491   -0.07558   -0.06253      3
   0.04794   -0.03684    0.07262   -0.07758      4
   0.05105   -0.03691    0.05484   -0.06501     39
   0.05471   -0.03646    0.05400   -0.03888      2
   0.06511   -0.03630    0.10839   -0.12038      1
   0.08837   -0.03622    0.06586   -0.05164      9
   0.09061   -0.03530    0.10356   -0.11355      2
  -0.06160   -0.03068   -0.07632   -0.07767      1
  -0.04458   -0.03060   -0.01145    0.06866      3
  -0.02622   -0.03018    0.01678   -0.02450      1
  -0.02419   -0.03183   -0.00520   -0.04919      6
   0.01936   -0.03269    0.05312   -0.06474      5
   0.02254   -0.03084    0.04433   -0.18186      5
   0.04915   -0.03262    0.08126   -0.10666      1
   0.05234   -0.03122    0.05655   -0.05211     59
   0.05491   -0.03019    0.02736   -0.03907      1
   0.06669   -0.03052    0.06586   -0.03986      3
   0.08890   -0.03341    0.08129   -0.03318      3
   0.09155   -0.03134    0.06809   -0.04027     35
  -0.09380   -0.02697   -0.03852   -0.02657      1
  -0.06208   -0.02954   -0.03472   -0.02569      1
  -0.04517   -0.02998    0.01447    0.01839      1
  -0.02739   -0.02913    0.01427   -0.02127      3
   0.02133   -0.02760    0.00825   -0.05809      2
   0.02878   -0.02775    0.00512   -0.02627      5
   0.04908   -0.02712    0.05120   -0.05185     14
   0.05139   -0.02968    0.05682   -0.05150     34
   0.06343   -0.02763    0.10826   -0.11349      2
   0.06725   -0.02817    0.06825   -0.07098     20
   0.07729   -0.02822    0.06619   -0.04811      3
   0.08990   -0.02892    0.08118   -0.09063     22
   0.09114   -0.02872    0.07933   -0.07777     23
  -0.09507   -0.02551   -0.06532   -0.10136      1
  -0.06452   -0.02410   -0.03754   -0.03754      3
  -0.05033   -0.02327   -0.00910   -0.00390      3
   0.02888   -0.02562   -0.04948    0.00130      1
   0.03164   -0.02398    0.05484   -0.02347      5
   0.03782   -0.02306    0.05853   -0.06005     25
   0.03988   -0.02322    0.05475   -0.06522     22
   0.04470   -0.02271    0.04158   -0.05430     33
   0.04666   -0.02253    0.06061   -0.06301     30
   0.06847   -0.02424    0.08148   -0.06358     15
   0.07020   -0.02206    0.05394   -0.05724      2
   0.07844   -0.02403    0.06239   -0.09137      4
   0.09182   -0.02210    0.06811   -0.06419      1
  -0.12142   -0.01962   -0.12711   -0.07140      2
  -0.09576   -0.02112   -0.07950   -0.03885     16
  -0.06676   -0.02072   -0.05732   -0.04654      2
   0.03372   -0.02158   -0.00809   -0.03255      2
   0.03638   -0.01984    0.04030   -0.01343     17
   0.04008   -0.01991    0.07431   -0.07925      2
   0.04405   -0.01954    0.06818   -0.03110      4
   0.04668   -0.02199    0.07951   -0.02670      3
   0.05174   -0.02190    0.02720    0.06471      1
   0.06925   -0.02064    0.05575   -0.06559     11
   0.07106   -0.01914    0.05980   -0.05816     20
   0.07946   -0.02131    0.08550   -0.12030      1
   0.09385   -0.02008    0.06787   -0.06103      5
   0.09409   -0.01998    0.08443   -0.02549      1
   0.13625   -0.02138    0.36070   -0.09328      1
  -0.09600   -0.01710   -0.07618   -0.02602      3
  -0.07120   -0.01671   -0.01072   -0.12011      1
  -0.06794   -0.01700   -0.03863   -0.06684      5
  -0.05617   -0.01570   -0.00806    0.05885      3
  -0.04892   -0.01469   -0.09820    0.14736      2
   0.03334   -0.01410   -0.33385    0.36053      1
   0.03748   -0.01619    0.04005   -0.03963     16
   0.03883   -0.01497    0.05015   -0.01973      8
   0.05263   -0.01649    0.01438    0.04453      1
   0.07244   -0.01595    0.05598   -0.06560     74
   0.07489   -0.01534    0.05405   -0.05898     12
   0.08062   -0.01634    0.09497   -0.08720      5
   0.09335   -0.01445    0.04026   -0.03887      5
   0.09414   -0.01596    0.07474   -0.02593     12
  -0.09601   -0.01111   -0.10239   -0.00644      1
  -0.06406   -0.01139   -0.05100   -0.01405      8
  -0.04523   -0.01399   -0.02540    0.02676      3
  -0.01029   -0.01137   -0.00261   -0.01048      1
  -0.00973   -0.01212   -0.02455   -0.05638      2
   0.03941   -0.01274    0.05361   -0.02909     16
   0.04225   -0.01039    0.06803   -0.05810      2
   0.07288   -0.01323    0.03406   -0.08304      2
   0.07623   -0.01192    0.06995   -0.07806     27
   0.08134   -0.01249    0.07640   -0.02690      5
   0.09440   -0.01268    0.06812   -0.06501      7
  -0.07850   -0.00728   -0.06207   -0.03623      2
  -0.06186   -0.00828   -0.06148   -0.04529      2
   0.01395   -0.00770    0.00000   -0.17369      1
   0.01453   -0.00669   -0.05834   -0.20438      2
   0.04026   -0.00977    0.04812   -0.02391      2
   0.07769   -0.00703    0.08111   -0.04357      6
   0.07900   -0.00622    0.07365   -0.08467     14
   0.08201   -0.00655    0.06778   -0.09052      3
   0.09397   -0.00867    0.07111   -0.03877      1
   0.09509   -0.00724    0.07364   -0.03344      6
  -0.12361   -0.00405   -0.14476   -0.03690      1
  -0.09719   -0.00304   -0.05064   -0.10246      1
  -0.08048   -0.00285   -0.08988   -0.02611      1
  -0.06284   -0.00267   -0.04952   -0.01336      1
  -0.06151   -0.00280   -0.08722    0.00124      3
   0.01251   -0.00595   -0.03884   -0.09105      1
   0.01467   -0.00594    0.03349   -0.15757      1
   0.03954   -0.00593    0.05605   -0.05337      1
   0.07757   -0.00404    0.08123   -0.09210      5
   0.07924   -0.00433    0.07886   -0.03483     19
   0.08215   -0.00446    0.06840   -0.03621      9
   0.09433   -0.00421    0.08181   -0.05219      4
   0.14109   -0.00341    0.18807    0.13332      2
  -0.11114   -0.00159   -0.10156   -0.00515      1
  -0.09874    0.00198   -0.10264   -0.03899      1
  -0.09583    0.00179   -0.07728   -0.04979      8
  -0.07814   -0.00180   -0.06006   -0.00536      1
  -0.06148   -0.00198   -0.07242   -0.07766      1
  -0.00248    0.00076    0.03060   -0.05195      3
  -0.00134    0.00104    0.01260    0.00000      3
   0.00886   -0.00123    0.02877    0.00131      1
   0.04085    0.00173    0.04164   -0.03642      7
   0.07935   -0.00083    0.08048   -0.05164     72
   0.08226   -0.00162    0.08909    0.00000      3
   0.12280    0.00052    0.12958   -0.00136      1
  -0.17453    0.00317    0.18940   -0.21333      1
  -0.11112    0.00456   -0.11573   -0.00662      3
  -0.09495    0.00262   -0.09560   -0.03229      4
  -0.08007    0.00588   -0.02525    0.01729      1
  -0.07413    0.00315   -0.02531   -0.06646      7
  -0.07294    0.00375   -0.06557    0.00000     15
  -0.06264    0.00386   -0.05062   -0.03898      1
  -0.00605    0.00435    0.04200    0.06332      2
  -0.00434    0.00420   -0.00756   -0.00634     13
   0.01476    0.00511    0.20544    0.26774      1
   0.04068    0.00383    0.04148   -0.05142     26
   0.05798    0.00210    0.02802   -0.02669      1
   0.07905    0.00315    0.07904   -0.04811     33
   0.08215    0.00347    0.08806   -0.01486      2
   0.09453    0.00407    0.08091   -0.04462      4
  -0.11684    0.00829   -0.07849    0.01597      1
  -0.09581    0.00831   -0.10508    0.01533      1
  -0.08120    0.00974   -0.06382   -0.03523      1
  -0.07624    0.00950   -0.02475   -0.08418      2
  -0.07206    0.00912   -0.03876   -0.04014      1
  -0.00350    0.00773   -0.01178    0.02583     13
  -0.00122    0.00952    0.02720    0.06471      1
   0.04054    0.00693    0.05857   -0.03986     11
   0.05734    0.00754    0.01400    0.01400      3
   0.07877    0.00785    0.06789   -0.01344     56
  -0.09640    0.01285   -0.07503    0.00735      2
  -0.09373    0.01227   -0.07642   -0.02076      1
  -0.08030    0.01186   -0.11458    0.00341      2
  -0.07071    0.01235   -0.06344    0.02837      2
  -0.06956    0.01012   -0.09698   -0.00644      1
  -0.00188    0.01006   -0.01140    0.01393      1
   0.00877    0.01121    0.13425    0.13144      2
   0.03974    0.01213    0.04843   -0.03883     29
   0.05678    0.01230    0.02737    0.02607      3
   0.07846    0.01352    0.08037   -0.01298     20
  -0.09562    0.01556   -0.09227   -0.05072      1
  -0.07971    0.01553   -0.07538   -0.00557     41
  -0.07690    0.01420   -0.05207   -0.01756     12
  -0.06911    0.01607   -0.03407   -0.05202      3
  -0.03639    0.01650    0.05287    0.00524      2
   0.03910    0.01467    0.08212   -0.07276      4
   0.05617    0.01697   -0.01142    0.00253      3
   0.07781    0.01690    0.06642   -0.03789     10
   0.07916    0.01762    0.08037   -0.03891     28
   0.09327    0.01623    0.09456   -0.06259      1
  -0.09517    0.02073   -0.08154    0.00763      2
  -0.09263    0.01988   -0.06949   -0.00649      4
  -0.07952    0.02007   -0.06504    0.00705     22
  -0.07594    0.02043   -0.06065    0.02046      3
  -0.06776    0.01901   -0.07687    0.03075      1
   0.03856    0.01955    0.10796   -0.06668      1
   0.05441    0.01915    0.00221    0.02663      2
   0.07683    0.02046    0.07060   -0.00932     30
   0.07875    0.01896    0.08177   -0.04012     75
  -0.13691    0.02520    0.31384    0.02539      2
  -0.09245    0.02355   -0.15162    0.02594      2
  -0.07839    0.02290   -0.08840    0.00200      8
  -0.07787    0.02433   -0.07687    0.03075      1
  -0.06724    0.02530   -0.05754   -0.02394      2
  -0.06532    0.02470   -0.11548   -0.04807      1
  -0.06115    0.02546   -0.05025   -0.01170     13
  -0.05562    0.02593   -0.03609    0.03174      3
  -0.04583    0.02469   -0.05799    0.01286      1
  -0.03968    0.02462   -0.00796   -0.07970      1
  -0.03463    0.02574   -0.03578    0.00395      1
   0.03608    0.02437    0.04004   -0.00901      3
   0.07610    0.02304    0.07143   -0.00922     24
   0.12117    0.02215    0.11720   -0.01273      1
  -0.11967    0.02966   -0.11504    0.01555      1
  -0.09255    0.02919   -0.14142    0.03895      3
  -0.08969    0.02989   -0.07288   -0.00127      1
  -0.07076    0.02702   -0.01064   -0.04000      1
  -0.06751    0.02826   -0.01866   -0.02397      4
  -0.06266    0.02747   -0.06349    0.00000      9
  -0.06118    0.02720   -0.05059   -0.01295    108
  -0.05507    0.02666   -0.05258    0.00794     10
  -0.05332    0.02685   -0.07649    0.01420      6
  -0.04785    0.02756   -0.03724    0.02036      4
  -0.04008    0.02836   -0.04079    0.02804      1
  -0.02937    0.02947    0.01457   -0.11699      1
  -0.00215    0.02630    0.01440   -0.01334      3
   0.03386    0.02869   -0.05252   -0.01247      2
   0.03415    0.02802    0.04120   -0.03882     21
   0.05141    0.02769    0.03601   -0.06465      2
   0.07373    0.02938    0.07685    0.00384      7
   0.07466    0.02704    0.06815   -0.03868     11
  -0.11942    0.03062   -0.11206    0.01735      1
  -0.09116    0.03283   -0.05195    0.00124      5
  -0.07542    0.03206   -0.08778   -0.04550      2
  -0.06669    0.03067   -0.02526   -0.01076      2
  -0.06467    0.03046   -0.06923    0.03280      2
  -0.05709    0.03169   -0.06343    0.02007      2
  -0.05177    0.03037   -0.09187   -0.05326      3
  -0.04653    0.03304   -0.03493    0.01299      3
  -0.01047    0.03108    0.00836   -0.01220      2
   0.00886    0.03331    0.00300    0.00198      4
   0.02412    0.03396    0.02740    0.05472      1
   0.03327    0.03161    0.06806   -0.06979      8
   0.03482    0.03178    0.01798   -0.01026      1
   0.04863    0.03304    0.04108    0.04375      7
   0.07227    0.03259    0.07640    0.01309     22
   0.07563    0.03176    0.09832    0.01300      2
  -0.14052    0.03576    0.23359    0.01347      1
  -0.11823    0.03463    0.02027   -0.03485      2
  -0.09033    0.03755   -0.07672    0.00000     89
  -0.08787    0.03763   -0.09978    0.03890      1
  -0.05602    0.03560   -0.06332    0.02584      1
  -0.05127    0.03766   -0.11626    0.01304      1
  -0.04961    0.03742   -0.02119   -0.02606      5
  -0.04599    0.03469   -0.10394    0.01683      1
  -0.02286    0.03613   -0.03545    0.01311      1
  -0.01265    0.03793   -0.00778    0.07791      1
   0.01275    0.03789    0.00966   -0.00033      4
   0.01481    0.03729    0.01419   -0.03952      8
   0.01859    0.03540    0.07913   -0.03894      1
   0.03179    0.03631    0.05712   -0.01725      6
   0.04757    0.03482    0.00674    0.03325      2
   0.06827    0.03656    0.05480    0.01709     46
   0.07046    0.03521    0.08073    0.01668      9
   0.08920    0.03783    0.05333    0.01300      1
   0.13728    0.03538    0.24259    0.05735      1
  -0.10567    0.03842   -0.11298    0.01729      1
  -0.09009    0.03827   -0.06556   -0.00859     20
  -0.08991    0.03870   -0.02549   -0.04032      1
  -0.05155    0.03871   -0.01658    0.05459      2
  -0.04631    0.04188   -0.02478    0.02611      1
  -0.04547    0.03856   -0.03728   -0.01335      1
  -0.03474    0.04006   -0.01201   -0.09373      1
  -0.02021    0.04178   -0.04025   -0.02655      2
  -0.01169    0.03823    0.01112    0.02244      4
  -0.00750    0.03927   -0.00651    0.02123      6
  -0.00268    0.03989   -0.00127    0.01369      8
   0.00082    0.03996    0.01442    0.00092     16
   0.00460    0.03972    0.00763    0.01676     14
   0.00670    0.03942    0.02802    0.02611      7
   0.01182    0.03819    0.04127   -0.01198      5
   0.01689    0.03807    0.00000   -0.03960      1
   0.02500    0.03938    0.04175   -0.00676      1
   0.02973    0.04080    0.02764   -0.06939      4
   0.03079    0.03861    0.05618   -0.07348     14
   0.04330    0.04074    0.03443    0.03888     10
   0.06440    0.04055    0.06424    0.01298     32
   0.06754    0.03889    0.07014    0.02200     20
   0.07040    0.03912    0.04145   -0.07477      1
   0.08552    0.04190    0.03430    0.04593      2
   0.11639    0.04092   -0.14183   -0.04691      1
  -0.11450    0.04570   -0.13908    0.05200      1
  -0.04872    0.04234   -0.00398    0.05295      1
  -0.01823    0.04419   -0.05047    0.02583      1
   0.00064    0.04589    0.09486   -0.08016      1
   0.00440    0.04420   -0.00904   -0.06052      1
   0.02857    0.04285    0.05376   -0.06314      6
   0.03675    0.04472    0.02802    0.01272      3
   0.04074    0.04434    0.02769    0.02212     14
   0.04515    0.04453    0.05392   -0.03984     10
   0.04734    0.04433    0.04078    0.00257     16
   0.06029    0.04420    0.06380    0.01280     13
   0.06433    0.04336    0.05437    0.01505     14
   0.06643    0.04261    0.03453   -0.01370      2
  -0.10027    0.04926   -0.05706    0.01303      2
  -0.03614    0.04641   -0.04924    0.03321      1
  -0.02071    0.04996    0.01605   -0.08031      1
   0.02296    0.04911    0.06096   -0.05121      4
   0.03303    0.04772    0.01478   -0.03771      1
   0.03790    0.04860    0.02708    0.04250      1
   0.03957    0.04710    0.03662    0.04006      4
   0.04971    0.04943    0.05641    0.04617      1
   0.05365    0.04951    0.04152   -0.02670      5
   0.05540    0.04815    0.05314   -0.02147     21
   0.05849    0.04670    0.05396   -0.01927      8
   0.08351    0.04810    0.03104    0.06596      1
  -0.10151    0.05309   -0.07363    0.05175      1
  -0.03598    0.05314   -0.00253    0.10346      1
  -0.03187    0.05078   -0.06524   -0.00146      2
  -0.02884    0.05285   -0.01645    0.01566      2
  -0.01998    0.05289    0.04111   -0.01328      1
  -0.00916    0.05033   -0.03640   -0.06107      1
   0.02028    0.05188    0.02807   -0.07348      2
   0.02901    0.05065    0.01622   -0.02700      1
   0.03207    0.05320    0.04009    0.02584      1
   0.04917    0.05229    0.05362   -0.00264      7
   0.05072    0.05153    0.05325   -0.01030      5
   0.05697    0.05050    0.07884    0.06662      2
  -0.09517    0.05662   -0.06332    0.02584      1
  -0.03452    0.05416   -0.02478    0.02611      1
  -0.00936    0.05501   -0.02332   -0.07376      2
   0.01360    0.05718    0.08021   -0.03878      5
   0.01481    0.05645    0.04008   -0.06196      1
   0.02859    0.05536    0.02697   -0.00127      1
   0.03070    0.05757   -0.01168    0.09377      1
   0.00734    0.06159    0.06774   -0.06095      7
   0.01050    0.05957    0.05454   -0.08901      3
   0.02302    0.05843    0.03809    0.04320      1
   0.12827    0.05881    0.12014    0.04612      1
  -0.09877    0.06251   -0.05208   -0.09357      1
  -0.07490    0.06236   -0.05837   -0.00388      1
  -0.01425    0.06397   -0.05062    0.03898      1
  -0.01148    0.06253    0.22942   -0.24008      1
  -0.00865    0.06400   -0.00799    0.05613      1
   0.00536    0.06248    0.04883   -0.05342      2
   0.00641    0.06203    0.02796   -0.07984      1
   0.01460    0.06225    0.02846    0.04268      1
   0.12214    0.06530    0.07931   -0.03648      1
   0.13223    0.06466    0.06586    0.05164      1
  -0.00165    0.06855   -0.01164    0.03879      1
   0.10423    0.06607    0.08155    0.04013      1
  -0.06795    0.07123   -0.07632    0.07767      1
   0.04279    0.07011    0.11832    0.10394      1
   0.10158    0.07034    0.05346    0.05217      1
   0.00408    0.07489    0.01729   -0.02525      1
  -0.05891    0.07804   -0.06346    0.05176      1
   0.11461    0.07868    0.15730   -0.00769      1
  -0.08743    0.08746   -0.09734    0.04931      2
   0.03188    0.08963    0.06724    0.05425      1
   0.02557    0.09367    0.09446    0.01328      1
   0.02694    0.09305    0.00511    0.02559      1
   0.01298    0.09597    0.01410    0.02816      1
   0.02032    0.09526    0.07009    0.10793      1
   0.05486    0.09579   -0.20916    0.23067      1
  -0.05457    0.09865   -0.07638    0.09332      1
  -0.03581    0.10636   -0.05373   -0.00536      1
  -0.01842    0.11053   -0.00389    0.10612      1
  -0.01534    0.11639   -0.04201    0.08587      2
   0.00838    0.11591    0.04122    0.05872      2
   0.02878    0.11987   -0.02444    0.05413      1
   0.01533    0.12257   -0.00135    0.07018      1
   0.09216    0.20064    0.04138    0.27043      1
