  -0.06667   -0.28120   -0.08694   -0.21626      1
  -0.09088   -0.27436    0.02633    0.00922      1
  -0.10534   -0.26911   -0.11463   -0.17450      1
   0.13296   -0.25659    0.04486   -0.23972      1
  -0.15281   -0.24531    0.35006   -0.24059      1
  -0.16219   -0.23919    0.03403   -0.20781      1
  -0.16394   -0.23800    0.00220   -0.12597      1
  -0.03485   -0.21908    0.00222   -0.14127      1
  -0.03399   -0.21936    0.30389   -0.05413      1
  -0.02396   -0.22053   -0.06789   -0.15195      2
  -0.01459   -0.22138    0.00407   -0.12953      1
  -0.01049   -0.22165    0.01644   -0.26136      1
  -0.00735   -0.22167    0.09846   -0.27349      3
  -0.00456   -0.22157   -0.04182   -0.11537      3
   0.00039   -0.22188   -0.00650   -0.11235      3
   0.00283   -0.22185    0.09356    0.06873      1
   0.00783   -0.22162    0.01490   -0.11949      4
   0.01368   -0.22115    0.00455   -0.12411      1
   0.01738   -0.22115    0.11370    0.02905      4
   0.02042   -0.22099   -0.01522   -0.10918      5
   0.02320   -0.22036   -0.01748   -0.05867      3
   0.02728   -0.21961   -0.00446   -0.16198      2
   0.03215   -0.21889    0.06627   -0.11760      3
   0.03630   -0.21867    0.01914   -0.16672      2
   0.04006   -0.21807    0.05942   -0.17655      1
  -0.05584   -0.21480    0.01384   -0.11436      1
  -0.04770   -0.21678   -0.03125   -0.14332      1
  -0.04479   -0.21727   -0.02142   -0.11227      1
   0.03917   -0.21749    0.04964   -0.12379      2
   0.04471   -0.21630    0.03246   -0.12779      5
   0.04859   -0.21554    0.08153   -0.10881      4
   0.05107   -0.21476    0.01620   -0.13661      5
  -0.06794   -0.21128   -0.02095   -0.13247      2
   0.05379   -0.21350    0.02312   -0.24007      1
   0.05838   -0.21267    0.04494   -0.12347      3
   0.06731   -0.21092    0.01188   -0.15023      2
   0.07001   -0.21034    0.32368    0.12360      1
  -0.07711   -0.20812    0.12473   -0.12344      1
   0.06465   -0.20904    0.04475   -0.13361      6
   0.06762   -0.20811    0.00430   -0.13359      2
   0.07248   -0.20677    0.06599   -0.20775      3
   0.07545   -0.20771    0.02206   -0.13564      4
   0.07809   -0.20732    0.09987   -0.11944      1
   0.20199   -0.20670    0.05815   -0.12083      1
  -0.08664   -0.20431    0.00437    0.09259      1
  -0.08281   -0.20591    0.12998   -0.10830      1
   0.07452   -0.20598    0.07166   -0.18621      3
   0.07913   -0.20244    0.02519   -0.05379      1
   0.08401   -0.20478    0.12466   -0.24049      3
   0.08876   -0.20292    0.03426   -0.18486      2
  -0.09912   -0.19855   -0.03174   -0.13120      1
   0.08103   -0.20161    0.07267   -0.09883      2
   0.08455   -0.20110    0.09811   -0.13115      4
   0.08902   -0.20192   -0.07427   -0.07156      2
   0.09245   -0.20110    0.13525   -0.19309      2
   0.09537   -0.19927    0.08884   -0.15868      9
   0.09863   -0.19829    0.04932   -0.16652      4
  -0.21212   -0.19628   -0.13082   -0.16040      1
  -0.10261   -0.19678   -0.12364   -0.22676      1
  -0.10057   -0.19788   -0.25949   -0.22958      1
   0.09271   -0.19667   -0.03182   -0.11632      1
   0.09789   -0.19771    0.13400   -0.09418      1
   0.09970   -0.19688    0.07735   -0.10294     23
   0.10441   -0.19510    0.04885   -0.07414     14
   0.10687   -0.19419    0.07816   -0.17175      2
   0.10886   -0.19292    0.05487   -0.16922      6
   0.11104   -0.19172    0.06713   -0.06714      5
   0.11425   -0.19029    0.21551   -0.15657      1
  -0.11891   -0.18743   -0.35007    0.35499      1
  -0.11726   -0.18846   -0.08650   -0.09407      1
   0.11583   -0.18912    0.05588   -0.15779      7
   0.11909   -0.18677    0.09675   -0.11090      6
   0.12157   -0.18545    0.01666    0.02988      2
   0.12281   -0.18433    0.04745   -0.11264      4
   0.12610   -0.18212   -0.00639    0.04272      1
  -0.12996   -0.17986    0.06744    0.17943      1
   0.12895   -0.18035    0.12790   -0.09865      4
   0.13071   -0.17919    0.06348   -0.09974      6
  -0.13617   -0.17530   -0.03935   -0.11494      1
   0.13328   -0.17723    0.11225   -0.19589      5
   0.13541   -0.17564   -0.08478   -0.14423      2
   0.13795   -0.17384    0.11716   -0.16375      3
   0.13928   -0.17267    0.10429   -0.11065      4
  -0.03825   -0.16810   -0.05720   -0.15059      1
  -0.03239   -0.16933   -0.00686   -0.07257      1
   0.14269   -0.16987    0.15813    0.15105      2
  -0.05422   -0.16367   -0.00218   -0.02149      1
   0.07024   -0.16293   -0.17031    0.14701      1
   0.14855   -0.16492    0.06255   -0.06555      2
   0.15120   -0.16231   -0.00681   -0.26847      2
  -0.15281   -0.16091    0.15254   -0.20842      1
   0.07468   -0.16104    0.01192   -0.19492      1
   0.07900   -0.16012    0.04974   -0.08245      1
   0.15459   -0.15929   -0.09632   -0.05596      2
   0.24060   -0.16010    0.04504   -0.09318      1
   0.15663   -0.15701    0.11798   -0.10578      4
   0.15873   -0.15516    0.06854   -0.16394      5
   0.16040   -0.15339    0.06908   -0.16761      5
   0.16302   -0.15043    0.09192   -0.15410      2
  -0.24768   -0.14892   -0.17420   -0.08421      1
  -0.16666   -0.14657   -0.18068   -0.16488      2
  -0.09073   -0.14659   -0.06819   -0.08748      2
   0.08719   -0.14873    0.05880   -0.11951      1
   0.16581   -0.14751    0.09752   -0.13137      5
  -0.16434   -0.14522    0.05987    0.14320      2
  -0.09676   -0.14269   -0.02432   -0.07062      1
   0.16861   -0.14421    0.08695    0.04071      3
   0.17039   -0.14226    0.14213   -0.19707      1
  -0.09780   -0.14198   -0.04417   -0.05339      1
   0.03651   -0.13984    0.07421   -0.10404      1
   0.10079   -0.13987    0.05530   -0.12904      1
   0.17170   -0.14048    0.04922   -0.15200      2
   0.25299   -0.13971    0.07751   -0.12028      1
  -0.17502   -0.13513   -0.23595   -0.16263      2
  -0.17084   -0.13599   -0.07546   -0.17523      1
  -0.02193   -0.13509    0.23848   -0.21929      1
  -0.01624   -0.13522    0.03331   -0.09513      1
   0.04065   -0.13586   -0.17901   -0.08440      2
   0.17523   -0.13622    0.24377   -0.12014      2
   0.25412   -0.13763   -0.01562   -0.27944      1
  -0.17919   -0.13095   -0.25673   -0.17777      1
  -0.05219   -0.13009   -0.06505    0.06087      1
  -0.04320   -0.13202   -0.00436   -0.13132      1
  -0.04112   -0.13242    0.00427   -0.15293      1
   0.17900   -0.13118    0.12032   -0.16523      2
  -0.18089   -0.12786   -0.01707   -0.13100      2
  -0.17472   -0.12938   -0.04364   -0.06823      1
  -0.05951   -0.12862    0.05546    0.18724      1
  -0.05081   -0.12812   -0.11606   -0.06965      2
  -0.04876   -0.12922    0.01621   -0.14292      2
   0.18061   -0.12895    0.05972   -0.11359      2
   0.18230   -0.12656    0.09860   -0.04977      2
   0.25868   -0.12887   -0.02232    0.25009      1
  -0.18298   -0.12487   -0.02153    0.03745      1
  -0.06622   -0.12340   -0.03932   -0.10923      1
  -0.06486   -0.12354   -0.01788   -0.08888      6
  -0.05417   -0.12447   -0.00799   -0.03602      1
  -0.01918   -0.12216   -0.00819   -0.10406      2
  -0.01335   -0.12290   -0.01201   -0.07963      2
  -0.00813   -0.12338   -0.00600   -0.07987      1
  -0.00427   -0.12353   -0.00046   -0.09129     11
   0.00011   -0.12363    0.00340   -0.09798      8
   0.00437   -0.12352    0.01620   -0.09597      8
   0.00881   -0.12327    0.01298   -0.10265     13
   0.01180   -0.12300    0.01361   -0.09834     13
   0.01582   -0.12247    0.00965   -0.09975      9
   0.01878   -0.12206    0.01638   -0.09399      5
   0.12050   -0.12330    0.02680   -0.07738      1
   0.18431   -0.12362    0.07614   -0.10587      3
  -0.26210   -0.12177    0.16220    0.24230      1
  -0.18680   -0.11886   -0.01513   -0.05277      1
  -0.06126   -0.12160    0.01203   -0.06367      1
  -0.03111   -0.11970   -0.02174   -0.08918      1
  -0.02768   -0.12054   -0.01596   -0.08550      4
  -0.02496   -0.12108    0.00029   -0.08279      1
   0.02098   -0.12169    0.01975   -0.09328      8
   0.02380   -0.12088    0.01898   -0.09069     12
   0.02793   -0.11999    0.02336   -0.09114     18
   0.03220   -0.11913    0.03098   -0.09031     18
   0.03481   -0.11850    0.03609   -0.09098      4
   0.18538   -0.12191    0.14713   -0.12566      1
   0.18723   -0.11924    0.08852   -0.10877      5
  -0.12655   -0.11710   -0.03073   -0.02200      1
  -0.04615   -0.11474   -0.02813   -0.08359      1
  -0.04403   -0.11558   -0.02764   -0.09617      2
  -0.03861   -0.11749   -0.00752   -0.07160      1
  -0.03711   -0.11798   -0.06814   -0.04209      1
   0.03640   -0.11751    0.03425   -0.08868     13
   0.04054   -0.11571    0.02695   -0.08982     27
   0.04354   -0.11498    0.03480   -0.09428     31
   0.04702   -0.11417    0.04440   -0.09288      6
   0.18888   -0.11661    0.08496   -0.14422      5
  -0.14241   -0.11027   -0.30662    0.30555      1
  -0.13376   -0.11204   -0.03226   -0.01383      1
  -0.05564   -0.11046   -0.02031   -0.07705      2
  -0.05190   -0.11227   -0.03270   -0.06616      1
  -0.04828   -0.11385   -0.01740   -0.08186      1
   0.03371   -0.11307    0.02441   -0.05807      1
   0.03511   -0.11261    0.02186   -0.08683     23
   0.04014   -0.11103    0.02501   -0.08619      6
   0.04215   -0.11060    0.13307    0.10737      1
   0.04923   -0.11312    0.03581   -0.10269     10
   0.05307   -0.11157    0.03831   -0.09830     19
   0.05494   -0.11031    0.04116   -0.09343     74
   0.19213   -0.11115    0.13047   -0.09294      4
  -0.26777   -0.10874   -0.16472   -0.13970      1
  -0.05690   -0.10980   -0.03263   -0.08330      2
   0.03614   -0.10702    0.03016   -0.10182      1
   0.04121   -0.10934    0.02261   -0.09692      5
   0.04322   -0.10866    0.02569   -0.09777      3
   0.04861   -0.10710   -0.11506   -0.02810      2
   0.05632   -0.10953    0.03993   -0.08852    139
   0.05894   -0.10830    0.03402   -0.09632     62
   0.06270   -0.10645    0.04458   -0.08875      4
   0.19320   -0.10922    0.06211   -0.09203      2
   0.26803   -0.10806    0.12847   -0.32951      1
  -0.10282   -0.10474   -0.04203   -0.12068      1
  -0.06685   -0.10402   -0.04456   -0.08721      3
  -0.06534   -0.10502   -0.03481   -0.07013      1
   0.04260   -0.10393    0.02342   -0.08978      3
   0.04796   -0.10304   -0.23526    0.01563      1
   0.06456   -0.10542    0.03809   -0.08872     10
   0.06757   -0.10349    0.05049   -0.08807     17
  -0.27180   -0.09824   -0.10360   -0.03049      1
  -0.19715   -0.10197    0.23235   -0.08780      1
  -0.07404   -0.09858   -0.04904   -0.09923      1
  -0.07242   -0.10023   -0.01047   -0.10977      3
   0.04394   -0.10157    0.01662   -0.08063      2
   0.04681   -0.10093    0.01738   -0.09197      1
   0.05156   -0.10148    0.02752   -0.08888      2
   0.06977   -0.10194    0.04434   -0.09051      1
   0.07262   -0.10000    0.04593   -0.09205     21
   0.07432   -0.09877    0.04371   -0.08981      6
   0.19734   -0.10153    0.16085   -0.03377      2
   0.19817   -0.09993   -0.04796    0.03801      3
   0.27164   -0.09864    0.07767   -0.06564      1
  -0.27276   -0.09553    0.25941    0.01860      1
  -0.07889   -0.09462    0.06424    0.03105      2
  -0.07623   -0.09642   -0.05400   -0.06262      6
   0.05335   -0.09624    0.08547   -0.07723      1
   0.07709   -0.09656    0.04581   -0.08940      9
   0.07952   -0.09467    0.04949   -0.08767      4
   0.19984   -0.09662    0.13947   -0.03137      2
   0.27227   -0.09689   -0.20838    0.08717      1
  -0.08403   -0.09039   -0.11328   -0.05682      7
  -0.08016   -0.09326   -0.06081   -0.07663     18
   0.02567   -0.09166    0.01491   -0.08713      6
   0.02763   -0.09065    0.01366   -0.08856      7
   0.03347   -0.09108    0.01932   -0.07866      5
   0.03691   -0.09168    0.02112   -0.08670     35
   0.03901   -0.09084    0.03507   -0.08722      8
   0.05874   -0.09174    0.02840    0.02495      1
   0.08134   -0.09311    0.06618   -0.07721      1
   0.08419   -0.09052    0.05107   -0.09184      4
   0.20111   -0.09395    0.21981   -0.09925      1
   0.20222   -0.09143    0.11707    0.02489      1
  -0.14775   -0.08884   -0.05299   -0.02877      1
  -0.08674   -0.08741   -0.10916   -0.06063      8
  -0.08526   -0.08900   -0.09813   -0.07889      9
  -0.07849   -0.08726   -0.04031   -0.04604      1
  -0.07611   -0.08908    0.02318   -0.03857      1
   0.03333   -0.08955    0.02230   -0.08542      3
   0.03524   -0.08809    0.01888   -0.08246      7
   0.04066   -0.08929    0.01846   -0.08731     16
   0.04337   -0.08728    0.02355   -0.07972     10
   0.08759   -0.08718    0.05053   -0.08691     12
   0.20363   -0.08833    0.15210    0.21019      3
  -0.09114   -0.08253   -0.09508   -0.05750      7
  -0.08904   -0.08475   -0.11323   -0.06164      5
  -0.08421   -0.08204   -0.03345   -0.04689      1
  -0.07954   -0.08350   -0.05535   -0.06278      1
  -0.07731   -0.08239   -0.09126   -0.07028      1
   0.08912   -0.08567    0.06047   -0.08558      5
   0.09186   -0.08275    0.05583   -0.07612      9
   0.15126   -0.08272    0.07128   -0.06801      2
   0.20575   -0.08326    0.06702   -0.03298      1
  -0.09442   -0.07971   -0.07916   -0.05411      2
  -0.09235   -0.08096   -0.09824   -0.06243     21
  -0.08838   -0.07803   -0.05926   -0.05782      1
  -0.08509   -0.08016   -0.06838   -0.07550      3
  -0.08156   -0.07946   -0.06321   -0.05679      5
  -0.01013   -0.07927    0.00151   -0.08638      1
  -0.00686   -0.07935    0.01376   -0.10892      1
  -0.00396   -0.07991    0.00079   -0.09089      1
  -0.00035   -0.08047    0.01156   -0.07926      1
   0.00886   -0.08114    0.01116   -0.07904      3
   0.01267   -0.08112    0.00926   -0.07230      1
   0.01661   -0.08026    0.01260   -0.07872      8
   0.02016   -0.07968    0.01636   -0.07732      9
   0.02221   -0.07879    0.02799   -0.08734      3
   0.06704   -0.07919    0.01132   -0.15798      1
   0.09358   -0.08075    0.03789   -0.07798      3
   0.09494   -0.07927    0.05818   -0.07901      5
   0.20661   -0.08110   -0.03851   -0.00865      2
  -0.20881   -0.07526   -0.27290   -0.07671      1
  -0.09863   -0.07434   -0.09845   -0.06320      3
  -0.09628   -0.07608   -0.08251   -0.06079      8
  -0.08142   -0.07619   -0.06570   -0.06328      4
  -0.02623   -0.07420    0.00136   -0.08747      4
  -0.02330   -0.07417   -0.00911   -0.08241     14
  -0.02108   -0.07433   -0.00538   -0.08122      4
  -0.01607   -0.07489   -0.00657   -0.07079      1
  -0.01125   -0.07554   -0.01189   -0.07760     19
  -0.00872   -0.07532   -0.00551   -0.07486     12
  -0.00328   -0.07573   -0.00002   -0.06746      6
   0.00066   -0.07533   -0.00296   -0.07722     19
   0.00420   -0.07463    0.00761   -0.08877      3
   0.00876   -0.07436   -0.00530   -0.08512      4
   0.01037   -0.07413    0.00107   -0.06285      8
   0.01957   -0.07696    0.00655   -0.08204      2
   0.02332   -0.07765    0.02051   -0.08154     14
   0.02839   -0.07720    0.01822   -0.08599      5
   0.07363   -0.07595    0.02247   -0.03369      1
   0.07780   -0.07513    0.01235   -0.07469      3
   0.09749   -0.07611    0.06249   -0.10836      2
   0.09825   -0.07512    0.05086   -0.10336      1
   0.15431   -0.07688    0.06912   -0.04558      1
   0.20840   -0.07639    0.07228   -0.11991      6
  -0.15635   -0.07264   -0.03979   -0.02288      1
  -0.10018   -0.07219   -0.10591   -0.05946      8
  -0.09311   -0.07298   -0.07560   -0.04542      1
  -0.08841   -0.07113   -0.06246   -0.05581     10
  -0.08477   -0.07025   -0.06876   -0.05719      4
  -0.03890   -0.07119   -0.02207   -0.08231      4
  -0.03471   -0.07229   -0.02313   -0.08169     24
  -0.03320   -0.07315   -0.02696   -0.08077     57
  -0.02767   -0.07286   -0.01178   -0.08050    133
  -0.02464   -0.07299   -0.01257   -0.08211     32
  -0.01991   -0.07089   -0.00955   -0.08457      8
  -0.01548   -0.07079   -0.01385   -0.08582     50
  -0.01361   -0.07141   -0.00917   -0.08374     10
  -0.00841   -0.07303   -0.00982   -0.09036      1
   0.00882   -0.07248   -0.00098   -0.07262     33
   0.01219   -0.07248    0.00244   -0.07186     16
   0.01641   -0.07086    0.00643   -0.07356     27
   0.01880   -0.07032    0.00937   -0.07817      9
   0.07583   -0.07034   -0.00145   -0.03777      1
   0.10065   -0.07186    0.06922   -0.08162      6
   0.20970   -0.07276    0.19588   -0.00360      2
   0.21022   -0.07119    0.02113   -0.13413      2
  -0.21100   -0.06885    0.06966    0.16986      1
  -0.10345   -0.06698   -0.11024   -0.05849      5
  -0.08827   -0.06836   -0.06435   -0.05746     10
  -0.08568   -0.06904   -0.06036   -0.05265      3
  -0.07064   -0.06682   -0.11920    0.01085      1
  -0.06746   -0.06684   -0.05055   -0.05240      6
  -0.06499   -0.06945   -0.05349   -0.05962      1
  -0.04243   -0.06718   -0.02449   -0.07103      2
  -0.04171   -0.06694   -0.02367   -0.07463      1
  -0.03646   -0.06975   -0.02398   -0.08264     29
  -0.03148   -0.06844   -0.01993   -0.07967     22
  -0.02928   -0.06878   -0.01668   -0.07544     42
  -0.02302   -0.06745   -0.01303   -0.07517     20
  -0.01853   -0.06915   -0.01212   -0.07826     19
  -0.01706   -0.06952   -0.01184   -0.08460     15
   0.01680   -0.06940    0.00277   -0.07554      5
   0.02118   -0.06908    0.01589   -0.06658     19
   0.02464   -0.06810    0.01425   -0.07308     49
   0.02710   -0.06710    0.01476   -0.06672    131
   0.08182   -0.06914   -0.12326    0.06335      1
   0.10367   -0.06745    0.09889   -0.08067     12
   0.21121   -0.06827    0.08898   -0.06584      3
   0.28094   -0.06776    0.13208   -0.05017      1
  -0.15974   -0.06487   -0.05858   -0.01769      1
  -0.10640   -0.06262   -0.09093   -0.07150      4
  -0.10487   -0.06520   -0.10513   -0.06267      3
  -0.09155   -0.06535   -0.07895   -0.04128      1
  -0.08931   -0.06528   -0.07685   -0.04500      4
  -0.07517   -0.06277   -0.04763   -0.05357      4
  -0.07174   -0.06405   -0.05378   -0.05135      5
  -0.06993   -0.06599   -0.06462   -0.08765      1
  -0.05096   -0.06224   -0.03618   -0.07230      4
  -0.04671   -0.06528   -0.05445   -0.07278      1
  -0.03611   -0.06509   -0.01958   -0.07118     44
  -0.03071   -0.06234   -0.01184   -0.06800      3
  -0.02739   -0.06498   -0.01858   -0.07190     16
  -0.02411   -0.06544   -0.01594   -0.07827      4
  -0.02180   -0.06552   -0.00976   -0.07222      2
   0.01182   -0.06266    0.00495   -0.07453      1
   0.02592   -0.06421    0.01593   -0.07202      2
   0.02887   -0.06434    0.01866   -0.06729    186
   0.03038   -0.06229    0.01907   -0.07506     19
   0.10524   -0.06497    0.10386   -0.04584      9
   0.10680   -0.06238    0.06782   -0.04963      5
   0.28167   -0.06466    0.07856   -0.13337      1
  -0.16214   -0.05860   -0.02333   -0.03199      1
  -0.10771   -0.06040   -0.09689   -0.06027    106
  -0.07928   -0.05888   -0.06491   -0.05035     10
  -0.07737   -0.06041   -0.06463   -0.05138     31
  -0.07351   -0.06138   -0.08019   -0.05020     28
  -0.05510   -0.06075   -0.04450   -0.04517      2
  -0.05381   -0.06087   -0.03490   -0.05501      5
  -0.03331   -0.06043   -0.02102   -0.06524     23
  -0.02845   -0.06148   -0.00446   -0.06374      1
   0.03299   -0.05860    0.01537   -0.07428     80
   0.10780   -0.06057    0.11098   -0.02374     11
   0.21401   -0.05887   -0.07740   -0.20164      1
  -0.16271   -0.05699   -0.05817   -0.01901      1
  -0.10956   -0.05715   -0.09914   -0.05589      4
  -0.08232   -0.05448   -0.06225   -0.04821      2
  -0.08119   -0.05576   -0.03189   -0.10975      1
  -0.05780   -0.05786   -0.05544   -0.05904      1
  -0.04217   -0.05422   -0.02934   -0.06884      2
  -0.03894   -0.05457   -0.03187   -0.06606     11
  -0.03556   -0.05697   -0.02467   -0.06494     18
   0.03355   -0.05739    0.03077   -0.06520     53
   0.03660   -0.05472    0.01387   -0.07458    207
   0.10994   -0.05663    0.00938   -0.08195      2
   0.11042   -0.05571    0.12339   -0.02544      6
   0.16324   -0.05544    0.02261   -0.01112      1
   0.21452   -0.05690    0.16701    0.01386      4
   0.28359   -0.05565   -0.35995    0.19139      1
  -0.28438   -0.05152   -0.33544   -0.29992      1
  -0.04306   -0.05107   -0.03812   -0.05472      4
  -0.04050   -0.05177   -0.03298   -0.06437     76
  -0.01440   -0.05222   -0.01419   -0.05489      1
   0.00301   -0.05114    0.00568   -0.06364      1
   0.03302   -0.05143    0.01524   -0.06540    111
   0.03593   -0.05291    0.01490   -0.07196     85
   0.03807   -0.05353    0.01908   -0.06990      8
   0.11207   -0.05235    0.07798   -0.02919      5
   0.21551   -0.05318    0.19934    0.23094      1
  -0.04743   -0.04637   -0.03646   -0.04578      5
  -0.04558   -0.04826   -0.03772   -0.06110     15
  -0.04131   -0.04956   -0.03841   -0.05983      1
  -0.02132   -0.04941   -0.01005    0.04601      7
  -0.00844   -0.04802   -0.00429   -0.04885      2
   0.03113   -0.04844    0.01615   -0.05908    253
   0.03589   -0.04743    0.02036   -0.05726      4
   0.03848   -0.04922    0.01746   -0.05542      5
   0.11345   -0.04924    0.09990   -0.01628      6
   0.11465   -0.04639    0.10138   -0.00798      5
   0.21697   -0.04685    0.24458    0.01257      2
   0.28498   -0.04799    0.18489   -0.03316      2
  -0.05076   -0.04287   -0.04088   -0.05571     61
  -0.04887   -0.04474   -0.03987   -0.05330     71
  -0.00611   -0.04434   -0.01093   -0.05471      1
   0.00054   -0.04335   -0.01278   -0.04314      1
   0.01540   -0.04210    0.00777   -0.05335      7
   0.03230   -0.04223    0.01678   -0.04465      3
   0.03584   -0.04386    0.01883   -0.04860     14
   0.03882   -0.04295    0.01942   -0.03195      3
   0.11606   -0.04276    0.09700   -0.01133     14
  -0.11723   -0.03916   -0.03858   -0.04531      3
  -0.05499   -0.03895   -0.04283   -0.03982      4
  -0.05242   -0.04119   -0.04267   -0.05042     56
  -0.04247   -0.04181   -0.00287   -0.05482      1
  -0.01202   -0.03813   -0.00338   -0.02263     14
  -0.00614   -0.03951    0.14565    0.02385      1
  -0.00587   -0.03955   -0.01154   -0.04310      2
   0.00111   -0.03997   -0.00254   -0.03528      9
   0.00299   -0.03987    0.00090   -0.04520      7
   0.00899   -0.03896    0.00449   -0.02624      3
   0.01226   -0.04083    0.00518   -0.04164      5
   0.01460   -0.04198    0.00547   -0.05690      4
   0.01969   -0.04079    0.01513   -0.05247     21
   0.02466   -0.03952    0.01418   -0.04397      9
   0.02861   -0.03925    0.01502   -0.04477     16
   0.03184   -0.03886    0.01713   -0.04513    166
   0.03567   -0.04099    0.01801   -0.04892     79
   0.04000   -0.03970    0.02080   -0.04838    239
   0.04232   -0.03933    0.02937   -0.05473      5
   0.11695   -0.04025    0.07829   -0.00556     13
   0.16760   -0.04043    0.07046   -0.04681      1
   0.21864   -0.03820    0.20816    0.06087      1
  -0.16858   -0.03611   -0.14462   -0.00885      1
  -0.11876   -0.03437   -0.01547    0.09048      1
  -0.05808   -0.03439   -0.03833   -0.03802      8
  -0.05657   -0.03653   -0.03888   -0.04217     39
  -0.05154   -0.03641   -0.02739   -0.03745      3
  -0.04845   -0.03653    0.00719    0.06620      1
  -0.04456   -0.03651   -0.01939    0.05708      2
  -0.04001   -0.03674   -0.01689    0.04609      2
  -0.01968   -0.03542   -0.01305   -0.02295      3
  -0.01460   -0.03722   -0.00122   -0.03132     32
  -0.01263   -0.03775    0.00147   -0.02943     20
  -0.00879   -0.03570   -0.07311   -0.17400      4
   0.00118   -0.03484   -0.00135   -0.04738      2
   0.00476   -0.03459   -0.00110   -0.03328      1
   0.00768   -0.03564   -0.06305   -0.04410      3
   0.01671   -0.03440    0.00099   -0.05669      1
   0.03676   -0.03745    0.02022   -0.04916     24
   0.03926   -0.03674    0.02154   -0.04884     56
   0.04318   -0.03526    0.02119   -0.04649     34
   0.11794   -0.03724    0.06095   -0.01219      2
   0.11857   -0.03516    0.08142   -0.00928      4
   0.21917   -0.03498    0.22262   -0.04327      1
  -0.16964   -0.03073   -0.06083   -0.01249      1
  -0.11858   -0.03327   -0.11728   -0.04084      1
  -0.05884   -0.03195   -0.06003   -0.03720     14
  -0.05701   -0.03145   -0.05391   -0.03641     21
  -0.05152   -0.03108    0.00953    0.04949      1
  -0.04963   -0.03129   -0.00220    0.03503      1
  -0.02534   -0.03092    0.00562   -0.01474      2
  -0.02024   -0.03347   -0.02203   -0.33537      2
   0.01369   -0.03381   -0.01701   -0.14932      1
   0.01965   -0.03377    0.11056   -0.09526      3
   0.02311   -0.03220    0.01151    0.02156      4
   0.11941   -0.03222    0.07648   -0.00869     13
   0.28735   -0.03082    0.23115    0.02185      1
  -0.06260   -0.02627   -0.05725   -0.03624      8
  -0.05831   -0.02794   -0.05829   -0.03292     12
  -0.05754   -0.02905   -0.05516   -0.03815      7
  -0.03631   -0.02659   -0.02235    0.02667      2
  -0.03026   -0.02613   -0.01901   -0.00819      1
  -0.02793   -0.02891   -0.01955   -0.02793      5
  -0.02537   -0.02931   -0.07552   -0.09631      1
   0.12051   -0.02778    0.08143   -0.00348     10
   0.16993   -0.02907    0.12999   -0.01137      1
   0.22018   -0.02808    0.20848    0.04052      5
  -0.06626   -0.02518   -0.08698   -0.02181      6
  -0.06293   -0.02564   -0.04655   -0.03236     23
  -0.03870   -0.02298   -0.03226    0.03505      5
  -0.03712   -0.02495   -0.02688    0.02832      7
  -0.03081   -0.02431   -0.01873   -0.05064      7
   0.03077   -0.02553    0.18488   -0.14341      1
   0.03417   -0.02391    0.01773    0.01661      2
   0.12145   -0.02337    0.07891   -0.00537      8
   0.22074   -0.02260   -0.09535   -0.15824      2
  -0.07408   -0.01931   -0.08062   -0.01239      4
  -0.07165   -0.01842   -0.08999    0.00000      1
  -0.06767   -0.02070   -0.07497   -0.00245      6
  -0.04224   -0.01865   -0.04224    0.03218      3
  -0.04008   -0.02010   -0.03586    0.01934     10
  -0.03554   -0.02177   -0.02879   -0.03181      3
  -0.03341   -0.01979    0.16394    0.19607      1
   0.03442   -0.02033    0.00662   -0.02216      7
   0.12184   -0.02120    0.07906   -0.00656     11
   0.12213   -0.01949    0.07702   -0.01045      9
   0.22098   -0.02031    0.13257    0.01199      6
  -0.07574   -0.01696   -0.04125    0.00003      2
  -0.04655   -0.01475   -0.05365    0.00316      2
  -0.04379   -0.01654   -0.03844   -0.01275     10
  -0.04194   -0.01772   -0.03589   -0.02661      6
  -0.03594   -0.01592   -0.08293   -0.05948      2
   0.03685   -0.01550    0.01900   -0.02412     11
   0.04173   -0.01583    0.02614    0.01913      1
   0.04437   -0.01406    0.01511    0.02345      1
   0.12264   -0.01593    0.07494   -0.01065     27
   0.22134   -0.01617    0.09963   -0.00516      7
   0.28857   -0.01564    0.18346   -0.06425      1
  -0.17193   -0.01272   -0.13139    0.00023      1
  -0.07462   -0.01312   -0.07323   -0.00461      3
  -0.07311   -0.01156   -0.08995    0.00496      4
  -0.05058   -0.01228   -0.04422   -0.01349      4
  -0.04956   -0.01206   -0.05593   -0.00777      5
   0.00883   -0.01125    0.02281   -0.00212      5
   0.03776   -0.01315    0.01137   -0.02543      2
   0.03803   -0.01233    0.00227   -0.03412      3
   0.04457   -0.01369    0.02764    0.02511      2
   0.12309   -0.01201    0.07448   -0.02233     28
   0.22157   -0.01208    0.09913    0.01816      7
  -0.07849   -0.00717   -0.08894    0.00325      3
  -0.07499   -0.00858   -0.07917    0.00263      9
  -0.07380   -0.00787   -0.08635    0.00286      1
  -0.04310   -0.00636   -0.04673    0.01335      2
  -0.01272   -0.00814    0.13542    0.05637      1
  -0.00287   -0.00969    0.00680   -0.01666      1
  -0.00187   -0.00973   -0.00931   -0.04034      1
   0.03912   -0.00825    0.01642   -0.01697     38
   0.04856   -0.00734    0.04117    0.02664      4
   0.12341   -0.00792    0.07720   -0.02392     32
   0.17215   -0.00933    0.11950    0.00668      1
   0.22178   -0.00771    0.10730    0.00181      7
  -0.17240   -0.00206   -0.15734    0.00687      1
  -0.12260   -0.00598   -0.11964    0.00334      1
  -0.07930   -0.00284   -0.06438    0.01310      1
  -0.07654   -0.00378   -0.07517   -0.00804      4
  -0.07095   -0.00219   -0.07408   -0.01507      1
  -0.04967   -0.00369   -0.03487    0.02635      2
  -0.03988   -0.00288   -0.03194   -0.00940      1
   0.01420   -0.00215   -0.22826    0.34750      1
   0.03982   -0.00355    0.02113   -0.01200     15
   0.12360   -0.00409    0.07821   -0.00895     26
   0.22191   -0.00411    0.14767    0.02260      5
  -0.08003    0.00011   -0.08894    0.00708     43
  -0.07462   -0.00033   -0.08607    0.00715      4
  -0.05103    0.00036   -0.03506    0.03570     22
  -0.04460   -0.00181   -0.05154    0.00897      4
   0.03996    0.00111    0.01312   -0.00706     21
   0.12365    0.00002    0.08262   -0.00421     20
   0.22185   -0.00101    0.21270    0.01814      2
  -0.08090    0.00249   -0.08717    0.00440      3
  -0.07663    0.00439   -0.08727    0.00213      1
  -0.07168    0.00536   -0.08988    0.01177     30
  -0.05145    0.00418   -0.04128    0.03424      7
  -0.04512    0.00581   -0.04109    0.00505      3
   0.00940    0.00305    0.00540   -0.00040      3
   0.03987    0.00301    0.01829   -0.00531     30
   0.05211    0.00421    0.02566    0.03111      2
   0.06170    0.00353    0.04619   -0.00690      2
   0.12356    0.00496    0.08536   -0.00790     33
   0.22190    0.00457    0.20678    0.00553      4
  -0.07752    0.00946   -0.08005    0.01799      2
  -0.07133    0.00626   -0.08697    0.01610     19
  -0.05121    0.00810   -0.05596    0.01352      2
  -0.04806    0.00924   -0.04595    0.01953      2
  -0.04069    0.00785   -0.02353    0.06608      2
   0.01186    0.00828    0.01472   -0.00084      2
   0.03932    0.00723   -0.00199   -0.00232     18
   0.12336    0.00851    0.10181   -0.00519     36
   0.22173    0.00933    0.14306    0.01018      9
  -0.12210    0.01316   -0.08052    0.00875      1
  -0.07513    0.01029   -0.07763    0.01565      3
  -0.07207    0.01205   -0.08432    0.01634      4
  -0.04709    0.01096   -0.04102   -0.00473      4
  -0.03839    0.01115    0.32905   -0.06635      1
  -0.03682    0.01258   -0.00898   -0.04381      2
   0.00552    0.01307    0.04508   -0.07684      1
   0.02465    0.01383    0.00755    0.00640      1
   0.03760    0.01358    0.00939   -0.00349      7
   0.03867    0.01015    0.01260    0.00000      3
   0.12314    0.01146    0.13039    0.00267     30
   0.22163    0.01136    0.15486    0.05627      6
  -0.13809    0.01681   -0.04263   -0.17486      1
  -0.12279    0.01486   -0.07488   -0.01039      1
  -0.09716    0.01783   -0.10660    0.01727      1
  -0.07520    0.01613   -0.07816    0.04086      3
  -0.07211    0.01445   -0.07515    0.02077      8
  -0.06212    0.01645   -0.07571    0.01091      1
  -0.05907    0.01542   -0.07067    0.02184      9
  -0.05686    0.01772   -0.06548    0.01214      1
  -0.04217    0.01426   -0.04710    0.01521      1
  -0.03685    0.01552   -0.01465    0.01242      3
   0.00420    0.01447    0.30269   -0.06048      1
   0.03603    0.01734    0.01225    0.00061    291
   0.12248    0.01691    0.12688    0.00678     43
   0.22133    0.01622    0.15074    0.00811     10
  -0.17129    0.01955   -0.04172   -0.02312      1
  -0.12216    0.01926   -0.08959    0.00847      1
  -0.07638    0.01904   -0.08206    0.03093      2
  -0.07358    0.01835   -0.08557    0.03792      1
  -0.06837    0.02042   -0.08212    0.02407     17
  -0.06343    0.02175   -0.08107    0.02850     95
  -0.06148    0.02198   -0.08456    0.02505      1
  -0.05534    0.01968   -0.07295    0.02844      1
  -0.05068    0.01944   -0.03818    0.03088     10
  -0.04976    0.02183   -0.00759    0.02497      1
  -0.03496    0.02032   -0.02073    0.00765      6
  -0.03393    0.02114   -0.03889    0.02263      3
   0.02425    0.01897    0.02466    0.01811      1
   0.03368    0.02154    0.01794    0.00119      8
   0.03551    0.01838    0.01319    0.00210    163
   0.05093    0.01942    0.03130    0.03950      1
   0.12184    0.02116    0.12849    0.00409     23
   0.12217    0.01885    0.13403    0.00562     31
   0.22102    0.01969    0.14721    0.00606      9
  -0.12133    0.02392   -0.08027    0.01373      2
  -0.07607    0.02297   -0.09566    0.04400      1
  -0.07089    0.02483   -0.07840    0.02367      1
  -0.06333    0.02216   -0.08227    0.02916     22
  -0.06151    0.02479   -0.08107    0.02883     19
  -0.04848    0.02381   -0.04360    0.03291      7
  -0.04528    0.02379   -0.04358    0.01119      1
  -0.03628    0.02419   -0.04094   -0.03521      1
  -0.03162    0.02447   -0.01790    0.00042      3
   0.02666    0.02599    0.02062    0.01600      1
   0.03198    0.02399    0.01116    0.00371     20
   0.03520    0.02238    0.00646    0.03586      2
   0.12116    0.02481    0.13483    0.00838     36
   0.22060    0.02452    0.22624    0.00815      6
  -0.22035    0.02666    0.11264    0.04551      1
  -0.12076    0.02671   -0.07973    0.01870      1
  -0.06230    0.02704   -0.07425    0.02763     29
  -0.06053    0.02782   -0.07994    0.03294     15
  -0.05354    0.02683   -0.04563    0.02083      2
  -0.04674    0.02809   -0.04615    0.02959     16
  -0.04217    0.02988   -0.04651    0.03417      4
  -0.04146    0.02942   -0.03727    0.03524     11
  -0.03516    0.02881   -0.03701    0.02979      5
  -0.03320    0.02888   -0.03621    0.02466      5
  -0.02786    0.02864   -0.00798    0.02005      2
   0.02674    0.02854    0.02173    0.00869      5
   0.03037    0.02600   -0.06580   -0.25627      1
   0.03920    0.02745    0.02460    0.03004      4
   0.04771    0.02863    0.02393    0.04457      2
   0.12031    0.02849    0.13409    0.00715     61
   0.22043    0.02617    0.26341    0.01196      1
  -0.28714    0.03277   -0.14583   -0.16776      1
  -0.11961    0.03145   -0.08116    0.01637      1
  -0.09373    0.03029   -0.09928    0.03226      1
  -0.06608    0.03108   -0.09283    0.04368      1
  -0.06318    0.03180   -0.06776    0.03336      2
  -0.05967    0.03132   -0.08560    0.01340      4
  -0.05703    0.03101   -0.07339    0.02854      2
  -0.05012    0.03213   -0.06904    0.04570      1
  -0.04709    0.03201   -0.05588    0.03368      2
  -0.04454    0.03278   -0.05882    0.00380      2
  -0.04127    0.03007   -0.04125    0.03448     12
  -0.03573    0.03207   -0.02874    0.02854      1
  -0.03206    0.03197   -0.02772    0.02779      7
   0.02377    0.03215   -0.00124    0.00215      5
   0.02612    0.03027    0.00427   -0.00359      2
   0.04550    0.03080    0.02291    0.03748      2
   0.04667    0.03190    0.03447    0.03970      2
   0.11924    0.03261    0.13117    0.01037     96
   0.16965    0.03070    0.06987    0.02640      1
   0.21956    0.03184    0.15721    0.03273     19
  -0.11812    0.03666   -0.08434    0.02578      1
  -0.11177    0.03539   -0.09905    0.02840      2
  -0.06652    0.03433   -0.06939    0.03081      2
   0.01540    0.03689    0.00641   -0.00053      7
   0.01829    0.03555    0.00891    0.00586      2
   0.03579    0.03541    0.01847    0.04612      2
   0.11781    0.03744    0.12620    0.01427     40
   0.11839    0.03557    0.12963    0.01861     78
   0.21903    0.03562    0.12930   -0.01238     12
  -0.11681    0.04061   -0.08255    0.02042      2
  -0.08909    0.03918   -0.10034    0.03993      1
  -0.03452    0.03807   -0.06082   -0.00410      2
  -0.03364    0.03965   -0.04845   -0.01006      2
  -0.02693    0.04149   -0.01461    0.04635      1
  -0.00705    0.03936   -0.00544    0.01716      1
   0.00153    0.03995    0.00223    0.00779      1
   0.00306    0.03986    0.02211    0.00766      1
   0.00972    0.04044   -0.00322   -0.05119      1
   0.01154    0.04119    0.01181   -0.05313      4
   0.03852    0.03892    0.03058    0.02922      1
   0.04345    0.04104    0.03287    0.02939      1
   0.11692    0.04015    0.12826    0.01163    130
   0.16813    0.03814    0.06451    0.02272      1
   0.21784    0.04134    0.23316    0.03900      2
   0.21844    0.03889    0.18605    0.02889      4
  -0.11593    0.04309   -0.08307    0.01600      3
  -0.04771    0.04462    0.00239    0.06835      1
  -0.03850    0.04320   -0.06494    0.04840      1
  -0.00529    0.04370   -0.02084   -0.06609      1
   0.01242    0.04281    0.00537   -0.05282      3
   0.01585    0.04253    0.01328   -0.05050     17
   0.01899    0.04560    0.01631   -0.04371     23
   0.04152    0.04429    0.03349    0.03821     21
   0.04221    0.04319    0.02246    0.04018     10
   0.11568    0.04367    0.10750    0.02761     93
   0.21742    0.04466    0.21174    0.04694      9
  -0.03506    0.04646   -0.06167    0.00785      2
  -0.03364    0.04888   -0.07602    0.02375      2
  -0.00757    0.04894   -0.01788    0.04808      1
   0.01765    0.04770    0.02004   -0.04722      7
   0.01883    0.04648    0.01626   -0.04758     40
   0.03767    0.04939    0.02756    0.03670      3
   0.04571    0.04989    0.02638    0.04365      5
   0.04945    0.04996    0.04368    0.04573      6
   0.05126    0.04962    0.03335    0.04965     34
   0.05632    0.04934    0.04286    0.04075     26
   0.05967    0.04901    0.04907    0.04382     18
   0.11364    0.04873    0.09056    0.04752     26
   0.11446    0.04677    0.09565    0.03321     33
   0.21662    0.04820    0.15224    0.04433     18
  -0.11183    0.05284   -0.07729    0.03423      5
  -0.05820    0.05043   -0.07008    0.06604      1
  -0.05432    0.05215   -0.04412    0.07006      1
  -0.00877    0.05307   -0.00670    0.05935      3
   0.01393    0.05314    0.01038   -0.05391      1
   0.01516    0.05279    0.01964   -0.04848     54
   0.01825    0.05044    0.02130   -0.04865     13
   0.03635    0.05079    0.02190    0.04140      2
   0.04507    0.05134    0.04087    0.04397      4
   0.04935    0.05028    0.03189    0.04538     34
   0.05024    0.05029    0.03271    0.04987      9
   0.05661    0.05056    0.04539    0.04158      2
   0.05915    0.05232    0.04998    0.04275     25
   0.11223    0.05189    0.08692    0.04949     78
   0.21567    0.05223    0.14883   -0.01359     12
   0.28439    0.05147    0.12134    0.02183      1
  -0.11120    0.05414   -0.07828    0.03436      1
  -0.10993    0.05662   -0.08390    0.04147      1
  -0.08879    0.05401   -0.01338   -0.01460      1
   0.00905    0.05660    0.01778   -0.05995     25
   0.01342    0.05511    0.02050   -0.04808     31
   0.01409    0.05447    0.01997   -0.04822      5
   0.03016    0.05625    0.03461    0.07422      1
   0.03634    0.05646    0.01969    0.07146     27
   0.03995    0.05531    0.01817    0.05663     12
   0.04234    0.05434    0.02865    0.05610      2
   0.05658    0.05630    0.04305    0.04358      4
   0.10960    0.05717    0.09110    0.04254     22
   0.11063    0.05520    0.07976    0.04736     29
   0.21473    0.05587    0.17173    0.08699     19
  -0.10844    0.05944   -0.07928    0.04111      2
   0.00492    0.06116    0.01382   -0.06321     13
   0.00686    0.05890    0.00879   -0.07007      2
   0.02809    0.06109    0.00371    0.08509      2
   0.03078    0.05964    0.05418    0.08984      2
   0.03450    0.05835    0.02001    0.08999      3
   0.05204    0.06092    0.03564    0.06249     14
   0.05490    0.05836    0.03909    0.05168      1
   0.10769    0.06078    0.08388    0.04683     40
   0.21358    0.05986    0.11923    0.05292     32
   0.21420    0.05805    0.13010   -0.07652      2
  -0.01172    0.06470   -0.01016    0.05761      1
  -0.00544    0.06479   -0.08564    0.03993      1
   0.00113    0.06503    0.01752   -0.08460      1
   0.00303    0.06332    0.01468   -0.07037      4
   0.01298    0.06484   -0.02662    0.12315      1
   0.03252    0.06359    0.02302    0.06944      7
   0.04412    0.06270    0.02557    0.05560      1
   0.04816    0.06575    0.03388    0.06940     30
   0.05079    0.06277    0.02569    0.06628      4
   0.10580    0.06396    0.07820    0.05463     13
   0.10631    0.06308    0.07966    0.04856     21
   0.21227    0.06438    0.17942    0.02831     37
   0.28185    0.06393    0.01188    0.21926      1
  -0.10448    0.06620   -0.08530    0.03139      1
  -0.00493    0.06773   -0.02070    0.06989      1
   0.04494    0.06818    0.03261    0.06664     25
   0.04651    0.06702    0.03064    0.06871     16
   0.10199    0.06990    0.06297    0.08707      2
   0.10332    0.06793    0.08195    0.06381     24
   0.15864    0.06750    0.04879    0.03061      1
   0.21119    0.06782    0.18640    0.04464     42
  -0.20963    0.07288    0.11460   -0.13586      2
  -0.09905    0.07351   -0.10820    0.06383      7
   0.03345    0.07264    0.02319    0.07299      2
   0.03636    0.07057    0.01932    0.06837     23
   0.04224    0.07047    0.03536    0.06834      2
   0.06074    0.07378    0.04171    0.08271      2
   0.06558    0.07298    0.05133    0.06837      1
   0.06670    0.07265    0.04158    0.07470      9
   0.10052    0.07194    0.06829    0.07705     44
   0.20945    0.07289    0.15781    0.02528     29
   0.21033    0.07038    0.01392    0.06831     11
  -0.20805    0.07734   -0.08615   -0.20295      1
   0.03391    0.07400    0.02378    0.09609      1
   0.05617    0.07727    0.03395    0.08744     22
   0.05909    0.07594    0.03994    0.08973     21
   0.06359    0.07568    0.03408    0.08804      7
   0.08390    0.07701    0.06062    0.06932     12
   0.09143    0.07401    0.05242    0.10156      1
   0.09732    0.07626    0.06845    0.08113     31
   0.09820    0.07503    0.06638    0.08163     12
   0.15431    0.07692    0.04168    0.02833      1
   0.20814    0.07662    0.13348    0.03379     35
   0.05231    0.08001    0.02540    0.08307     14
   0.05599    0.07891    0.03435    0.09340      9
   0.05910    0.07863    0.03641    0.09878      6
   0.08136    0.08050    0.05766    0.10380     57
   0.08365    0.08073    0.05623    0.09646     72
   0.08677    0.07980    0.05449    0.08986     23
   0.09319    0.08106    0.06656    0.07842     21
   0.09511    0.07897    0.06668    0.07946     29
   0.20731    0.07887    0.12191    0.04829     27
  -0.14990    0.08516   -0.12692    0.06607      1
   0.04825    0.08558    0.02605    0.08408      3
   0.06891    0.08574    0.02849    0.07870      1
   0.07184    0.08530    0.03973    0.09395     10
   0.07631    0.08438    0.05609    0.09965     14
   0.08055    0.08481    0.05205    0.09399     29
   0.08274    0.08338    0.05853    0.09048     23
   0.08944    0.08403    0.06107    0.09309     14
   0.09102    0.08302    0.06331    0.08351     17
   0.10961    0.08524   -0.00791   -0.01204      1
   0.20555    0.08342    0.07923    0.03337     10
   0.20604    0.08241    0.17078    0.06487      1
  -0.14907    0.08661   -0.10818    0.04907      1
  -0.08550    0.08909   -0.07144    0.04360      1
  -0.07140    0.08634   -0.08105    0.07272      1
   0.04123    0.08787    0.01322    0.07618      2
   0.04450    0.08719    0.02352    0.06389      9
   0.04674    0.08671    0.01891    0.08061      7
   0.06817    0.08747    0.04384    0.08841      2
   0.07205    0.08694    0.05109    0.09653      2
   0.07702    0.08794    0.05063    0.09026      9
   0.07926    0.08693    0.04921    0.08411     28
   0.08494    0.08855    0.05540    0.09567     51
   0.08657    0.08723    0.05904    0.09906     35
   0.20376    0.08798    0.13947    0.04868     16
  -0.20143    0.09316   -0.07195   -0.13705      1
   0.06802    0.09066    0.03506    0.08678      3
   0.07135    0.09085    0.04281    0.10152      3
   0.07552    0.09125    0.03922    0.09285      1
   0.08120    0.09261    0.06109    0.10268     27
   0.08272    0.09117    0.05984    0.10270     29
   0.10529    0.09264    0.02100    0.07447      2
   0.20145    0.09308    0.12829    0.03477     13
   0.20236    0.09107    0.11539   -0.00660      8
   0.05536    0.09577    0.03009    0.08529      2
   0.06038    0.09417    0.02449    0.10610      1
   0.07650    0.09669    0.05747    0.10341     29
   0.07880    0.09503    0.05641    0.10326     28
   0.20015    0.09559    0.12991    0.03641     10
  -0.07433    0.09839   -0.05601    0.07273      1
  -0.07271    0.09957   -0.05398    0.07974      1
   0.05016    0.09831    0.01495    0.06858      1
   0.06519    0.09823    0.03504    0.10595      1
   0.06913    0.10172    0.03017    0.09806      1
   0.07162    0.10060    0.05973    0.10257      8
   0.07472    0.09817    0.06021    0.10412      5
   0.19770    0.10056    0.14285    0.08379      4
   0.19878    0.09863    0.04179   -0.05283      3
   0.02312    0.10593    0.28844   -0.15336      1
   0.06511    0.10493    0.04760    0.10293     10
   0.06735    0.10363    0.05878    0.09591      7
   0.19608    0.10387    0.16243    0.04381      8
   0.05700    0.10932    0.02605    0.11993      5
   0.06119    0.10733    0.04385    0.11094     14
   0.06262    0.10641    0.04620    0.10481      6
   0.09067    0.10894   -0.34127   -0.34849      1
   0.19297    0.10938    0.14539   -0.02293      4
   0.19452    0.10676    0.18682    0.00163      3
   0.04963    0.11307    0.05037    0.11155      5
   0.05098    0.11245    0.04192    0.11038     19
   0.19161    0.11186    0.13728    0.08390     12
   0.26593    0.11315    0.15649    0.09072      1
  -0.04070    0.11668   -0.02331    0.08971      2
   0.03668    0.11799    0.05171    0.14207      1
   0.04036    0.11612    0.02043    0.08438      4
   0.04309    0.11536    0.01893    0.10119      4
   0.04637    0.11440    0.02556    0.10847      2
   0.08365    0.11530    0.08002    0.17319      1
   0.12696    0.11665    0.07851    0.13653      1
   0.18923    0.11594    0.18260    0.02622      4
   0.19030    0.11407    0.27331    0.06814      1
  -0.26221    0.12156   -0.24118    0.00000      1
  -0.03527    0.11856   -0.03024    0.13986      1
  -0.02556    0.12087    0.14600    0.02706      1
   0.02168    0.12171    0.02169    0.12959      1
   0.02417    0.12129    0.02724    0.12288      3
   0.02647    0.12079    0.02056    0.12156      1
   0.03032    0.11971    0.02171    0.12261      4
   0.03571    0.11826    0.02073    0.12380      2
   0.08453    0.11948    0.10064    0.19415      1
   0.18573    0.12140    0.13679   -0.03158      1
   0.18637    0.12043    0.16104   -0.09000      1
  -0.01514    0.12260    0.00394    0.09801      1
  -0.00998    0.12293   -0.01905    0.09622      1
   0.00058    0.12344    0.01166    0.10736      1
   0.00504    0.12336   -0.04045    0.10593      1
   0.00891    0.12329    0.05009    0.05340      2
   0.01240    0.12290    0.00435    0.11878      3
   0.01904    0.12212    0.02050    0.12796      1
   0.18368    0.12432    0.10050    0.10811      2
  -0.11437    0.12900   -0.09799    0.11037      1
   0.18136    0.12770    0.16627    0.03581      2
   0.25865    0.12893   -0.14466   -0.16877      1
  -0.17747    0.13187   -0.17442    0.08112      2
   0.11191    0.13116    0.08690    0.13510      2
   0.17762    0.13273    0.21269    0.13342      1
   0.17870    0.13139    0.14054    0.05921      4
   0.10350    0.13789    0.07550    0.14110      2
   0.10799    0.13441    0.08869    0.13501      2
   0.17546    0.13569    0.09425    0.07004      4
   0.10051    0.14009    0.19280    0.06752      1
   0.10283    0.13838    0.07978    0.13676      2
   0.17205    0.14007    0.08111    0.09875      3
  -0.09453    0.14417   -0.08853    0.11011      1
   0.16937    0.14323    0.03475    0.04480      1
   0.08746    0.14859    0.08436    0.13528      3
   0.16017    0.14836    0.07092    0.07910      4
   0.16534    0.14773    0.09950    0.15321      1
   0.16687    0.14624    0.14728    0.11842      1
   0.15596    0.15304   -0.11791   -0.09761      2
   0.16128    0.15238    0.06612    0.01638      2
   0.15330    0.15737    0.13416    0.13977      2
   0.15444    0.15617    0.11933    0.10081      4
   0.07489    0.16111    0.02178    0.07801      1
   0.08515    0.15807    0.04619    0.12971      1
   0.14758    0.15946   -0.05114   -0.13919      2
   0.15471    0.15881    0.02034   -0.01764      2
   0.14420    0.16565    0.06117    0.08236      1
   0.14843    0.16327    0.17057    0.12292      4
   0.04040    0.16760   -0.10194    0.14505      1
   0.13631    0.16935    0.01350    0.07895      1
   0.14058    0.16701    0.02306    0.08792      1
   0.14427    0.16667    0.10582    0.07164      1
   0.14702    0.16605   -0.24652    0.13441      1
   0.13685    0.17365    0.06227    0.13212      5
   0.14092    0.17130    0.07898    0.17293      5
  -0.13321    0.17633   -0.10506    0.12565      1
   0.13552    0.17474   -0.08509   -0.01152      3
   0.12785    0.18104    0.06653    0.08734      1
   0.11704    0.18833    0.07985    0.09861      1
   0.09889    0.19383    0.05579    0.13469      1
   0.10953    0.19296   -0.07085    0.03735      1
   0.11071    0.19229    0.07185    0.12754      3
   0.09662    0.19748    0.08487    0.11854      1
   0.09328    0.19912    0.06426    0.11357      1
   0.08259    0.20596    0.04486    0.19745      1
   0.08608    0.20379    0.11865    0.04746      1
   0.07177    0.20727    0.01431    0.04738      1
   0.06542    0.21201    0.11856   -0.12320      1
   0.04337    0.21765   -0.17961   -0.20517      1
   0.04750    0.21677    0.28604    0.00899      1
   0.00104    0.22135   -0.02088    0.13336      1
  -0.15846    0.24168   -0.16296    0.21863      1
  -0.08241    0.27699   -0.03905    0.16647      1
