  -0.03717   -0.21862   -0.02931   -0.21398      1
  -0.02766   -0.21911   -0.03559   -0.16858      2
  -0.02582   -0.21849   -0.20283   -0.04127      1
  -0.01464   -0.21985   -0.03367   -0.20787      5
  -0.01142   -0.22010   -0.01160   -0.20215      9
  -0.00834   -0.22091   -0.00894   -0.20793      4
  -0.00454   -0.22054   -0.03376   -0.22061      1
   0.00273   -0.22040    0.01203   -0.21386      3
   0.01095   -0.22148    0.01297   -0.14250      1
   0.03131   -0.21888    0.03369   -0.21516      1
   0.03906   -0.21819    0.03310   -0.19127      2
  -0.05683   -0.21455   -0.08033   -0.22487      2
  -0.04933   -0.21624   -0.02458   -0.16648      1
  -0.03866   -0.21657    0.01688   -0.18190      1
  -0.03772   -0.21746   -0.03598   -0.20200      1
  -0.03220   -0.21769   -0.05707   -0.23528      2
  -0.02406   -0.21685   -0.03209   -0.21995      1
   0.02536   -0.21588    0.04304   -0.16641      1
   0.02710   -0.21559   -0.02586   -0.02470      2
   0.04305   -0.21743    0.02789   -0.21801      3
   0.05333   -0.21516    0.03943   -0.13661      1
  -0.06602   -0.21029   -0.06341   -0.20741      3
  -0.06490   -0.21109   -0.06341   -0.20378      3
  -0.05985   -0.21193   -0.02459   -0.19464      1
  -0.04890   -0.21349   -0.03310   -0.21889      1
   0.05566   -0.21007    0.00134   -0.07648      1
   0.06457   -0.21227    0.05304   -0.18139      1
  -0.07751   -0.20621   -0.05353   -0.19435      1
  -0.07052   -0.20858   -0.07098   -0.20298      5
  -0.06878   -0.20933   -0.05131   -0.20378      5
  -0.20517   -0.20353   -0.14930   -0.20854      1
  -0.09079   -0.20216   -0.08811   -0.16072      2
  -0.08913   -0.20276   -0.06206   -0.18231      1
  -0.08387   -0.20414   -0.04787   -0.19035      4
  -0.08051   -0.20498   -0.05982   -0.16881      5
   0.08820   -0.20361    0.05344   -0.14143      1
  -0.09639   -0.19917   -0.11069   -0.16274      2
  -0.09357   -0.20104   -0.04259   -0.15255      1
  -0.10515   -0.19464   -0.05058   -0.18116      1
  -0.09997   -0.19528   -0.06211   -0.19461      1
  -0.09625   -0.19617   -0.03579   -0.22527      2
   0.10142   -0.19726    0.09300   -0.13660      2
  -0.10800   -0.19301   -0.09119   -0.18777      4
  -0.10506   -0.19326   -0.05979   -0.13000      1
   0.10982   -0.19160    0.08031   -0.12703      1
   0.11135   -0.19090    0.11436   -0.18849      2
  -0.12040   -0.18604   -0.07550   -0.18594      1
  -0.11528   -0.18672   -0.07799   -0.17997      3
  -0.11210   -0.18939   -0.21682   -0.05741      2
  -0.11844   -0.18474   -0.09373   -0.16552      2
  -0.11762   -0.18527   -0.12990   -0.29875      1
   0.12336   -0.18434    0.11808   -0.16451      2
  -0.12142   -0.17980   -0.22276   -0.04352      2
   0.12696   -0.18151    0.11795   -0.20104      1
   0.13583   -0.17518    0.14430   -0.15583      1
   0.13960   -0.17221    0.13191   -0.17442      1
  -0.13980   -0.16737   -0.03105   -0.21283      1
   0.14458   -0.16797    0.15901   -0.15143      1
  -0.14753   -0.16448   -0.09075   -0.16701      2
  -0.15166   -0.15936   -0.11864   -0.11382     10
  -0.14879   -0.16111   -0.08917   -0.14999      4
   0.15276   -0.16085    0.16627   -0.15289      3
   0.15410   -0.15958    0.18920   -0.14518      1
  -0.15682   -0.15545   -0.12840   -0.15294      3
  -0.15307   -0.15746   -0.10869   -0.13877      3
   0.15132   -0.15680    0.18809   -0.13766      1
   0.15626   -0.15708    0.19535   -0.14297      5
   0.15874   -0.15496    0.17591   -0.13367      3
  -0.15930   -0.15372   -0.11420   -0.13526      2
   0.16265   -0.15083    0.14518   -0.11673      1
   0.16506   -0.14792    0.17356   -0.14095      6
  -0.16605   -0.14572   -0.07628   -0.12949      1
   0.17579   -0.13503    0.17897   -0.13634      1
  -0.17697   -0.13090   -0.11274   -0.25322      1
   0.03721   -0.13210    0.04014   -0.11657      1
   0.17463   -0.13270    0.18013   -0.14073      1
   0.17864   -0.13162    0.12040   -0.08844      1
   0.04035   -0.12963    0.02829   -0.03728      1
  -0.01927   -0.12210   -0.02074   -0.10873      1
  -0.01491   -0.12236   -0.01153   -0.11450      2
  -0.01023   -0.12262   -0.00262   -0.11249      3
  -0.00790   -0.12281   -0.00523   -0.11247     23
  -0.00481   -0.12302   -0.00949   -0.11257      9
   0.00140   -0.12308   -0.00626   -0.11953      2
   0.00343   -0.12286   -0.00526   -0.11944      3
   0.00797   -0.12298   -0.00770   -0.11509      2
   0.01747   -0.12239    0.02677   -0.11459      3
   0.18336   -0.12480    0.17576   -0.15171      1
  -0.03167   -0.11918   -0.02180   -0.11335      4
  -0.02743   -0.11999   -0.02060   -0.11340      2
  -0.02089   -0.12150   -0.02639   -0.11390      4
  -0.01674   -0.12178   -0.00994   -0.11348      2
   0.02166   -0.12157    0.00524   -0.10336      3
   0.02356   -0.12096    0.03285   -0.11046      6
   0.02877   -0.11994    0.03229   -0.11661      3
   0.03323   -0.11811    0.04765   -0.10791      8
   0.03599   -0.11830    0.05234   -0.11756      1
   0.18325   -0.11927    0.15967   -0.11858      1
  -0.04626   -0.11441   -0.05194   -0.10832      2
  -0.04487   -0.11465   -0.03682   -0.10669      8
  -0.03925   -0.11661   -0.03531   -0.10770     10
  -0.03686   -0.11746   -0.03314   -0.11410      8
  -0.01129   -0.11747    0.03900   -0.09099      1
   0.00291   -0.11457    0.00382   -0.11945      6
   0.00768   -0.11675    0.00456   -0.10991      6
   0.01943   -0.11620    0.03380   -0.10918      1
   0.02568   -0.11440    0.01205   -0.10913      1
   0.02694   -0.11438    0.02820   -0.10601      2
   0.03377   -0.11794    0.04006   -0.10222      1
   0.03478   -0.11765    0.02631   -0.10119     13
   0.04397   -0.11471    0.05147   -0.11955      4
  -0.19152   -0.11008   -0.15926   -0.06467      1
  -0.09336   -0.11209   -0.11431   -0.20622      1
  -0.05414   -0.11048   -0.04540   -0.09995      2
  -0.05085   -0.11221   -0.04253   -0.10544      5
  -0.04753   -0.11356   -0.04592   -0.10702      5
  -0.04568   -0.11386   -0.03236   -0.10585      1
  -0.03115   -0.11309   -0.03058   -0.09699      1
  -0.02768   -0.11379   -0.02081   -0.09309      1
  -0.01078   -0.11291   -0.01169   -0.10342      3
  -0.00848   -0.11255   -0.00686   -0.10326      1
  -0.00437   -0.11270    0.00078   -0.11106      6
  -0.00025   -0.11355    0.01420   -0.10880      3
   0.00247   -0.11378    0.01336   -0.10343      3
   0.00716   -0.11015   -0.00017   -0.09719      1
   0.01365   -0.11102    0.01178   -0.10043      2
   0.04899   -0.11334    0.05821   -0.11376      3
   0.05146   -0.11172    0.05903   -0.09786      1
   0.05527   -0.11059    0.06316   -0.11004      2
  -0.06037   -0.10711   -0.05090   -0.10910     47
  -0.05684   -0.10919   -0.02940   -0.10672      5
   0.00912   -0.10957   -0.00161   -0.10258      1
   0.02089   -0.10860    0.01414   -0.10888      1
   0.02737   -0.10674    0.04208   -0.08259      1
   0.03064   -0.10883    0.04141   -0.10905      3
   0.03723   -0.10624    0.02299   -0.11103      1
   0.05728   -0.10913    0.06257   -0.09924      2
   0.06082   -0.10684    0.06742   -0.10784      6
   0.06255   -0.10627    0.06460   -0.10501      1
   0.19045   -0.10947    0.18254   -0.16844      1
  -0.10348   -0.10406   -0.08960   -0.16640      1
  -0.06690   -0.10292   -0.05468   -0.10827     96
  -0.06468   -0.10433   -0.05480   -0.10361     92
  -0.05785   -0.10263   -0.07765   -0.11911      1
   0.06188   -0.10580    0.05301   -0.10227      1
   0.06503   -0.10410    0.07267   -0.10110      2
   0.06875   -0.10274    0.08280   -0.09176      2
   0.13937   -0.10347    0.21054   -0.00404      1
  -0.07444   -0.09811   -0.06464   -0.09096      1
  -0.07136   -0.10030   -0.05548   -0.10805      7
  -0.06895   -0.10171   -0.05207   -0.10628      8
  -0.04877   -0.09947   -0.04423   -0.08756      1
   0.01133   -0.09812    0.00851   -0.10242     16
   0.05757   -0.09951    0.06796   -0.09743      1
   0.05877   -0.09931    0.06653   -0.08734      3
   0.06248   -0.09970    0.06858   -0.09642      3
   0.07079   -0.10121    0.07037   -0.10013      1
  -0.07903   -0.09430   -0.06677   -0.10040      8
  -0.07680   -0.09635   -0.06348   -0.10359     17
  -0.06270   -0.09408   -0.04522   -0.08399      1
  -0.06104   -0.09596   -0.05229   -0.09960      1
   0.00758   -0.09761    0.00126   -0.10348      1
   0.01321   -0.09778    0.01108   -0.10141     38
   0.01641   -0.09717    0.01032   -0.09892    168
   0.01860   -0.09678    0.01086   -0.10136     33
   0.02453   -0.09579    0.01994   -0.09010     10
   0.02650   -0.09478    0.02040   -0.09671      2
   0.07572   -0.09746    0.07278   -0.09728      3
   0.19680   -0.09434    0.17001   -0.07392      1
  -0.08295   -0.09075   -0.07221   -0.09295    101
  -0.08116   -0.09239   -0.06868   -0.09534     55
  -0.07457   -0.09185   -0.04182   -0.08574      1
  -0.07216   -0.09233   -0.03292   -0.09145      1
  -0.06854   -0.09249   -0.07637   -0.10358      1
  -0.06319   -0.09009   -0.05742   -0.09865      3
   0.02371   -0.09213    0.01299   -0.08905      1
   0.06186   -0.09375    0.07264   -0.09399      1
   0.06570   -0.09321    0.07264   -0.09962      1
   0.08060   -0.09364    0.08278   -0.09258      1
  -0.11451   -0.08736   -0.09730   -0.03897      2
  -0.08667   -0.08697   -0.06857   -0.08146     95
  -0.08473   -0.08896   -0.07512   -0.09071    121
  -0.07952   -0.08660   -0.04389   -0.06098      3
  -0.07696   -0.08906   -0.05951   -0.09312      4
  -0.07135   -0.08749   -0.06237   -0.08646      2
  -0.06782   -0.08988   -0.05979   -0.08667      1
  -0.06511   -0.08987   -0.05307   -0.09816      1
   0.03880   -0.08863    0.05450   -0.09459      4
   0.04391   -0.08689    0.05978   -0.09529      1
   0.06946   -0.08815    0.08394   -0.08907      1
   0.07094   -0.08603    0.07417   -0.07600      1
   0.08558   -0.08921    0.08584   -0.08202      5
   0.08767   -0.08718    0.09147   -0.08878      7
  -0.09087   -0.08250   -0.07798   -0.08352      6
  -0.08844   -0.08527   -0.08536   -0.09714     19
  -0.07948   -0.08589   -0.08174   -0.09469      1
  -0.05409   -0.08232   -0.04680   -0.09028      1
   0.04131   -0.08489    0.05003   -0.08228      1
   0.05132   -0.08335    0.07001   -0.09708      1
   0.05426   -0.08229    0.08067   -0.10142      1
   0.07243   -0.08436    0.08126   -0.07848      2
   0.07584   -0.08262    0.07767   -0.06564      1
   0.08884   -0.08520    0.08827   -0.08003      2
   0.09178   -0.08267    0.09305   -0.08827      7
   0.15145   -0.08540    0.13137   -0.05201      1
  -0.09479   -0.07824   -0.08474   -0.07162      8
  -0.09293   -0.08068   -0.08941   -0.08414     24
  -0.08828   -0.07868   -0.08791   -0.06577      1
  -0.05502   -0.08143   -0.04450   -0.08716      5
   0.00795   -0.08106   -0.00239   -0.10526      1
   0.01622   -0.08050    0.00720   -0.09016      2
   0.02545   -0.07827    0.03124   -0.08631      1
   0.04939   -0.08092    0.05477   -0.08029      1
   0.05263   -0.07954    0.05314   -0.07449      6
   0.05654   -0.08060    0.07489   -0.09096      6
   0.07679   -0.08093    0.06767   -0.06528      4
  -0.09860   -0.07408   -0.09885   -0.07368      1
  -0.09666   -0.07576   -0.08517   -0.07159     15
  -0.08916   -0.07618   -0.08627   -0.07633      1
  -0.06042   -0.07453   -0.04862   -0.06657      3
  -0.05748   -0.07526   -0.04793   -0.07079      1
  -0.02211   -0.07639   -0.03661   -0.09294      1
   0.00458   -0.07581   -0.01165   -0.07196      1
   0.01877   -0.07478    0.00938   -0.07445      2
   0.02512   -0.07416    0.02203   -0.07644     10
   0.02674   -0.07456    0.03332   -0.07712      4
   0.03341   -0.07445    0.03396   -0.07452      7
   0.03420   -0.07443    0.03100   -0.07273      3
   0.05361   -0.07774    0.04700   -0.07463      1
   0.05956   -0.07676    0.08307   -0.08365      1
   0.08632   -0.07456    0.10931   -0.06620      1
   0.09767   -0.07475    0.09760   -0.07622      3
  -0.20866   -0.07213   -0.20626   -0.10342      3
  -0.09909   -0.07253   -0.08976   -0.07434     10
  -0.06674   -0.07189   -0.04310   -0.07174      1
  -0.06443   -0.07373   -0.04916   -0.08280      1
  -0.06062   -0.07264   -0.04508   -0.07794     11
  -0.03585   -0.07350   -0.05282   -0.07352      2
   0.01314   -0.07056    0.01275   -0.07728     28
   0.01426   -0.07042    0.01250   -0.07798     23
   0.01977   -0.07229    0.01503   -0.07445     89
   0.02400   -0.07250    0.01604   -0.07069     48
   0.02806   -0.07148    0.02730   -0.07410     23
   0.03213   -0.07236    0.03325   -0.07525     10
   0.03604   -0.07300    0.04795   -0.07549     31
   0.03928   -0.07213    0.04687   -0.07116     12
   0.06370   -0.07288    0.07392   -0.06572      2
   0.08164   -0.07233    0.06685   -0.07663      1
   0.08421   -0.07128    0.06123   -0.05799      2
   0.08709   -0.07154    0.09060   -0.06939     27
   0.09984   -0.07294    0.09694   -0.07398      2
  -0.10371   -0.06673   -0.09875   -0.07637      4
  -0.09660   -0.06764   -0.10401   -0.05754      2
  -0.07000   -0.06961   -0.08788   -0.09524      1
  -0.06716   -0.06734   -0.04679   -0.06566      3
   0.01317   -0.06976   -0.00526   -0.07722      1
   0.01656   -0.06883    0.01454   -0.07721    118
   0.01921   -0.06897    0.01577   -0.07485     93
   0.02409   -0.06708    0.02454   -0.07064    190
   0.02752   -0.06663    0.03333   -0.07319      7
   0.03146   -0.06694    0.03616   -0.05484      1
   0.04095   -0.06968    0.04600   -0.07840      1
   0.04492   -0.06870    0.05540   -0.06140      2
   0.06873   -0.06826    0.07767   -0.06719      3
   0.08421   -0.06881    0.07134   -0.05903      4
   0.08787   -0.06918    0.09598   -0.05494     17
   0.09005   -0.06749    0.07861   -0.04912      1
   0.10219   -0.06955    0.11258   -0.07117      1
  -0.10533   -0.06394   -0.09781   -0.07505      1
  -0.06920   -0.06525   -0.04902   -0.06673      1
  -0.05402   -0.06201   -0.04974   -0.08973      1
  -0.05264   -0.06312   -0.04992   -0.07414     24
  -0.04946   -0.06532   -0.04619   -0.07627      3
  -0.02904   -0.06474   -0.00983   -0.07677      1
  -0.02325   -0.06465   -0.00982   -0.06030      7
  -0.02072   -0.06448   -0.02068   -0.06568     33
   0.01755   -0.06440    0.03166   -0.07164      6
   0.01810   -0.06443    0.02479   -0.06451      3
   0.02471   -0.06516    0.02734   -0.06774    205
   0.02692   -0.06308    0.03220   -0.06607    102
   0.04547   -0.06535    0.04998   -0.06577      9
   0.04823   -0.06485    0.04975   -0.06673      6
   0.05231   -0.06271    0.05916   -0.06609     24
   0.07118   -0.06251    0.08327   -0.06092      2
   0.08510   -0.06511    0.05583   -0.03289      1
   0.09834   -0.06401    0.11334   -0.07332      1
   0.10537   -0.06470    0.12103   -0.07800      1
  -0.05535   -0.05872   -0.05040   -0.06568      1
  -0.05221   -0.06169   -0.04970   -0.07283      2
  -0.04733   -0.05826   -0.04928   -0.06659      3
  -0.04348   -0.05868   -0.03939   -0.04916      1
  -0.04006   -0.06019   -0.04019   -0.06189      1
  -0.03798   -0.06122   -0.03765   -0.06242      1
  -0.01928   -0.06072   -0.02807   -0.06625     13
   0.02566   -0.06155    0.03790   -0.06605     42
   0.02684   -0.06075    0.03834   -0.06329    207
   0.03029   -0.06018    0.04702   -0.05270      2
   0.05239   -0.06106    0.06680   -0.06302      8
   0.05729   -0.05874    0.06678   -0.06169     10
   0.07227   -0.06088    0.09006   -0.05454      1
   0.07474   -0.05848    0.08529   -0.04621      2
   0.08942   -0.05803    0.09726    0.11925      1
   0.10647   -0.06120    0.10488   -0.05183      1
  -0.10930   -0.05652   -0.10706   -0.05677      3
  -0.05992   -0.05598   -0.04865   -0.06188      8
  -0.05546   -0.05754   -0.04030   -0.07483      2
  -0.05158   -0.05477   -0.04353   -0.06209     11
  -0.04827   -0.05736   -0.04888   -0.06904      7
  -0.04545   -0.05728   -0.04440   -0.06558      1
  -0.01838   -0.05718   -0.02961   -0.06566      3
  -0.01674   -0.05714   -0.03815   -0.06260     19
  -0.01327   -0.05443   -0.00369   -0.05114      2
   0.02919   -0.05663    0.03847   -0.06202     48
   0.03042   -0.05506    0.03624   -0.06278     25
   0.05703   -0.05645    0.07914   -0.06095      3
   0.05937   -0.05600    0.06693   -0.06272      5
   0.07746   -0.05589    0.07939   -0.05438    125
   0.07832   -0.05454    0.08417   -0.05247     22
   0.09090   -0.05722    0.11674   -0.05198      1
   0.09522   -0.05688   -0.10726   -0.00103      2
   0.09833   -0.05486    0.08930   -0.05911      1
  -0.11180   -0.05156   -0.11941   -0.06296      1
  -0.06374   -0.05081   -0.05699   -0.05881      2
  -0.06168   -0.05277   -0.05743   -0.04634      1
  -0.05316   -0.05307   -0.04461   -0.05613      7
  -0.01243   -0.05099   -0.01678   -0.06192     13
  -0.00897   -0.05207   -0.01046   -0.05550      8
   0.02985   -0.05371    0.03987   -0.05602     25
   0.03074   -0.05313    0.03786   -0.05635    118
   0.03521   -0.05136    0.03252   -0.05915      5
   0.06126   -0.05268    0.06264   -0.05344      2
   0.06410   -0.05045    0.07458   -0.05181      8
   0.07790   -0.05380    0.08135   -0.07639      1
   0.07991   -0.05219    0.08876   -0.04656    122
   0.09804   -0.05270    0.04035    0.10404      1
   0.10231   -0.05069    0.09043   -0.02173      2
   0.11087   -0.05231    0.12058   -0.05218      1
  -0.11309   -0.04840   -0.12652   -0.04958      1
  -0.08568   -0.04767   -0.07297   -0.03912      1
  -0.06646   -0.04641   -0.05326   -0.05242      7
  -0.06479   -0.04938   -0.05057   -0.05167     22
  -0.05528   -0.04769   -0.04702   -0.05333     25
  -0.01633   -0.04722   -0.00526   -0.04117      5
  -0.01367   -0.04965   -0.00989   -0.04390      1
  -0.00322   -0.04857    0.00674   -0.05241     10
   0.01888   -0.04791   -0.00058    0.03689      1
   0.03382   -0.04861    0.03687   -0.05760      8
   0.03768   -0.04653    0.03650   -0.05446     75
   0.03857   -0.04609    0.02476   -0.04798      1
   0.06460   -0.04971    0.08436   -0.05812      4
   0.06660   -0.04750    0.07978   -0.06012      1
   0.08157   -0.04957    0.08763   -0.04374     33
   0.08240   -0.04828    0.09232   -0.04790     20
   0.09298   -0.04616    0.05282   -0.02059      1
   0.10290   -0.04915    0.10809   -0.04926      9
   0.12634   -0.04953    0.04682   -0.00910      3
  -0.11385   -0.04531   -0.11366   -0.05642      1
  -0.08423   -0.04571   -0.06346   -0.05176      1
  -0.07017   -0.04211   -0.06409   -0.04339      1
  -0.06704   -0.04396   -0.05465   -0.05308     47
  -0.05670   -0.04456   -0.04503   -0.04833      9
  -0.03575   -0.04388   -0.03182   -0.03182      1
  -0.01704   -0.04421   -0.01864   -0.03765      7
  -0.00247   -0.04485    0.01360   -0.05237      2
   0.00032   -0.04317    0.00974   -0.03603      2
   0.00950   -0.04212   -0.00105    0.03778      1
   0.02117   -0.04226    0.00518    0.04569      3
   0.02273   -0.04276    0.01648    0.04953      5
   0.02729   -0.04287    0.02452    0.03877    108
   0.03207   -0.04231    0.03125    0.03880     14
   0.03766   -0.04432    0.03743   -0.05297     23
   0.03913   -0.04385    0.04013   -0.05208     65
   0.04543   -0.04338    0.05156   -0.04600     54
   0.04633   -0.04356    0.05568   -0.04699     61
   0.06747   -0.04541    0.08091   -0.04522      1
   0.08355   -0.04578    0.11245   -0.06440      1
   0.21715   -0.04333    0.23765   -0.02533      2
  -0.11675   -0.03934   -0.12516   -0.05891      5
  -0.08853   -0.03992   -0.07552   -0.04378      3
  -0.07090   -0.04058   -0.06017   -0.05223      6
  -0.06890   -0.04014   -0.06375   -0.05138     19
  -0.05809   -0.03898   -0.04274   -0.03924      5
  -0.05779   -0.03966   -0.04569   -0.04358     28
  -0.04271   -0.03886   -0.02828   -0.03265      1
  -0.03948   -0.04034   -0.02662    0.00446      2
  -0.03504   -0.04009   -0.02689   -0.03028      1
  -0.01775   -0.04007   -0.00980   -0.04022      1
  -0.00705   -0.03934   -0.00585    0.00690      2
  -0.00321   -0.03985   -0.02111    0.01564      9
  -0.00090   -0.03997    0.00128    0.02206     21
   0.00409   -0.04175    0.00740    0.04251     18
   0.00757   -0.03954    0.01241    0.03412      6
   0.01246   -0.03981    0.00213    0.05563      2
   0.01595   -0.03913    0.01537    0.03245      5
   0.02009   -0.04039    0.02270    0.03353      1
   0.02334   -0.04022    0.04510   -0.05261      1
   0.03346   -0.03957    0.03049   -0.05615      1
   0.03693   -0.04128    0.04226    0.00234      4
   0.04111   -0.04046    0.04566   -0.04555     72
   0.04355   -0.03952    0.05508   -0.03910     25
   0.04860   -0.04016    0.06117   -0.04252     87
   0.05134   -0.03937    0.05864   -0.03882     23
   0.05601   -0.03833    0.05672   -0.04312     15
   0.05956   -0.03859    0.06305   -0.04814     47
   0.06712   -0.03932    0.08478   -0.04934      1
  -0.11718   -0.03794   -0.11065   -0.05834      1
  -0.09107   -0.03759   -0.07128   -0.04385      1
  -0.07409   -0.03425   -0.05370   -0.04380      1
  -0.07118   -0.03569   -0.05806   -0.04223     23
  -0.05961   -0.03478   -0.04390   -0.03296     15
  -0.04716   -0.03428   -0.04342   -0.03529      3
  -0.04557   -0.03540   -0.03960   -0.03124      3
  -0.04162   -0.03461   -0.04287   -0.04111      1
  -0.03581   -0.03492   -0.04415   -0.04323      2
  -0.01967   -0.03637   -0.02478   -0.02611      1
  -0.01249   -0.03730   -0.09782    0.15307      2
   0.01258   -0.03522    0.02498   -0.08033      8
   0.01522   -0.03573    0.04505   -0.11710     25
   0.02015   -0.03434    0.04478   -0.03292      3
   0.03249   -0.03604    0.02446   -0.03162      2
   0.04071   -0.03670    0.05513   -0.03081      2
   0.04454   -0.03518    0.06120   -0.03420    183
   0.04819   -0.03593    0.05949   -0.03778    103
   0.05249   -0.03544    0.06019   -0.03437    324
   0.05454   -0.03493    0.06009   -0.03341    124
   0.05983   -0.03514    0.06706   -0.03613     26
   0.06397   -0.03531    0.07538   -0.03549     30
   0.06630   -0.03424    0.07726   -0.03543     24
   0.07306   -0.03613    0.09138   -0.03289      2
   0.09244   -0.03464    0.09803   -0.03587      1
   0.10370   -0.03474    0.09211    0.07784      1
   0.11774   -0.03602    0.13581   -0.02250      2
  -0.11309   -0.03104   -0.11026   -0.04657      1
  -0.07453   -0.03136   -0.06235   -0.04878      2
  -0.07312   -0.03146   -0.06122   -0.03712     10
  -0.06265   -0.03280   -0.04758   -0.03804      4
  -0.04601   -0.03008   -0.04748   -0.01690      1
  -0.04563   -0.03113   -0.04954   -0.02757      1
  -0.03889   -0.03267   -0.03778   -0.02606      1
  -0.03443   -0.03330   -0.03535   -0.04080      2
  -0.03310   -0.03152   -0.02042   -0.03073      1
  -0.02612   -0.03027   -0.01974   -0.01443      4
  -0.02435   -0.03170   -0.02154   -0.02256      4
   0.02516   -0.03106    0.04844   -0.04167      1
   0.04518   -0.03371    0.06254   -0.03445     35
   0.04731   -0.03094    0.04957    0.02720    123
   0.05152   -0.03279    0.06429   -0.03047     82
   0.05647   -0.03356    0.06155   -0.03712     67
   0.05864   -0.03237    0.06519   -0.03371    156
   0.06511   -0.03356    0.07721   -0.03230     11
   0.06750   -0.03118    0.07856   -0.03175     56
   0.09289   -0.03114    0.10751   -0.02226      1
   0.10512   -0.03070    0.06639    0.08451      2
   0.21901   -0.03078    0.20718    0.02581      1
  -0.09431   -0.02663   -0.07504   -0.04967      1
  -0.09213   -0.02698   -0.08014   -0.03892      3
  -0.07453   -0.02833   -0.07071   -0.03990      5
  -0.07398   -0.02951   -0.07164   -0.03159      1
  -0.06653   -0.02708   -0.05532   -0.02714      2
  -0.06587   -0.02837   -0.05849   -0.02628      3
  -0.05022   -0.02725   -0.04304   -0.02445      3
  -0.04856   -0.02758   -0.04604   -0.02050      1
  -0.04442   -0.02873   -0.03146   -0.02059      2
  -0.03579   -0.02718   -0.02226    0.03365      4
  -0.03025   -0.02635   -0.02207   -0.01737     12
  -0.02863   -0.02791   -0.01971   -0.01240    292
   0.02962   -0.02685    0.01393   -0.00135     91
   0.03018   -0.02622    0.01123   -0.00197     28
   0.04820   -0.02914    0.06420   -0.02460     83
   0.05079   -0.02797    0.04801    0.03295     77
   0.05504   -0.02727    0.03540    0.04441      2
   0.06924   -0.02943    0.08323   -0.02877     65
   0.07022   -0.02717    0.08399   -0.02037     60
   0.09519   -0.02614    0.12212   -0.02257      2
   0.11393   -0.02919    0.11187   -0.01852      1
   0.21794   -0.02896    0.22166   -0.04793      1
  -0.12023   -0.02496   -0.12777   -0.04625      1
  -0.07860   -0.02337   -0.07863   -0.02685      4
  -0.07566   -0.02487   -0.06400   -0.02894     10
  -0.04252   -0.02235   -0.02868    0.03670      2
  -0.03100   -0.02525   -0.01226   -0.01110     35
  -0.02144   -0.02442   -0.01553   -0.01369      1
   0.03147   -0.02456    0.01431   -0.00778    117
   0.04926   -0.02460    0.06293   -0.02192    155
   0.05306   -0.02449    0.03873    0.04318     24
   0.05446   -0.02440    0.04612    0.04516     12
   0.06979   -0.02495    0.08771   -0.01911      8
   0.07101   -0.02439    0.08673   -0.01784     74
   0.09532   -0.02556    0.11525   -0.01395      1
   0.12109   -0.02416    0.12018   -0.02511      2
  -0.07735   -0.02105   -0.05899   -0.02153      5
  -0.04415   -0.02117   -0.02714    0.03589      3
  -0.03446   -0.02027   -0.01688   -0.01198      4
  -0.01914   -0.01875   -0.02277   -0.01088     16
  -0.01782   -0.01867   -0.02557   -0.00912      4
   0.03362   -0.02161    0.01138   -0.00763     73
   0.03452   -0.02019    0.01107   -0.00477    102
   0.04537   -0.01920    0.05795   -0.01737     12
   0.04708   -0.02034    0.06530   -0.01334     83
   0.05377   -0.02013    0.03774    0.03800     29
   0.05437   -0.01908    0.04196    0.04074     32
   0.05887   -0.01969    0.08287   -0.01167      4
   0.07202   -0.01935    0.08840   -0.01363     56
   0.08018   -0.01817    0.11443   -0.01324      1
   0.09449   -0.01821    0.11022   -0.01746      1
   0.22081   -0.01971    0.25195    0.00352      1
  -0.09559   -0.01693   -0.08988   -0.02611      5
  -0.07819   -0.01501   -0.06828   -0.02312     22
  -0.07773   -0.01658   -0.07092   -0.02418      8
  -0.05536   -0.01555   -0.02201    0.04286     23
  -0.04994   -0.01416   -0.04056    0.03285      1
  -0.02038   -0.01715   -0.02154   -0.00839     10
  -0.00082   -0.01481   -0.06010   -0.07638      1
   0.00375   -0.01572    0.08168   -0.12723      1
   0.03128   -0.01599   -0.36029   -0.19644      1
   0.03618   -0.01701    0.00961   -0.00798     58
   0.04575   -0.01535    0.05567   -0.01091     51
   0.04625   -0.01501    0.05570   -0.01123     76
   0.05012   -0.01740    0.06661   -0.01091      1
   0.05531   -0.01623    0.03882    0.04047     36
   0.05957   -0.01528    0.07881   -0.00978     14
   0.07167   -0.01631    0.08688   -0.01113    131
   0.09478   -0.01588    0.10906   -0.01262      1
   0.12180   -0.01619    0.14541   -0.01042      1
   0.12215   -0.01734    0.13433   -0.01708      2
  -0.09409   -0.01215   -0.09294   -0.03783      2
  -0.07841   -0.01373   -0.07976   -0.02149      8
  -0.05723   -0.01134   -0.03604    0.03837      2
  -0.05272   -0.01140   -0.02852    0.04242      5
  -0.03868   -0.01267   -0.02316    0.00993      1
  -0.01022   -0.01012   -0.01758   -0.01404      1
   0.01271   -0.01166    0.03864   -0.00202      1
   0.03289   -0.01256   -0.03233   -0.14016      2
   0.03761   -0.01355    0.01221   -0.00279     38
   0.03857   -0.01062    0.02753   -0.00512    255
   0.04440   -0.01295    0.05339   -0.00901    388
   0.04637   -0.01356    0.05809   -0.01061     64
   0.05721   -0.01224    0.04681    0.03343     21
   0.05931   -0.01225    0.07619   -0.00216     49
   0.07351   -0.01231    0.08981   -0.00731     34
   0.07769   -0.01396    0.07904   -0.01294      1
   0.07947   -0.01202    0.09426   -0.00959      2
   0.09515   -0.01246    0.10540    0.01294      1
   0.12308   -0.01098    0.14091   -0.01035      1
  -0.09508   -0.00704   -0.09390   -0.02661      2
  -0.09393   -0.00881   -0.08663   -0.02080      1
  -0.08052   -0.00660   -0.06561   -0.00421      9
  -0.05691   -0.00713   -0.03032    0.04367      6
  -0.05229   -0.00697   -0.04390    0.03296      1
  -0.01252   -0.00957   -0.02966   -0.02195      1
  -0.00886   -0.00808   -0.02717   -0.01351      2
   0.01502   -0.00856    0.03140    0.00858      2
   0.03426   -0.00759    0.13132   -0.02221      1
   0.04054   -0.00764    0.05213   -0.00545    502
   0.05767   -0.00933    0.04196    0.04757      6
   0.05992   -0.00796    0.07469   -0.00067     31
   0.06247   -0.00621    0.07109   -0.00074     29
   0.07343   -0.00905    0.08989   -0.00327     29
   0.07492   -0.00856    0.08884   -0.00885     20
   0.08194   -0.00672    0.10839   -0.01044      1
  -0.14586   -0.00283   -0.18873    0.00989      1
  -0.14128   -0.00365   -0.14156   -0.06481      1
  -0.09530   -0.00596   -0.09308   -0.03370      1
  -0.07962   -0.00227   -0.06426   -0.00358     40
  -0.07772   -0.00444   -0.08029   -0.02363      1
  -0.06121   -0.00237   -0.01397    0.04936      1
  -0.05636   -0.00519   -0.04378    0.03515      4
  -0.04085   -0.00376   -0.03300   -0.00214      5
   0.00563   -0.00254    0.03639   -0.01670      2
   0.00721   -0.00546    0.03035   -0.01102      6
   0.01350   -0.00478    0.06674   -0.02353      7
   0.01577   -0.00401    0.02762    0.01317      9
   0.03979   -0.00507    0.03857   -0.00204    155
   0.06151   -0.00521    0.06745   -0.00519     19
   0.06497   -0.00519    0.07909    0.00090    108
   0.06767   -0.00292    0.08632    0.00106     43
   0.07369   -0.00583    0.07497   -0.01082      6
   0.07510   -0.00350    0.08457   -0.00384     89
   0.08003   -0.00419    0.07164   -0.00408      2
   0.12326   -0.00456    0.13254   -0.01195      2
  -0.08207    0.00053   -0.08073   -0.00650      5
  -0.07860    0.00160   -0.06394   -0.00139    109
  -0.07755    0.00102   -0.06465   -0.00113    108
  -0.06137   -0.00141   -0.02460    0.04705      1
  -0.04100    0.00066   -0.03958   -0.00111      1
  -0.00856    0.00039   -0.02954    0.00004     23
  -0.00563    0.00148   -0.02728    0.00324      3
   0.00723    0.00166    0.00420    0.00161      1
   0.01621   -0.00131    0.05563   -0.01091      1
   0.03642    0.00151    0.13322    0.01088      5
   0.04125    0.00029    0.05310   -0.00398    194
   0.05906   -0.00026    0.04088    0.03755      8
   0.06445   -0.00027    0.03937    0.04423     13
   0.06745    0.00055    0.08088    0.00875    254
   0.07057    0.00048    0.08407    0.00071     28
   0.07449   -0.00051    0.12019    0.00988      1
   0.11752    0.00039    0.12329    0.00065      1
  -0.13878    0.00201   -0.09619    0.00437      1
  -0.08200    0.00380   -0.06643    0.00464      1
  -0.07839    0.00234   -0.06471    0.00113     87
  -0.07780    0.00330   -0.06570    0.00314     75
  -0.07256    0.00564   -0.06248    0.00492     39
  -0.03976    0.00427   -0.03233   -0.00215      3
  -0.03647    0.00399   -0.09748    0.01093      7
  -0.01290    0.00530   -0.01606   -0.00588      1
  -0.00954    0.00317   -0.02479    0.00867     76
  -0.00301    0.00269   -0.02468    0.01489      7
  -0.00159    0.00444    0.01329    0.01415     12
   0.00375    0.00563    0.00504    0.00499      3
   0.01515    0.00364    0.00948   -0.02744      2
   0.03644    0.00371   -0.36025   -0.13112      1
   0.04136    0.00261    0.05403   -0.00650    286
   0.05944    0.00328    0.04185    0.03754     12
   0.06949    0.00411    0.08270    0.00259     59
   0.07261    0.00322    0.08718    0.00015    142
   0.07415    0.00543    0.09427    0.00643      3
   0.07939    0.00237    0.07109   -0.01139      1
  -0.08099    0.00709   -0.07447    0.00573      3
  -0.07522    0.00885   -0.06914    0.00879     19
  -0.07191    0.00767   -0.06749    0.00145    173
  -0.03936    0.00700   -0.00966    0.00214      1
  -0.03632    0.00715    0.02686   -0.07555      2
  -0.01171    0.00865   -0.01618    0.01476     12
   0.00622    0.00813    0.03687    0.00148      1
   0.01053    0.00951    0.05024   -0.02593      4
   0.03600    0.00790    0.09040    0.04276     10
   0.04084    0.00839    0.05308   -0.00516    131
   0.05935    0.00842    0.04274    0.03864      7
   0.06990    0.00737    0.08729    0.00000      5
   0.07141    0.00894    0.08366    0.00319    150
   0.07447    0.00836    0.08939    0.00212     16
   0.12287    0.00968    0.14638   -0.00961      2
  -0.07554    0.01178   -0.05713    0.01140      4
  -0.07072    0.01210   -0.07009    0.00208     45
  -0.06996    0.01240   -0.06658    0.00151      1
  -0.06428    0.01253   -0.04566    0.04513      2
  -0.04972    0.01170   -0.04494    0.01356      6
  -0.03810    0.01212   -0.02147    0.00398      7
  -0.03761    0.01356   -0.01845    0.01070     49
  -0.01105    0.01065   -0.01264    0.02210      6
  -0.00823    0.01199   -0.02068   -0.03271      1
  -0.00322    0.01394    0.00459   -0.07726      1
   0.03320    0.01277    0.15973    0.04353      2
   0.03480    0.01092    0.11699    0.03892      5
   0.04074    0.01266    0.05553   -0.00639     24
   0.05908    0.01247    0.04330    0.04057     10
   0.06971    0.01373    0.08159    0.00323     15
   0.07092    0.01219    0.08489    0.00477    347
   0.07751    0.01131    0.08741    0.00083      6
   0.12301    0.01187    0.13581   -0.00474      1
  -0.09669    0.01583   -0.08366    0.00248      1
  -0.07811    0.01515   -0.04215    0.01297      1
  -0.07428    0.01453   -0.05897    0.01397      3
  -0.07052    0.01552   -0.06445    0.00835     65
  -0.06961    0.01518   -0.06518    0.00729     56
  -0.03655    0.01621   -0.02070    0.00990    267
  -0.00844    0.01495   -0.01987    0.02207      1
   0.03231    0.01591    0.12956    0.04921      5
   0.04094    0.01652    0.05260   -0.00910     57
   0.05865    0.01621    0.04108    0.04156     12
   0.06976    0.01530    0.08278    0.00838    281
   0.07040    0.01560    0.08544    0.00765    278
   0.07617    0.01731    0.08843    0.01086      5
   0.22088    0.01792    0.24108    0.02194      1
  -0.07625    0.01878   -0.07194    0.01178      3
  -0.07058    0.01959   -0.05799    0.00852      7
  -0.06885    0.01955   -0.06232    0.01246     32
  -0.06553    0.02041   -0.06018    0.01393      6
  -0.06130    0.02159   -0.04998    0.01884      2
  -0.03511    0.01912   -0.01520    0.01189    220
  -0.03380    0.02136   -0.01723    0.01473    115
  -0.01730    0.01990   -0.00963    0.02784      3
   0.03243    0.01983    0.08681    0.07002      6
   0.03461    0.01966   -0.10464   -0.03053      2
   0.04096    0.02085    0.05429   -0.00934    145
   0.05781    0.01929    0.04582    0.03596     14
   0.06931    0.02154    0.08477    0.01198     79
   0.07040    0.02009    0.08443    0.01063     65
   0.22068    0.02129    0.25415    0.01644      1
  -0.12093    0.02355   -0.09736    0.01195      1
  -0.07148    0.02547   -0.07261    0.00492     12
  -0.06779    0.02390   -0.06088    0.01611      5
  -0.06526    0.02459   -0.05540    0.00863      6
  -0.06064    0.02230   -0.04856    0.01653      3
  -0.05253    0.02358   -0.03932    0.02856      3
  -0.03175    0.02429   -0.01786    0.02148    236
   0.02894    0.02252    0.02802    0.04288      2
   0.03027    0.02583    0.00670   -0.00263      1
   0.04086    0.02369    0.05421   -0.00873    139
   0.05677    0.02451    0.04355    0.03342      9
   0.06877    0.02296    0.08112    0.01361     88
   0.07041    0.02234    0.08526    0.01292     20
   0.07419    0.02206    0.08557    0.01187      1
   0.09130    0.02489    0.11264    0.01303      1
  -0.06702    0.02685   -0.05059    0.00686      3
  -0.06452    0.02676   -0.06348    0.01441     12
  -0.06090    0.02848   -0.06478    0.02193      1
  -0.05443    0.02689   -0.05379    0.01094      1
  -0.05244    0.02913   -0.04403    0.01684     10
  -0.03017    0.02624   -0.01871    0.02353    110
  -0.02983    0.02662   -0.01957    0.02521    155
  -0.01493    0.02830   -0.00647    0.01958      2
   0.04004    0.02743    0.05563   -0.01114    102
   0.05513    0.02908    0.04655    0.03689     17
   0.06199    0.02993    0.04979    0.02311      1
   0.06518    0.02854    0.06967    0.02014     43
   0.06654    0.02735    0.07477    0.01628     31
   0.11961    0.02704    0.10509   -0.00643      1
  -0.06292    0.03217   -0.06204   -0.00260      1
  -0.05843    0.03014   -0.07358    0.04527      1
  -0.05231    0.03072   -0.04778    0.02703      1
  -0.03489    0.03207   -0.02969    0.03012      2
  -0.03224    0.03090   -0.02456    0.02626      6
  -0.02618    0.03022   -0.00497    0.01546      4
  -0.02351    0.03234   -0.00540    0.01558     39
  -0.02157    0.03367   -0.00687    0.01407      4
   0.02135    0.03380    0.00424    0.01328      4
   0.02486    0.03132    0.01515    0.01343     14
   0.02637    0.03005    0.01289    0.02575      1
   0.03735    0.03319    0.06194   -0.01093     21
   0.03870    0.03061    0.05495   -0.01300     11
   0.05340    0.03288    0.04320    0.03609     22
   0.05447    0.03110    0.04450    0.03626     35
   0.06132    0.03311    0.06232    0.02579    220
   0.06228    0.03247    0.06335    0.02634    130
   0.06621    0.03080    0.06394    0.01838      4
   0.11860    0.03160    0.11778    0.02590      1
  -0.05605    0.03590   -0.03159    0.04354      8
  -0.03917    0.03436   -0.03474    0.03966      6
  -0.02201    0.03497    0.00871   -0.01778      1
  -0.01965    0.03482   -0.01439    0.01503     39
  -0.01673    0.03631   -0.00490    0.01314     14
  -0.01292    0.03784   -0.00067    0.02511      4
   0.01221    0.03691    0.05208    0.04545      2
   0.01616    0.03628    0.01209    0.02206      5
   0.02034    0.03436    0.06393    0.00728      2
   0.02780    0.03517    0.04031   -0.06501      1
   0.03636    0.03569    0.06661   -0.01148     28
   0.05120    0.03637    0.04673    0.03500     18
   0.05788    0.03795    0.04520    0.03713      7
   0.06048    0.03445    0.06364    0.02666    167
   0.06285    0.03511    0.06297    0.02664      6
   0.06615    0.03610    0.06214    0.02858      1
   0.11831    0.03599    0.12833    0.00965      1
  -0.06202    0.03921   -0.05510    0.03150      3
  -0.06191    0.03938   -0.06136    0.04863      5
  -0.04724    0.04019   -0.04791    0.01480      2
  -0.03968    0.04038   -0.02843    0.04378      1
  -0.03735    0.03857   -0.02453    0.03879      1
  -0.03164    0.03965   -0.04144   -0.03020      2
  -0.02724    0.03948   -0.02677   -0.03302      7
  -0.01602    0.04066   -0.02114   -0.04441      2
  -0.01157    0.03827   -0.00678    0.01768      8
  -0.00759    0.03925   -0.01122    0.01591     18
  -0.00266    0.03989   -0.00132    0.02208     51
  -0.00039    0.03996    0.00043    0.01960     12
   0.00429    0.03969    0.00297    0.01407     16
   0.00737    0.04014    0.00386    0.02581     14
   0.01155    0.03835    0.01353    0.03029     18
   0.01615    0.04032    0.02272    0.03352      4
   0.03383    0.04105    0.06668   -0.01741      9
   0.03440    0.03885    0.06085   -0.01588     57
   0.04512    0.04174    0.04250    0.03800      5
   0.04837    0.03992    0.04348    0.03641     78
   0.05042    0.03911    0.04202    0.03336      2
   0.05736    0.03854    0.05208    0.03258     49
   0.05850    0.03977    0.05168    0.03252     17
   0.06646    0.04175    0.03928    0.01307      1
  -0.21665    0.04219   -0.16284    0.10942      1
  -0.03819    0.04274   -0.02768    0.04103      1
  -0.03717    0.04397   -0.00983    0.03275      1
  -0.02841    0.04410   -0.03188   -0.03302      1
  -0.02566    0.04592   -0.03895   -0.04360      2
  -0.01524    0.04253   -0.02953   -0.05462      1
  -0.00224    0.04392    0.01207   -0.05355      1
   0.00124    0.04254    0.02301   -0.04382      1
   0.00910    0.04599   -0.00130    0.04138      1
   0.01276    0.04464    0.00629    0.04475      2
   0.01639    0.04510    0.00746    0.03060      1
   0.01909    0.04245    0.04032   -0.04840      1
   0.03155    0.04453    0.06459   -0.02499     16
   0.03750    0.04511    0.03339    0.03419      7
   0.04008    0.04414    0.04026    0.03608     18
   0.04347    0.04242    0.04153    0.04045     24
   0.04857    0.04398    0.04747    0.03947     14
   0.05324    0.04479    0.05446    0.03665     17
   0.05633    0.04413    0.04981    0.03424     67
   0.05811    0.04250    0.05596    0.03261      2
  -0.05034    0.04652   -0.03159    0.05450      1
  -0.04939    0.04769   -0.01163    0.05518     10
  -0.04047    0.04894   -0.05329    0.00873      1
  -0.03320    0.04952   -0.02346    0.04963      5
  -0.02513    0.04822   -0.03910   -0.03724      1
  -0.01106    0.04843   -0.00090   -0.03883      4
  -0.00246    0.04940   -0.00251   -0.07597      2
   0.01783    0.04732    0.02296    0.03948      9
   0.01819    0.04747    0.02494    0.03865     58
   0.02545    0.04978    0.06081   -0.02914      5
   0.02698    0.04928    0.05089    0.00248     64
   0.03132    0.04763    0.05185    0.01307     89
   0.03555    0.04643    0.04035    0.04303      8
   0.04551    0.04921    0.04611    0.04071     14
   0.04931    0.04747    0.04821    0.03657     77
   0.05081    0.04733    0.05338    0.03621     26
   0.06530    0.04974    0.05362    0.03796      1
  -0.04737    0.05197   -0.01782    0.05218      2
  -0.03831    0.05162   -0.05144    0.01642      1
  -0.03666    0.05323   -0.05025    0.02296      2
  -0.03376    0.05124   -0.02533    0.04666      1
  -0.02604    0.05202   -0.04850   -0.02937      1
  -0.02298    0.05336   -0.04172   -0.03553      3
  -0.01768    0.05378   -0.03824   -0.05342      1
  -0.00753    0.05170   -0.01566   -0.04790      5
  -0.00536    0.05251   -0.00904   -0.05720      5
   0.01175    0.05011    0.01044    0.04284      1
   0.02075    0.05318    0.04828   -0.04534     24
   0.02388    0.05174    0.05953   -0.03222    126
   0.02742    0.05219    0.04805    0.00005     18
   0.03121    0.05227    0.07515   -0.00144     26
   0.04449    0.05071    0.04868    0.03998      3
   0.04983    0.05106    0.05008    0.03287      4
   0.06500    0.05038    0.07480    0.03098      2
   0.10354    0.05135    0.08869    0.03512      1
  -0.05536    0.05561   -0.03882    0.03882      1
  -0.04047    0.05564   -0.01163    0.06100      1
  -0.03619    0.05501   -0.02081    0.04370      4
  -0.02142    0.05520   -0.03188   -0.03302      1
  -0.00655    0.05615   -0.01382   -0.04360      2
  -0.00586    0.05491   -0.02058   -0.04992      1
   0.00305    0.05588    0.01434   -0.05206      1
   0.01305    0.05797    0.02561   -0.06535      1
   0.01694    0.05647    0.04016   -0.05150     41
   0.02038    0.05518    0.05301   -0.03553     21
   0.02293    0.05487    0.04435    0.04135     21
   0.02848    0.05573    0.07269   -0.00213     28
   0.03099    0.05640    0.05086    0.04437      1
   0.03748    0.05687    0.04315    0.05200      2
   0.03859    0.05758    0.03652    0.03920     10
   0.04311    0.05484    0.04908    0.04441     12
   0.06062    0.05424    0.06995    0.04595      1
   0.07539    0.05681    0.08133    0.04810      1
   0.08111    0.05621    0.07999    0.04018      2
   0.08288    0.05401    0.07698    0.03922      1
   0.09679    0.05638    0.08768    0.03537      3
   0.10935    0.05609    0.10517    0.05195      2
  -0.04117    0.05995   -0.04627    0.04406      1
  -0.03476    0.06091   -0.02083    0.05850      1
  -0.03325    0.06007   -0.01967    0.05460      6
  -0.01742    0.06115   -0.03172   -0.03063      1
  -0.00619    0.05948   -0.03173   -0.06563      3
  -0.00595    0.05947   -0.03928   -0.06668      1
   0.00975    0.06077    0.03772   -0.05771     17
   0.01210    0.06011    0.03514   -0.05528     32
   0.01661    0.06112    0.06029   -0.03597     97
   0.01852    0.05927    0.06530   -0.03330     28
   0.02481    0.05987    0.07991   -0.00084      7
   0.02733    0.05829    0.05551    0.02576      3
   0.03325    0.06004    0.05528    0.03741     15
   0.03453    0.05908    0.05533    0.03819     16
   0.03804    0.05803    0.01787    0.04130      1
   0.05501    0.05883    0.04229    0.05715      1
   0.07689    0.05858    0.07103    0.04764      5
   0.07830    0.05961    0.07413    0.04777      3
   0.09438    0.05872    0.09356    0.04829      1
  -0.03001    0.06575   -0.04288    0.04615      1
  -0.02372    0.06446   -0.05168    0.03909      1
  -0.01951    0.06586   -0.06535    0.01282      1
   0.00515    0.06565    0.03794   -0.06500      8
   0.00821    0.06301    0.03603   -0.06297     18
   0.01283    0.06498    0.06153   -0.03734     38
   0.01563    0.06275    0.06055   -0.03327     35
   0.01965    0.06450    0.08055    0.00847     35
   0.02443    0.06460    0.05183    0.03162     18
   0.02721    0.06349    0.04887    0.03352     18
   0.03120    0.06233    0.05097    0.04947      9
   0.04216    0.06390    0.04333    0.04062      2
  -0.10290    0.06825   -0.12461    0.07114      2
  -0.10187    0.06846   -0.10270    0.04129      1
  -0.04211    0.06676   -0.02683    0.06291      1
  -0.04172    0.06703   -0.05174    0.04610      1
  -0.03003    0.06715   -0.00293    0.01272      2
  -0.02938    0.06694   -0.02336    0.05011      8
  -0.02439    0.06965   -0.03645    0.05466      1
  -0.01885    0.06617   -0.06480    0.00000      1
  -0.01553    0.06813   -0.05844    0.01263      5
  -0.00537    0.06974   -0.02965   -0.04374      3
   0.00383    0.06736    0.03689   -0.06411     22
   0.00905    0.06774    0.06696   -0.03529      8
   0.01189    0.06785    0.06559   -0.01409     19
   0.01592    0.06831    0.06627    0.02835     26
   0.01987    0.06673    0.06047    0.02616     53
   0.02901    0.06968    0.03700    0.04874      1
   0.03959    0.06860    0.04711    0.05325      1
   0.10251    0.06857    0.10938    0.06740      8
  -0.02376    0.07138   -0.02623    0.06121      3
  -0.01925    0.07089   -0.01877    0.05991     10
  -0.01514    0.07051   -0.01325    0.06735      2
  -0.01235    0.07135   -0.01057    0.06983      4
  -0.00771    0.07193   -0.03149    0.06202      6
  -0.00501    0.07182   -0.06108    0.01190      6
   0.00111    0.07076    0.02111   -0.06754     18
   0.00414    0.07162    0.08411    0.00595     27
   0.00683    0.07099    0.07765    0.00807     19
   0.01024    0.07022    0.07174    0.01291      1
   0.03105    0.07125    0.03398    0.05042      3
   0.03407    0.07089    0.03738    0.05182      1
   0.10080    0.07082    0.11701    0.07221      3
  -0.09628    0.07730   -0.08490    0.07506      4
  -0.00389    0.07422    0.04454    0.04454      1
   0.00120    0.07551    0.00550    0.06096     15
   0.00339    0.07562    0.00271    0.06474      1
   0.00839    0.07568    0.02717    0.06861      1
   0.01132    0.07569   -0.00220    0.04388      4
   0.01512    0.07540    0.00541    0.06728      1
  -0.09477    0.07915   -0.07979    0.07196      2
  -0.05825    0.07981   -0.03337    0.05869      2
  -0.05759    0.08035   -0.04648    0.09045      1
   0.06545    0.07880    0.05338   -0.02604      1
   0.09331    0.08099    0.10377    0.08071     10
   0.09475    0.07936    0.11122    0.08633      4
  -0.09239    0.08206   -0.11035    0.07930      1
   0.08944    0.08529    0.09380    0.07193     17
   0.09130    0.08331    0.10240    0.07682     21
   0.08562    0.08913    0.09287    0.06866      4
   0.08722    0.08735    0.09162    0.07012     11
  -0.08305    0.09136   -0.08550    0.07463      4
  -0.08111    0.09314   -0.06852    0.07995      3
   0.06226    0.09227   -0.01861    0.00328      1
   0.08130    0.09310    0.09279    0.07981      1
   0.08227    0.09224    0.09085    0.07227      3
  -0.07922    0.09483   -0.07125    0.07871      7
  -0.07706    0.09651   -0.05983    0.08113      8
   0.04543    0.09763    0.07898   -0.05827      2
  -0.07179    0.10065   -0.05752    0.07207     12
  -0.06996    0.10194   -0.05473    0.07369      1
   0.04270    0.09924    0.02286   -0.24642      1
   0.06978    0.10168    0.07966    0.11720      2
   0.07028    0.10135    0.06964    0.09175      5
  -0.06958    0.10220   -0.05655    0.07204      4
   0.06867    0.10243    0.06090    0.09312      6
  -0.05880    0.10875   -0.05501    0.07572      1
   0.06005    0.10787    0.05984    0.10470      2
  -0.05135    0.11247   -0.04638    0.08948      1
  -0.04676    0.11379   -0.04984    0.10085      1
   0.04975    0.11296    0.06337    0.11201      1
   0.05245    0.11172    0.05513    0.10527     22
   0.05427    0.11083    0.06265    0.10304      1
   0.03787    0.11746    0.05484    0.11343      1
   0.03916    0.11703    0.04758    0.10513      7
   0.04318    0.11561    0.04593    0.10538      6
  -0.02417    0.12128   -0.01294    0.11537      1
   0.18481    0.12130    0.24313    0.13311      1
  -0.01992    0.12205   -0.01084    0.11468      1
  -0.01119    0.12316   -0.01793    0.12925      1
  -0.00729    0.12345   -0.01379    0.11775      3
  -0.00041    0.12366   -0.01265    0.12805      2
   0.01294    0.12274    0.04378    0.10666      3
   0.01412    0.12262    0.05267    0.11346      1
   0.01867    0.12220    0.01412    0.10432      2
   0.18402    0.12384    0.17131    0.14022      3
   0.01995    0.13559    0.01434    0.05206      1
  -0.17275    0.13850   -0.11564    0.07800      1
   0.17130    0.14083    0.14193    0.22361      2
   0.16823    0.14445    0.18875    0.12000      8
  -0.16575    0.14721   -0.12458    0.12991      1
   0.16423    0.14897    0.19664    0.10942     11
   0.16624    0.14674    0.16816    0.17397      2
   0.16054    0.15294    0.18379    0.13636     16
   0.16236    0.15103    0.19724    0.12005      5
   0.15674    0.15647    0.17470    0.13981      3
   0.15892    0.15462    0.18798    0.12326      4
   0.15347    0.16003    0.19664    0.13072      3
   0.15447    0.15909    0.16502    0.12027      4
  -0.14798    0.16463   -0.12136    0.14285      4
   0.14743    0.16565    0.15833    0.16955      2
  -0.14409    0.16823   -0.11553    0.14387      3
   0.14459    0.16810    0.17185    0.18290      2
  -0.14232    0.17015   -0.10421    0.18196      1
  -0.13933    0.17218   -0.14133    0.15336      5
  -0.13526    0.17583   -0.08924    0.10486      1
  -0.13198    0.17830    0.00424    0.13492      1
   0.12598    0.18166    0.14924    0.16230      1
   0.12718    0.18089    0.09218    0.12322      1
  -0.12654    0.18221   -0.08043    0.13983      2
   0.12405    0.18301    0.13009    0.17281      8
   0.10769    0.19343    0.10799    0.17631      2
  -0.10551    0.19514   -0.12333    0.17290      1
   0.09337    0.20073    0.11593    0.19361      8
   0.09571    0.19949    0.11991    0.19779      6
  -0.08372    0.20373   -0.06943    0.19499      1
   0.08921    0.20255    0.11614    0.21751      1
   0.07020    0.20982    0.08790    0.21976      1
   0.07703    0.20744    0.09730    0.22060      6
   0.08010    0.20651    0.07409    0.19712      1
   0.06864    0.21031    0.09562    0.21245      2
   0.07027    0.21051    0.07902    0.22692      1
  -0.03575    0.21904   -0.04373    0.18940      1
  -0.01295    0.22154   -0.01662    0.22797      2
  -0.00182    0.22190   -0.02455    0.23359      1
   0.02403    0.21997    0.09390    0.21576      2
   0.03347    0.21926    0.05446    0.29102      1
