  -0.14880   -0.16457   -0.08971   -0.08846      1
   0.03832   -0.10443    0.02736   -0.07814      1
  -0.08293   -0.09172   -0.07652   -0.09087      1
   0.03532   -0.09224    0.00826   -0.10497      1
   0.03309   -0.08999    0.06606   -0.09981      1
   0.03698   -0.08824    0.04235   -0.07114      6
   0.04431   -0.08395    0.02325   -0.07802      2
   0.05175   -0.07951    0.07593   -0.06765      1
  -0.20938   -0.07345   -0.19456   -0.09785      1
  -0.00099   -0.07030    0.02720   -0.06471      1
   0.01671   -0.06850   -0.02813   -0.05424      2
   0.04766   -0.06704    0.03060   -0.03659      1
  -0.00318   -0.06559   -0.02951   -0.03632      1
   0.05123   -0.06427    0.03854   -0.05209      9
   0.05466   -0.06132    0.11364   -0.03758      1
   0.21007   -0.05861    0.25589   -0.11987      1
   0.05996   -0.05553    0.05586   -0.06823      2
   0.21050   -0.05601    0.23328   -0.08261      1
   0.05690   -0.05360    0.03809   -0.09719      1
   0.06136   -0.05392    0.07217   -0.06162      2
   0.06283   -0.05161    0.06223   -0.05505      6
   0.02997   -0.04896    0.01248   -0.05168      4
   0.05111   -0.04732    0.03336   -0.02040      2
   0.00258   -0.04447    0.03077    0.05225      3
   0.03207   -0.04505   -0.00228   -0.05215      1
  -0.11668   -0.04093   -0.24249   -0.07785      1
  -0.01095   -0.03845   -0.03744    0.01289      1
  -0.00694   -0.03938    0.06022   -0.00305      1
  -0.00549   -0.03960    0.01564    0.01490      1
   0.00176   -0.04169   -0.00392    0.07008      1
   0.00490   -0.04139   -0.00263    0.10124      4
   0.00808   -0.03982    0.04034    0.02863      4
   0.01269   -0.03971    0.00374    0.04755      1
   0.01623   -0.03879   -0.18351   -0.02271      2
   0.02442   -0.03836    0.03370    0.09308      1
   0.02705   -0.04019    0.06979   -0.01357      1
   0.21355   -0.03989   -0.35032    0.10377      1
   0.21629   -0.03833    0.22952   -0.15773      2
  -0.04371   -0.03506   -0.05149   -0.04867      4
  -0.01939   -0.03504   -0.00271   -0.01932      4
  -0.01734   -0.03603    0.00000    0.00540      1
   0.02927   -0.03677    0.02575    0.04121      1
   0.03051   -0.03582    0.03101    0.05237     11
   0.21640   -0.03439    0.17328   -0.03746      1
  -0.05541   -0.03061   -0.07378   -0.00129      1
  -0.02243   -0.03310    0.01990    0.00128      2
   0.03394   -0.03159    0.03279    0.04844      3
   0.03525   -0.03243    0.03839    0.04145      6
   0.04006   -0.03077    0.10565    0.18008      1
   0.07568   -0.03158    0.09209   -0.07645      1
   0.10893   -0.03025    0.13030   -0.01782      4
   0.11298   -0.03195   -0.31421   -0.02197      1
  -0.02765   -0.02888   -0.02482   -0.02482      1
   0.03627   -0.02856    0.04005    0.04516     15
   0.03881   -0.02671    0.04316    0.04551      8
   0.09398   -0.02900    0.12978   -0.01364      1
   0.10096   -0.02931   -0.14308    0.06462      3
   0.10254   -0.02877   -0.33753   -0.15770      2
   0.10796   -0.02847    0.13095   -0.01436      6
   0.11161   -0.02862    0.07282   -0.08448      2
   0.11483   -0.02727    0.14958   -0.05209      1
   0.11905   -0.02924    0.14437   -0.02598      3
  -0.03275   -0.02383   -0.01156    0.03743      2
   0.03091   -0.02536    0.03339    0.00740      1
   0.03497   -0.02254    0.04007    0.03883      1
   0.04050   -0.02448    0.04655    0.06501      9
   0.04318   -0.02501    0.04007    0.03883      3
   0.09601   -0.02358    0.13840   -0.01725      2
   0.11075   -0.02307    0.13483   -0.02152      4
   0.11493   -0.02407    0.17297   -0.03456      1
   0.12017   -0.02441    0.06858    0.12895      2
   0.17875   -0.02461    0.32725   -0.08952      1
  -0.03553   -0.01834   -0.01144    0.00250      5
   0.03524   -0.01910    0.04540   -0.00671     27
   0.03910   -0.01890    0.04007    0.03883      3
   0.04257   -0.01877    0.03922    0.05018     18
   0.05707   -0.01904    0.09917   -0.02253      3
   0.05881   -0.02024    0.07970    0.00264      4
   0.09691   -0.01947    0.15033   -0.02634      6
   0.10897   -0.02022   -0.10281    0.12259      2
   0.12097   -0.02086    0.14416    0.00401      4
   0.17687   -0.01949    0.18045   -0.03836      1
   0.21949   -0.02036    0.21346    0.03841      1
  -0.03666   -0.01596    0.00987    0.00512     23
  -0.00959   -0.01432    0.01587    0.01720      1
   0.03661   -0.01634    0.03308    0.01012      4
   0.04126   -0.01526    0.07599    0.11266      1
   0.04437   -0.01525    0.03858    0.04137     95
   0.04615   -0.01423    0.07563   -0.01437     11
   0.05241   -0.01550    0.07613   -0.00746     27
   0.05650   -0.01529    0.08022   -0.00754     14
   0.05845   -0.01730    0.06623   -0.00774      8
   0.09759   -0.01598    0.14425   -0.06757      1
   0.12202   -0.01427    0.13139    0.00000      1
  -0.03815   -0.01196    0.01868   -0.01299      5
  -0.03773   -0.01323   -0.00374   -0.00374      3
   0.03770   -0.01330    0.04618    0.00222     17
   0.03848   -0.01086    0.06457    0.01341      2
   0.04555   -0.01336    0.04294    0.03883     39
   0.04710   -0.01304    0.06446    0.02843     20
   0.05547   -0.01263    0.06824   -0.00453      1
   0.05936   -0.01336    0.06747    0.02990      1
   0.06341   -0.01078    0.05366   -0.00602      1
   0.09663   -0.01160    0.11832   -0.01167      8
   0.12227   -0.01137    0.13639   -0.01497      3
   0.14134   -0.01157   -0.34984    0.01283      1
  -0.03905   -0.00856   -0.03851   -0.00384      3
   0.01219   -0.00776   -0.05390   -0.01570      2
   0.03937   -0.00699    0.04091    0.00710     44
   0.04298   -0.00821    0.06995   -0.00573      2
   0.06255   -0.00668    0.11942    0.10129      2
   0.08084   -0.00662    0.09483    0.00647      4
   0.09407   -0.00937    0.12304   -0.00685      3
   0.09854   -0.00902    0.10483   -0.02594      1
  -0.04322   -0.00433   -0.00455    0.03117      1
  -0.03987   -0.00299    0.00885    0.02135      2
   0.01352   -0.00380    0.04031    0.06501      1
   0.01410   -0.00364   -0.13337   -0.29867      2
   0.03989   -0.00332    0.05306    0.00756     55
   0.06536   -0.00334    0.08009    0.00000      1
   0.08088   -0.00532    0.10614    0.00226      5
  -0.07322   -0.00173   -0.08814   -0.01302      1
  -0.03998   -0.00061    0.03854    0.01483      3
  -0.01724   -0.00151    0.03246    0.04758      1
   0.01562    0.00080    0.02323    0.00976     11
   0.02595    0.00183    0.07923   -0.01170      1
   0.02603    0.00174    0.09351   -0.00392      1
   0.03997   -0.00051    0.05058    0.02621    168
   0.04246    0.00105    0.06478    0.00746     35
   0.09877   -0.00160    0.14299   -0.00524      1
   0.11047   -0.00071    0.14423   -0.03892      1
   0.12277    0.00048    0.13890    0.01819      2
  -0.03972    0.00460   -0.02453   -0.00398      3
   0.01331    0.00432    0.02407   -0.00451      5
   0.01419    0.00375    0.03273    0.00388      3
   0.02808    0.00340    0.01634    0.00810      4
   0.03046    0.00590    0.03392    0.03848      1
   0.03631    0.00466    0.16983    0.06485      1
   0.03979    0.00394    0.04809    0.01508     78
   0.04444    0.00529    0.05370    0.01286     55
   0.06638    0.00545    0.04170    0.06520      1
   0.07087    0.00213    0.05301    0.00296      1
   0.11188    0.00229    0.13856    0.00290      1
   0.12289    0.00438    0.15696    0.01290      1
   0.22010    0.00257   -0.11523   -0.11127      1
  -0.04009    0.00781   -0.02481    0.02603      2
   0.01020    0.00999   -0.02184    0.08266      1
   0.02870    0.00757    0.03824    0.02999      1
   0.03233    0.00705    0.03824    0.02248      3
   0.03418    0.00807    0.04598    0.03316      1
   0.03911    0.00828    0.04714    0.01565     74
   0.04484    0.00629    0.06477    0.00786     10
   0.04857    0.00974    0.06823    0.03808      4
   0.06269    0.00608    0.09059   -0.00745      1
   0.06643    0.00669    0.07569    0.03974      1
   0.07199    0.00901    0.07888    0.03763     26
   0.12250    0.00764    0.14389    0.00528      1
  -0.04192    0.01300   -0.01443    0.02282      1
   0.00497    0.01359    0.04158   -0.09083      1
   0.00843    0.01165    0.00909    0.03583      2
   0.03792    0.01265    0.05301    0.02241     63
   0.03811    0.01210    0.04711    0.02013    185
   0.04333    0.01134    0.05674   -0.00061     12
   0.04756    0.01211    0.09119    0.05164      3
   0.06324    0.01220    0.03247   -0.02447      3
   0.07100    0.01049    0.08354    0.03121      2
   0.09748    0.01278    0.15866    0.07910      1
   0.12261    0.01347    0.15671    0.01564      1
  -0.04082    0.01496   -0.01164    0.03879      1
  -0.03751    0.01710   -0.00670    0.03262      3
   0.00072    0.01570   -0.00650    0.05451      1
   0.00239    0.01557   -0.01163    0.06466      1
   0.03634    0.01669    0.03145    0.01793     56
   0.04124    0.01416    0.06343   -0.00838      4
   0.04734    0.01559    0.06596    0.03060      3
   0.07074    0.01421    0.07976    0.01621      2
   0.07821    0.01674    0.10604    0.03755      1
   0.12215    0.01551    0.16204    0.05171      3
  -0.12163    0.02032   -0.10259    0.00746     11
  -0.07603    0.02059   -0.07847    0.04907      2
  -0.05359    0.02007   -0.04702    0.03917      1
  -0.03395    0.02112    0.04618    0.00756      1
   0.03554    0.01835    0.03614    0.02605     26
   0.04014    0.01847    0.04008   -0.01036      1
   0.04540    0.01959    0.07157    0.01715      2
   0.04735    0.02080    0.07029    0.02325      5
   0.06036    0.02065    0.05645    0.02391     11
   0.07166    0.01942    0.07971    0.01952      4
   0.07641    0.02163    0.05353    0.03910      2
   0.12163    0.01996    0.12082    0.01957      1
  -0.12106    0.02382   -0.10217    0.01903     16
  -0.03190    0.02408   -0.01461    0.01424      4
   0.03692    0.02461    0.02844    0.03179      4
   0.03875    0.02328    0.03066    0.03115      3
   0.04547    0.02495    0.05796    0.06982      6
   0.05912    0.02236    0.01005    0.08447      2
   0.06313    0.02372    0.06058    0.06430      2
   0.07263    0.02234    0.08425    0.03017      7
   0.07616    0.02334    0.06926    0.02250     16
   0.09593    0.02268    0.09825    0.02250      1
   0.12072    0.02526    0.12066    0.03301      3
  -0.11989    0.02875   -0.09727    0.04506     22
  -0.02879    0.02771   -0.00379    0.02125      2
   0.03686    0.02918    0.03931    0.03897     60
   0.03884    0.02843    0.03589    0.04851      4
   0.04546    0.02960    0.05446    0.03784      2
   0.04738    0.02641    0.04299    0.04954      2
   0.06000    0.02855    0.05127    0.09474      2
   0.06429    0.02671    0.13226    0.00254      1
   0.07395    0.02876    0.07115    0.05156      2
   0.07441    0.02751    0.10425    0.05665      2
   0.12011    0.02789    0.13622    0.03891      7
  -0.11893    0.03215   -0.10116    0.01872     20
   0.03569    0.03053    0.04019    0.04392     50
   0.07302    0.03004    0.07910    0.03244      1
   0.11907    0.03202    0.15106    0.03766      9
  -0.21815    0.03611   -0.22984    0.01281      5
  -0.21781    0.03688   -0.18041   -0.04238      2
  -0.11830    0.03514   -0.08781    0.03741      8
  -0.11786    0.03624   -0.09425    0.03569      4
  -0.10820    0.03603   -0.11044    0.00753      1
  -0.01939    0.03631   -0.10250    0.05450      1
   0.02811    0.03666    0.04044    0.05198     23
   0.03206    0.03483    0.04984    0.04325      8
   0.03444    0.03525    0.05338    0.01883      3
   0.06453    0.03502    0.07107    0.03284      1
   0.06679    0.03502    0.07942    0.05602      1
   0.07113    0.03591    0.10941    0.01679      2
  -0.21739    0.04107   -0.21428    0.00564      8
  -0.11626    0.04129   -0.08917    0.03886      9
  -0.05617    0.04048   -0.03690    0.00000      1
   0.00166    0.04168    0.00529    0.05645      2
   0.00450    0.04147   -0.00271    0.04420      2
   0.00615    0.04124    0.00830    0.07514      3
   0.02144    0.04192    0.04029    0.04782      7
   0.02425    0.04035    0.04007    0.04523      7
   0.02682    0.03871    0.03834    0.05190      7
   0.03198    0.03952    0.06459   -0.00520      1
   0.10293    0.03999    0.06916    0.01648      1
   0.13031    0.04014    0.10540    0.01294      1
   0.13531    0.04103    0.09080    0.06010      1
  -0.21701    0.04279   -0.18902    0.00250      3
  -0.11540    0.04401   -0.09254    0.05866     24
  -0.10100    0.04530   -0.11794   -0.00068      2
  -0.08860    0.04325   -0.07366    0.04514      1
   0.00202    0.04453    0.03073    0.06893      2
   0.01666    0.04553    0.07555    0.04721      1
   0.02127    0.04290   -0.02198    0.02501      1
   0.02208    0.04277    0.02719    0.05179      1
   0.02732    0.04512    0.06907    0.01919      4
   0.11461    0.04561    0.19863    0.06995      1
  -0.21587    0.04863   -0.20503    0.00815      6
  -0.11433    0.04669   -0.10007    0.05845      4
  -0.11316    0.04866   -0.07805    0.08294      6
  -0.10356    0.04652   -0.07631   -0.01291      1
   0.01518    0.04817    0.06877   -0.06481      1
   0.02383    0.04923    0.07612   -0.00760      7
   0.02630    0.04666    0.07717   -0.00594      1
   0.13201    0.04886    0.36001   -0.18741      1
   0.21527    0.04998    0.27399    0.11687      1
  -0.21477    0.05213   -0.16741    0.01500     13
  -0.11211    0.05172   -0.08193    0.06165     13
  -0.09832    0.05336   -0.06648    0.05231      3
  -0.01313    0.05388   -0.07242   -0.07766      1
   0.01966    0.05290    0.08425    0.06010      1
   0.02229    0.05067    0.09162   -0.00527      2
   0.05046    0.05355    0.06286    0.06812      1
  -0.21432    0.05523   -0.19432   -0.00509      1
  -0.21390    0.05580   -0.21450    0.03667      4
  -0.10923    0.05722   -0.08920    0.06461     11
  -0.09826    0.05431   -0.05175    0.05995      1
  -0.09683    0.05445   -0.06558    0.06030      1
   0.00660    0.05695    0.01576   -0.06006      1
   0.01744    0.05451    0.06473   -0.01944      2
  -0.21294    0.05929   -0.19638    0.11624      4
  -0.10785    0.06003   -0.08354    0.06737     15
  -0.07848    0.05878   -0.06332    0.02584      1
   0.00774    0.06042    0.06170   -0.04270      2
  -0.21204    0.06344   -0.17984    0.08058      5
  -0.10489    0.06388   -0.08833    0.07926      4
  -0.07090    0.06495   -0.07618    0.06461      1
  -0.03160    0.06375    0.04014    0.11657      1
  -0.02610    0.06582   -0.04004    0.09719      2
   0.00853    0.06332    0.01578    0.05258      1
   0.10441    0.06492    0.11846    0.04547      1
  -0.21066    0.06776   -0.18059    0.11683      1
  -0.20958    0.06842   -0.20965    0.10590      1
  -0.10273    0.06760   -0.08929    0.06020     11
  -0.10193    0.06895   -0.10410    0.06502      2
  -0.06861    0.06835   -0.10250    0.07781      1
   0.10211    0.06882    0.10543    0.03063      1
  -0.09943    0.07243   -0.08263    0.06755     11
  -0.09280    0.07364   -0.08868    0.06004      1
  -0.08764    0.07388   -0.07493    0.10351      1
  -0.20755    0.07680   -0.19349    0.07664     12
  -0.09839    0.07455   -0.08939    0.06752      7
  -0.09565    0.07730   -0.08798    0.06840      7
  -0.08381    0.07634   -0.07647    0.08960      2
   0.09649    0.07672    0.10754    0.04155      2
  -0.20662    0.07960   -0.18550    0.12910     10
  -0.20551    0.08044   -0.19037    0.15380      2
  -0.09504    0.07871   -0.07411    0.07484      5
  -0.09336    0.08099   -0.07424    0.07794      3
  -0.08020    0.07881   -0.04259    0.05792      2
   0.09426    0.07966    0.12894    0.06758      3
  -0.20500    0.08387   -0.20345    0.06487      5
  -0.09070    0.08335   -0.07324    0.06525      1
  -0.08969    0.08449   -0.08161    0.07478      3
   0.08911    0.08529    0.12061    0.05604     28
   0.09067    0.08361    0.13243    0.06008      9
  -0.20264    0.08897   -0.17291    0.10894      4
  -0.19901    0.08940   -0.26499   -0.04673      1
  -0.08694    0.08750   -0.08683    0.08012      2
  -0.08477    0.08975   -0.06660    0.08231      2
   0.08832    0.08611    0.11550    0.06130      4
  -0.20234    0.09030   -0.18682    0.22503      1
  -0.20097    0.09222   -0.12853    0.10365      7
  -0.08425    0.09008   -0.08566    0.13090      2
  -0.08026    0.09397   -0.07406    0.07484      1
  -0.20022    0.09503   -0.18685    0.09316      1
  -0.07913    0.09496   -0.06188    0.08476      4
  -0.07548    0.09750   -0.07861    0.08836      2
  -0.19597    0.10156   -0.08170    0.08126      2
   0.07045    0.10118    0.13116    0.03885      1
  -0.19553    0.10366   -0.17185    0.14278      9
  -0.06577    0.10429   -0.04345    0.10819      3
  -0.19405    0.10628   -0.17960    0.13097      1
  -0.19292    0.10839   -0.17564    0.11877      6
  -0.06195    0.10669   -0.05362    0.07890      1
  -0.05520    0.10952   -0.05934    0.08258      1
   0.05899    0.10846    0.09899    0.10340      4
   0.06312    0.10609    0.09986    0.06761      1
  -0.05373    0.11025   -0.03672    0.08999      1
   0.04898    0.11342    0.07749    0.10682     10
   0.05253    0.11183    0.07899    0.13493     17
   0.05466    0.11080    0.06326    0.12204      4
   0.03721    0.11786    0.04481    0.14290     12
   0.03907    0.11724    0.05338    0.13888     22
   0.04380    0.11554    0.04040    0.13651     19
   0.04724    0.11416    0.03821    0.12977      7
  -0.18631    0.12007   -0.20113    0.12814      1
  -0.18301    0.12138   -0.16416    0.07498      2
  -0.03375    0.11876   -0.02703    0.12114      2
   0.01552    0.12199   -0.00669    0.12762      1
   0.02101    0.12180    0.02325    0.14503     26
   0.02398    0.12128    0.01580    0.15290     35
   0.02798    0.12043    0.02723    0.13596     19
   0.03154    0.11954    0.02517    0.14636     20
   0.03591    0.11826    0.03549    0.14295     10
  -0.18425    0.12297   -0.17197    0.11327      3
  -0.01997    0.12205    0.00824    0.13474      1
  -0.00704    0.12324   -0.02611    0.13087      3
  -0.00483    0.12359    0.00739    0.14263      4
  -0.00153    0.12366    0.01139    0.13252      6
   0.00272    0.12364    0.00306    0.12771      3
   0.00804    0.12341    0.01881    0.14336      4
   0.01226    0.12306    0.00869    0.14302      4
   0.01688    0.12247    0.01575    0.14260      6
   0.01916    0.12209    0.02715    0.14232     11
  -0.18085    0.12862   -0.07925    0.08235      3
  -0.17644    0.13368   -0.18053    0.15583      3
  -0.17599    0.13505   -0.17906    0.15552      5
  -0.17131    0.14042   -0.19360    0.15922      3
  -0.16971    0.14235   -0.21405    0.15552      1
  -0.16525    0.14661   -0.20661    0.13623      1
  -0.15978    0.15333   -0.18059    0.11683      1
  -0.15649    0.15665   -0.16365    0.13252      1
  -0.15146    0.16122   -0.16434    0.16903      4
  -0.14320    0.16922   -0.16025    0.18424      2
  -0.14207    0.17028   -0.18417    0.14286      1
  -0.14143    0.17080   -0.17911    0.15121      2
  -0.13594    0.17456   -0.34976   -0.20767      1
   0.08843    0.20328    0.07000    0.14808      1
   0.07857    0.20727    0.07912    0.18639      1
   0.06457    0.21220    0.07528    0.16488      4
   0.06827    0.21099    0.09192    0.16909      5
   0.04151    0.21780    0.03130    0.22473      5
   0.04428    0.21742    0.07149    0.24097      9
   0.04753    0.21665    0.03357    0.25045      4
   0.05161    0.21579    0.02890    0.23338      6
   0.05611    0.21460    0.01711    0.20549      4
   0.05801    0.21408    0.05326    0.29308      1
  -0.03583    0.21902    0.03108    0.26456      1
  -0.01184    0.22156   -0.04343    0.20973      1
  -0.00600    0.22187    0.04410    0.18654      1
  -0.00263    0.22192   -0.01155    0.25001      3
   0.00459    0.22173   -0.00755    0.19377      2
   0.01277    0.22157   -0.13977   -0.03459      1
   0.01602    0.22133    0.03843   -0.03625      2
   0.02052    0.22097    0.01561    0.23541      2
   0.02381    0.22062    0.07999    0.22971      2
   0.02803    0.21999   -0.03785    0.27276      1
   0.03198    0.21960    0.04015    0.22272      6
   0.03690    0.21865    0.03107    0.20922     15
   0.03895    0.21840    0.00836    0.25018      7
