  -0.04197   -0.21552   -0.04032   -0.12410      1
   0.06795   -0.21005   -0.01535   -0.07864      2
  -0.07101   -0.20883    0.09022   -0.02810      1
   0.06913   -0.20966    0.04269   -0.06003      5
  -0.09513   -0.20034   -0.07156   -0.12495      1
   0.14413   -0.16870   -0.01904   -0.01199      1
   0.15223   -0.16148    0.09618   -0.15213      1
   0.04941   -0.13401   -0.11519    0.00020      1
   0.05569   -0.13088   -0.03994    0.14021      1
   0.06092   -0.12795    0.06846   -0.14681      1
  -0.03067   -0.11983   -0.03006   -0.10633      2
  -0.02806   -0.12028   -0.04538   -0.12523      2
  -0.02347   -0.12051   -0.03230   -0.11338      1
   0.00446   -0.11821    0.01495   -0.11512      1
  -0.03965   -0.11659   -0.03991   -0.10131      1
  -0.01206   -0.11435   -0.07272   -0.00496      1
  -0.00235   -0.11512   -0.00401   -0.09981      1
   0.00441   -0.11436    0.00808   -0.10047      1
   0.03779   -0.11728    0.03572   -0.10885      4
   0.03843   -0.11707    0.03278   -0.10640     30
  -0.05302   -0.11166   -0.05512   -0.10726      1
   0.01021   -0.11051    0.01610   -0.10769      3
   0.04895   -0.11284    0.03209   -0.09934      1
   0.05209   -0.11146    0.03121   -0.10338      1
   0.05402   -0.11052    0.05461   -0.10142      1
   0.01860   -0.10918    0.02128   -0.09760      1
   0.02562   -0.10533    0.00922   -0.11211      1
   0.19653   -0.10231    0.03265   -0.04413      1
   0.19731   -0.10140   -0.13203    0.16505      3
   0.00809   -0.09638    0.00472   -0.10870      3
   0.01104   -0.09513    0.01420   -0.09615      7
   0.01500   -0.09555    0.02529   -0.08830      7
   0.01972   -0.09549    0.01573   -0.10666      2
   0.02790   -0.09463    0.02368   -0.08775      1
   0.03051   -0.09416    0.02259   -0.09268      1
   0.08032   -0.09401    0.07618   -0.11685      1
   0.10235   -0.09767    0.08908   -0.04716      1
   0.01665   -0.09366    0.02142   -0.08778      2
   0.02915   -0.09194    0.03787   -0.07959      5
   0.03202   -0.09075    0.03096   -0.08840     17
   0.03468   -0.09057    0.03961   -0.07980      1
   0.06106   -0.09388    0.04367   -0.08683      1
   0.06318   -0.09193    0.07000   -0.07376      1
   0.03076   -0.08969    0.03747   -0.08576      9
   0.03681   -0.08853    0.03230   -0.08913     23
   0.04006   -0.08828    0.04332   -0.07899      4
   0.06551   -0.08803   -0.01950    0.04064      2
   0.06715   -0.08876    0.05677   -0.07297     11
   0.08483   -0.08998    0.09597   -0.09365      1
   0.04179   -0.08482    0.04102   -0.06774      1
   0.04251   -0.08502    0.05157   -0.08445      2
   0.04672   -0.08266    0.04846   -0.08338      4
   0.07241   -0.08481    0.06270   -0.07833      2
   0.20541   -0.08387    0.14985   -0.05130      1
  -0.01772   -0.07999   -0.01926   -0.07960      1
  -0.01351   -0.08082   -0.01554   -0.08224      1
   0.00426   -0.08192    0.01086   -0.08843      1
   0.02533   -0.07813    0.03002   -0.07810     11
   0.02619   -0.07801    0.02899   -0.07755      1
   0.04825   -0.08161    0.04558   -0.06912      1
   0.05375   -0.07832    0.04355   -0.08890      1
   0.05409   -0.08184    0.05471   -0.08142      1
   0.02571   -0.07789    0.02556   -0.08629      3
   0.02860   -0.07664    0.03337   -0.07650     42
   0.03117   -0.07494    0.03577   -0.07494     33
   0.03415   -0.07483    0.03801   -0.07758      1
   0.05619   -0.07641    0.05424   -0.08011      2
   0.11560   -0.07712   -0.07589   -0.15222      1
   0.11815   -0.07723    0.15032   -0.13160      1
  -0.20959   -0.07290    0.11338    0.00806      2
  -0.10076   -0.07089   -0.08132   -0.05485      1
  -0.03903   -0.07161    0.06332   -0.04450      1
  -0.03701   -0.07182   -0.03362   -0.06569      1
   0.03364   -0.07321    0.04305   -0.07006     17
   0.03540   -0.07241    0.04069   -0.07188     26
   0.03944   -0.07095    0.04410   -0.07218     11
  -0.00956   -0.06669   -0.00136    0.07108      3
   0.02040   -0.06664    0.03266   -0.07510      1
   0.04059   -0.06952    0.04019   -0.06756     13
   0.04459   -0.06867    0.04611   -0.06772      8
   0.04729   -0.06696    0.04831   -0.06724      1
   0.06539   -0.06862    0.07689   -0.07583      1
   0.08556   -0.06918    0.05928    0.08040      1
  -0.01678   -0.06444   -0.00756    0.06435      1
  -0.00634   -0.06541   -0.00348    0.06650      1
   0.04763   -0.06468    0.05081   -0.06818      2
   0.05077   -0.06387    0.05627   -0.06316      3
   0.07376   -0.06229    0.07253   -0.07128      1
   0.08012   -0.06292    0.17166   -0.10396      1
   0.08247   -0.06502    0.04183   -0.02716      2
   0.08714   -0.06264    0.07014    0.07113      1
  -0.05393   -0.06126   -0.07104   -0.06765      1
  -0.03569   -0.05940   -0.02074    0.06231      2
  -0.03070   -0.05953   -0.01389    0.05631      2
  -0.02883   -0.05853   -0.01216    0.06431     14
  -0.02428   -0.05967   -0.01092    0.06287     17
  -0.01806   -0.05859   -0.00961    0.06135      1
  -0.01725   -0.05867   -0.00856    0.06014      2
  -0.01183   -0.05809   -0.00704    0.05905      8
  -0.00910   -0.05817   -0.00559    0.05922      4
  -0.00461   -0.05816   -0.00085    0.05624      2
   0.01125   -0.06157   -0.00085    0.06119      1
   0.01930   -0.06135    0.00768    0.06343      1
   0.05338   -0.05909    0.05728   -0.05069      2
   0.05510   -0.05970    0.05772   -0.05289      5
   0.21338   -0.06074    0.16753   -0.06330      1
  -0.03593   -0.05561   -0.01362    0.06519      2
  -0.03220   -0.05686   -0.01329    0.06427     12
  -0.02276   -0.05584   -0.01227    0.05980     18
  -0.01843   -0.05757   -0.01010    0.06028      5
  -0.01449   -0.05767   -0.00860    0.05968      9
  -0.01290   -0.05783   -0.00765    0.05893     58
  -0.00622   -0.05747   -0.00337    0.05840      3
  -0.00396   -0.05777   -0.00211    0.05756      7
   0.00041   -0.05722    0.00049    0.05670     15
   0.00409   -0.05688    0.00304    0.05799     12
   0.00791   -0.05605    0.00480    0.05787     16
   0.01354   -0.05539    0.00877    0.05612     51
   0.01444   -0.05496    0.00940    0.05636     46
   0.02036   -0.05460    0.01296    0.05217     11
   0.02362   -0.05455    0.01575    0.05816     12
   0.03204   -0.05513    0.01578    0.06376     30
   0.04095   -0.05570    0.04133   -0.04873      1
   0.04343   -0.05574    0.04730   -0.05425      2
   0.05693   -0.05627    0.06691   -0.05343     27
   0.05830   -0.05541    0.06755   -0.05366     31
   0.10973   -0.05695    0.09173   -0.05169      5
   0.11038   -0.05565    0.09553   -0.10079      6
  -0.05493   -0.05144   -0.01315    0.07536      1
  -0.03602   -0.05346   -0.01634    0.06363      1
  -0.03085   -0.05013   -0.02547   -0.05564      1
  -0.02791   -0.05114   -0.02761   -0.05259      3
  -0.02445   -0.05110   -0.02449   -0.05407      2
   0.01482   -0.05106    0.00918   -0.04955      1
   0.01963   -0.05245    0.01465   -0.04822      3
   0.02483   -0.05375    0.01652    0.05773      9
   0.02842   -0.05266    0.01820    0.05790      7
   0.03063   -0.05179    0.01852    0.05836     44
   0.03492   -0.05021    0.01932    0.05340      3
   0.03998   -0.05288    0.04127   -0.05205      9
   0.04371   -0.05255    0.04778   -0.05142      3
   0.06017   -0.05288    0.06346   -0.05202     19
   0.07952   -0.05343    0.06702   -0.05161      1
   0.11134   -0.05328    0.03448   -0.04037      1
   0.21522   -0.05310    0.11787   -0.06006      1
  -0.04785   -0.04729   -0.02084    0.06609      1
  -0.03900   -0.04737   -0.02093    0.05761      9
  -0.03227   -0.04854   -0.03364   -0.04995      4
  -0.02332   -0.04997    0.04802    0.09673      1
  -0.02150   -0.04848   -0.02259   -0.05003      1
   0.02077   -0.04744    0.02468   -0.04435      2
   0.02505   -0.04992    0.02208   -0.04630      1
   0.03349   -0.04884    0.02153    0.05500     21
   0.03529   -0.04793    0.02239    0.05534     25
   0.03952   -0.04918    0.02225    0.06037      2
   0.04283   -0.04928    0.04496   -0.04962      4
   0.10800   -0.04658    0.10695   -0.05170      1
   0.11447   -0.04674    0.12980   -0.05350      1
  -0.04003   -0.04439   -0.02239    0.05530     65
  -0.02043   -0.04394   -0.02299   -0.04886      1
  -0.01714   -0.04308   -0.01783   -0.04326      1
   0.01625   -0.04271    0.00145   -0.03600      2
   0.03596   -0.04316    0.02508    0.05130    220
   0.03889   -0.04265    0.02552    0.05293     21
   0.04283   -0.04383    0.02434    0.05329     12
   0.04847   -0.04279    0.05040   -0.04207     11
   0.06459   -0.04356    0.06363   -0.04454     20
   0.06648   -0.04380    0.06475   -0.04640     35
  -0.11679   -0.04063    0.02851    0.09853      2
  -0.04300   -0.03862   -0.04362   -0.03873      8
  -0.04077   -0.04097   -0.02802    0.05034      8
  -0.03705   -0.04046   -0.02764    0.04788      3
  -0.01561   -0.03921   -0.02409   -0.04011      2
  -0.01149   -0.03830   -0.00028   -0.01440      1
  -0.00834   -0.03910    0.12748    0.05203      1
   0.00098   -0.03997    0.00805    0.03306     18
   0.00286   -0.03988    0.00927    0.02146     35
   0.00932   -0.03888    0.01004    0.01495     44
   0.01103   -0.03843    0.01001    0.01375     12
   0.02797   -0.04095    0.03359   -0.03572      2
   0.03744   -0.04184    0.02660    0.05066     53
   0.03932   -0.04005    0.02848    0.05070     56
   0.04288   -0.03985    0.02524    0.05111      3
   0.04988   -0.04136    0.05857   -0.03703      1
   0.05092   -0.04004    0.04749   -0.05244      2
   0.06314   -0.03916    0.06323   -0.04145     22
   0.06914   -0.03834    0.06487   -0.03882      3
   0.11658   -0.04117   -0.17229   -0.10808      1
  -0.04707   -0.03644   -0.04635   -0.03714      1
  -0.03908   -0.03617   -0.02828    0.04332      2
  -0.03766   -0.03772   -0.02475    0.04278      3
  -0.02059   -0.03427   -0.00812   -0.01653     11
  -0.01505   -0.03704   -0.00499   -0.01521     34
   0.01361   -0.03759    0.01310    0.01362      4
   0.01697   -0.03620    0.01235    0.01194     70
   0.01987   -0.03469    0.01436    0.01023     10
   0.04070   -0.03447    0.03168    0.04255     63
   0.04280   -0.03469    0.03189    0.04483     78
   0.04940   -0.03566    0.03711   -0.03490      3
   0.05263   -0.03637    0.06185   -0.02961      5
   0.06269   -0.03627    0.06277   -0.03656     24
   0.06608   -0.03504    0.06432   -0.03972      1
   0.07089   -0.03556    0.06653   -0.04539      2
   0.21858   -0.03677   -0.07385   -0.08003      1
  -0.04874   -0.03329   -0.04887   -0.03321      3
  -0.04212   -0.03217   -0.03300    0.04089      2
  -0.02607   -0.03031   -0.02213    0.02724      1
  -0.02457   -0.03154   -0.01691   -0.01204      3
  -0.02116   -0.03392   -0.00892   -0.01607      4
   0.00677   -0.03326    0.01382    0.02319      1
   0.02536   -0.03143    0.03279    0.02180      8
   0.02736   -0.03125    0.02923    0.02605     15
   0.03315   -0.03150    0.03012    0.03383     50
   0.03617   -0.03121    0.03137    0.03521     39
   0.04105   -0.03269    0.03271    0.04074    394
   0.04239   -0.03250    0.03317    0.04172    177
   0.04689   -0.03234    0.03361    0.04514      9
   0.05094   -0.03260    0.03229    0.04878      2
   0.06069   -0.03224    0.08692    0.02318      2
   0.06407   -0.03245    0.06341   -0.03027     17
   0.06990   -0.03232    0.06471   -0.03156      1
   0.07270   -0.03174    0.06667   -0.03368      5
   0.11891   -0.03385    0.13633   -0.04038      1
   0.21949   -0.03088    0.13888    0.06417      1
  -0.07251   -0.02766   -0.07561   -0.02774      2
  -0.05132   -0.02699   -0.04133    0.04265      1
  -0.04169   -0.02827   -0.03505    0.03745      5
  -0.02976   -0.02670   -0.01735    0.00138      2
   0.00158   -0.02711    0.01038    0.03947      6
   0.00358   -0.02856    0.01144    0.03697      3
   0.02855   -0.02798    0.03685    0.01962      8
   0.03065   -0.02621    0.03412    0.02010      7
   0.03617   -0.02973    0.03149    0.03012     16
   0.03937   -0.02912    0.03398    0.03346     18
   0.04295   -0.02814    0.03495    0.03782     32
   0.04689   -0.02691    0.05056    0.03907      5
   0.05151   -0.02719    0.03545    0.04425      1
   0.06527   -0.02812    0.06340   -0.02401      7
   0.06678   -0.02919    0.06508   -0.02834      5
   0.07311   -0.02937    0.06906   -0.03075      5
   0.07421   -0.02744    0.06791   -0.03520      1
   0.12019   -0.02916    0.11364   -0.04869      3
  -0.07570   -0.02455   -0.08275   -0.01054      2
  -0.07086   -0.02410   -0.07112   -0.02456      5
  -0.05524   -0.02424   -0.03487   -0.08569      2
  -0.05219   -0.02386   -0.04264    0.04004      3
  -0.04113   -0.02395   -0.03737    0.02829      3
  -0.03042   -0.02595   -0.03799    0.02884      1
   0.03202   -0.02394    0.03816    0.01604     11
   0.03919   -0.02594    0.04322   -0.02221      1
   0.04451   -0.02265    0.03819    0.03111     17
   0.04736   -0.02234    0.03877    0.03452     15
   0.05398   -0.02327    0.03621    0.04362      1
   0.06575   -0.02420    0.01418   -0.02366      4
   0.06966   -0.02497    0.04722   -0.06132      1
   0.07382   -0.02457    0.07062   -0.02766      5
   0.07402   -0.02452    0.06947   -0.02873      4
   0.22017   -0.02458    0.07159   -0.07597      1
  -0.07827   -0.02150   -0.08395   -0.02178      3
  -0.07732   -0.01848   -0.08029   -0.02363      1
  -0.07025   -0.02173   -0.07425   -0.02185      1
  -0.06879   -0.02041   -0.06957   -0.02002     10
  -0.06383   -0.01883   -0.06618   -0.01898      8
  -0.04052   -0.01943   -0.03618    0.02225      6
   0.03379   -0.02147    0.03816    0.01604     11
   0.03494   -0.02085    0.03763    0.01657    101
   0.04437   -0.02052    0.03911    0.03095     29
   0.04746   -0.02191    0.03917    0.03315     26
   0.05484   -0.01801    0.03938    0.04000      3
   0.06018   -0.02114    0.03530    0.04551      1
   0.06550   -0.02056    0.06386   -0.02186     18
   0.06668   -0.02129    0.06508   -0.02102      3
   0.12185   -0.02050    0.18324    0.04979      1
   0.22045   -0.01987    0.07859   -0.06431      4
  -0.07960   -0.01779   -0.08721   -0.01822      1
  -0.04246   -0.01513   -0.04051    0.02080      6
  -0.04185   -0.01665   -0.03787    0.01525      2
  -0.03621   -0.01695   -0.01764   -0.00769     13
   0.00088   -0.01564    0.01036    0.03833      4
   0.00335   -0.01647    0.01845    0.03195      1
   0.03632   -0.01684    0.03908    0.01181      6
   0.04082   -0.01486    0.03902    0.01498     10
   0.04466   -0.01479    0.04026    0.02005     14
   0.04712   -0.01527    0.04178    0.02675     24
   0.05483   -0.01800    0.03938    0.04078      1
   0.06297   -0.01665    0.06214   -0.02121      2
   0.06768   -0.01513    0.06654   -0.01933      1
   0.12248   -0.01596    0.04252    0.02069      2
  -0.10621   -0.01302   -0.08206   -0.02399      1
  -0.08109   -0.01124   -0.08377   -0.01249      3
  -0.04450   -0.01066   -0.04228    0.01707     58
  -0.03831   -0.01144   -0.01797   -0.00706     16
  -0.03784   -0.01290   -0.01748   -0.00670     18
   0.01043   -0.01192   -0.05452   -0.02972      1
   0.03574   -0.01238    0.12103   -0.03280      2
   0.03840   -0.01234    0.03991    0.00742      3
   0.04345   -0.01350    0.03957    0.01595     13
   0.04651   -0.01295    0.04256    0.02204     27
   0.05480   -0.01064    0.04672    0.03211      1
   0.06824   -0.01227    0.06825   -0.01643      5
   0.07211   -0.01119    0.07143   -0.01453      2
   0.07516   -0.01194    0.07498   -0.01262      2
   0.12290   -0.01101    0.11968    0.00188     11
   0.22073   -0.01242    0.06356    0.11189      1
  -0.08151   -0.00792   -0.08979   -0.00596      1
  -0.05585   -0.00689   -0.05614   -0.00818      7
  -0.05296   -0.00748   -0.05252   -0.00780      4
  -0.04651   -0.00642   -0.04174    0.01421      1
  -0.04507   -0.00854   -0.04347    0.01540     18
  -0.03920   -0.00788   -0.01891   -0.00632     15
   0.01156   -0.00868    0.06344    0.06126      3
   0.03932   -0.00721    0.04188   -0.00035      3
   0.04658   -0.00646    0.04829   -0.01088      1
   0.05612   -0.00979    0.04641    0.03561      1
   0.06993   -0.00947    0.06949   -0.01502      1
   0.07180   -0.00661    0.06973   -0.00891    111
   0.12318   -0.00842    0.12869   -0.00090      3
  -0.08205   -0.00272   -0.08369    0.00088      1
  -0.06009   -0.00599   -0.05007    0.03969      1
  -0.05623   -0.00600   -0.05708   -0.00772      1
  -0.04612   -0.00394   -0.04305    0.01248      3
  -0.04590   -0.00507   -0.12709    0.09301      3
  -0.03977   -0.00416   -0.03748   -0.00726     25
  -0.01448   -0.00367   -0.08211   -0.03712      2
   0.01400   -0.00391    0.10860    0.00797      1
   0.04018   -0.00310    0.04133   -0.00174     22
   0.04549   -0.00350    0.04947   -0.00544     18
   0.04732   -0.00259    0.05026   -0.00414     17
   0.05113   -0.00564    0.04757    0.02148      1
   0.06981   -0.00506    0.06802   -0.00715     48
   0.07025   -0.00517    0.06885   -0.00727    225
   0.07491   -0.00305    0.05617   -0.01632      3
   0.12337   -0.00258    0.11762   -0.00802      5
   0.22120   -0.00456   -0.17205    0.16384      1
  -0.22155   -0.00159   -0.13562   -0.15992      1
  -0.12352   -0.00088   -0.11783   -0.00391      1
  -0.08196   -0.00021   -0.09970    0.00627      1
  -0.05672    0.00055   -0.05578   -0.00117      4
  -0.04834    0.00014   -0.04794    0.00460      4
  -0.04414    0.00134   -0.04317    0.00442      5
  -0.04121   -0.00086   -0.03858   -0.00308     19
  -0.01565   -0.00038   -0.09141    0.06102      4
   0.00924    0.00110    0.04127    0.00318      1
   0.01530    0.00064    0.02983   -0.02145      6
   0.04157   -0.00089    0.04224   -0.00231     79
   0.04383    0.00123    0.04398   -0.00346    119
   0.04897   -0.00024    0.04935   -0.00373    150
   0.05142    0.00021    0.05128   -0.00224     56
   0.06365    0.00153    0.06462   -0.00279     12
   0.06948    0.00100    0.06839   -0.00107      6
   0.07227   -0.00099    0.07015   -0.00236     60
   0.07420    0.00013    0.07188   -0.00140      5
  -0.08131    0.00549   -0.08392    0.00748      4
  -0.05587    0.00392   -0.05662    0.00227      2
  -0.05029    0.00319   -0.05218    0.00109      1
  -0.04691    0.00350   -0.04767    0.00213     10
  -0.04529    0.00224   -0.04455    0.00502      9
  -0.03993    0.00300   -0.04519   -0.01998      2
   0.00889    0.00411    0.03401    0.00969     11
   0.01508    0.00576   -0.03410   -0.05944      2
   0.04059    0.00426    0.04446   -0.01933      2
   0.04516    0.00219    0.04842   -0.00381     44
   0.04655    0.00317    0.04793   -0.00359     25
   0.05248    0.00248    0.05130   -0.00018     17
   0.05502    0.00568    0.05743    0.00432      1
   0.06125    0.00526    0.05930    0.00295      7
   0.06253    0.00284    0.06289    0.00224     82
   0.06793    0.00461    0.06745    0.00259     22
   0.07179    0.00410    0.07198    0.00115     11
   0.08167    0.00355    0.04774   -0.07945      1
  -0.12346    0.00684   -0.10347   -0.00235      1
  -0.08129    0.00757   -0.08156    0.00567      5
  -0.05228    0.00868   -0.05100    0.01112     19
  -0.04733    0.00646   -0.04766   -0.00216     10
  -0.04546    0.00926   -0.04336    0.01202      4
  -0.03889    0.00928   -0.01382   -0.01775      3
   0.00993    0.01000    0.08367    0.07247      1
   0.01271    0.00664    0.07986   -0.02503      1
   0.03877    0.00976    0.04020    0.00987      3
   0.04527    0.00773    0.04938   -0.00438     27
   0.04752    0.00865    0.04936   -0.00363     77
   0.05066    0.00847    0.05264    0.00092     10
   0.05613    0.00814    0.05652    0.00445      5
   0.05912    0.00841    0.05652    0.00561      3
   0.06468    0.00800    0.06406    0.00547     12
   0.06808    0.00785    0.04446    0.05078      1
   0.07153    0.00797    0.07095    0.00459      7
   0.08128    0.00958    0.12393    0.00801      1
  -0.22153    0.01227   -0.11871    0.00435      1
  -0.08109    0.01389   -0.08281    0.01730      1
  -0.05333    0.01034   -0.05646    0.00477     13
  -0.04840    0.01121   -0.05008    0.01158      4
  -0.04429    0.01234   -0.04291    0.01520      7
  -0.03829    0.01152   -0.00983   -0.01258      8
  -0.03782    0.01295   -0.01189   -0.01583     13
  -0.00912    0.01035   -0.10396    0.17166      1
   0.00422    0.01388    0.00302    0.02270      2
   0.00781    0.01372    0.01111    0.03612      4
   0.01155    0.01155    0.02092    0.00490      2
   0.03329    0.01371    0.14932    0.15355      1
   0.03776    0.01314    0.03834    0.01231     15
   0.03847    0.01089    0.03889    0.01157     13
   0.04537    0.01233    0.05042   -0.00668     15
   0.04820    0.01136    0.05035   -0.00343    100
   0.05078    0.01328    0.05129   -0.00018     19
   0.05546    0.01302    0.05603    0.01115     36
   0.06185    0.01248    0.06429    0.01111      2
   0.06392    0.01029    0.06510    0.00812      5
   0.06940    0.01311    0.06917    0.01210      3
   0.07042    0.01172    0.06732    0.00914      4
  -0.12275    0.01483   -0.09938    0.01681      1
  -0.04898    0.01508   -0.05209   -0.00337      1
  -0.04312    0.01543   -0.04186    0.01690     57
  -0.04115    0.01783   -0.03761    0.02470      1
   0.00430    0.01485    0.01014    0.03654     30
   0.03696    0.01611    0.03778    0.01615     74
   0.04068    0.01622    0.03925    0.01581     28
   0.04935    0.01462    0.05078   -0.00239      6
   0.05036    0.01502    0.05219   -0.00036     29
   0.05685    0.01572    0.05582    0.01786    193
   0.06105    0.01506    0.06111    0.01153      7
   0.06370    0.01470    0.06343    0.01222     10
   0.06858    0.01590    0.06629    0.01573      6
   0.07104    0.01603    0.07617    0.01362      2
   0.12238    0.01537    0.06990   -0.10482      1
  -0.05272    0.01834   -0.05665    0.00228      1
  -0.04053    0.01937   -0.03789    0.02232      8
  -0.03377    0.02141   -0.00792   -0.01616      3
   0.03382    0.02132    0.00534    0.00335      2
   0.03715    0.01862    0.03722    0.01808     50
   0.04176    0.01928    0.04037    0.01985      4
   0.04298    0.02036    0.04095    0.02073     24
   0.05437    0.02009    0.05653    0.00702      6
   0.05882    0.02035    0.06011    0.01705     47
   0.06832    0.01888    0.06815    0.01657      8
   0.12181    0.01908    0.11916    0.02539      6
  -0.05167    0.02347   -0.05759   -0.00040      1
  -0.03880    0.02249   -0.03715    0.02376      2
  -0.03682    0.02428   -0.04384    0.01983      2
  -0.03096    0.02530   -0.00768   -0.01537      7
   0.00571    0.02480    0.00988    0.03880      4
   0.00763    0.02562    0.00746    0.02871      2
   0.01348    0.02266    0.01111    0.03613      3
   0.01539    0.02502    0.01216    0.02004      3
   0.03218    0.02372    0.03310    0.02002     24
   0.04153    0.02546    0.03976    0.02775      5
   0.04344    0.02363    0.04239    0.02581     53
   0.05219    0.02200    0.05667    0.00158      1
   0.05569    0.02346    0.05954    0.00856      4
   0.05925    0.02209    0.05864    0.02042      5
   0.06562    0.02493    0.05031    0.01961      1
   0.06855    0.02369    0.07096    0.02333      5
  -0.22024    0.02661   -0.04632    0.01985      1
  -0.05063    0.02773   -0.05938   -0.00114      1
  -0.04838    0.02927   -0.05612   -0.00809      5
  -0.03767    0.02912   -0.03544    0.02910      3
  -0.02847    0.02807   -0.00429   -0.01497     59
   0.00584    0.02619    0.01028    0.03900      4
   0.00621    0.02640    0.01062    0.03730     12
   0.01702    0.02819    0.01414    0.02350      4
   0.01830    0.02961    0.01424    0.02254      6
   0.02300    0.02772    0.05880    0.11951      1
   0.02772    0.02882    0.01234    0.01215    201
   0.03216    0.02666    0.06825    0.01728      2
   0.03459    0.02911    0.04473   -0.02221      2
   0.04011    0.02815    0.03981    0.03043     32
   0.04230    0.02685    0.05660    0.02991      2
   0.05178    0.02868    0.05939   -0.00104      1
   0.05788    0.02774    0.06311    0.01280      5
   0.06012    0.02631    0.05819    0.01524      3
   0.06407    0.02746    0.04616    0.03146      2
   0.06759    0.02833    0.06309    0.03022     34
   0.07232    0.02866    0.02313    0.07291      1
   0.21936    0.02756    0.10527   -0.05504      1
  -0.09418    0.03022   -0.11269    0.02789      1
  -0.04855    0.03141   -0.05610   -0.00818      1
  -0.02612    0.03027   -0.00258   -0.01508      1
  -0.02552    0.03078   -0.00309   -0.01590      1
  -0.02153    0.03369   -0.00500   -0.05286      1
   0.02126    0.03385    0.00983    0.01506    103
   0.02396    0.03201    0.01099    0.01457     62
   0.02874    0.03051    0.02988    0.02961     34
   0.03218    0.03315    0.03168    0.03065     31
   0.03761    0.03374    0.04992   -0.02058      5
   0.04002    0.03241    0.03861    0.03228     37
   0.05259    0.03214    0.06030    0.00206      7
   0.05596    0.03257    0.06354    0.01270      1
   0.06051    0.03099    0.06101    0.02989      2
   0.06491    0.03266    0.06093    0.03105      2
   0.06672    0.03276    0.06402    0.02350      2
   0.08884    0.03233    0.09429    0.03294      2
   0.21859    0.03286    0.08142    0.05471      1
  -0.11791    0.03713   -0.10487    0.04979      1
  -0.03541    0.03592   -0.03464    0.03789      4
  -0.02059    0.03427   -0.00231   -0.01512      1
   0.01302    0.03780    0.01004    0.03587     44
   0.01538    0.03691    0.00919    0.02420     25
   0.02057    0.03428    0.01015    0.01508    128
   0.03135    0.03432    0.03137    0.03532     51
   0.03594    0.03619    0.03544    0.03536     30
   0.03980    0.03420    0.03994    0.03634      1
   0.04608    0.03524    0.04305    0.03549      1
   0.05118    0.03603    0.06209    0.00180     48
   0.05473    0.03607    0.06360    0.01236      3
   0.06003    0.03753    0.06075    0.03694      1
   0.06355    0.03497    0.06309    0.03204      3
   0.11792    0.03569    0.09828    0.03519      1
   0.21821    0.03491    0.12279    0.05668      2
  -0.10456    0.03982   -0.08486    0.04157      1
  -0.04349    0.04054   -0.04094    0.04051      1
  -0.03923    0.04191   -0.04282    0.03986      6
  -0.03437    0.03909   -0.03455    0.03897     12
  -0.00858    0.03904   -0.01960    0.10894      1
   0.00445    0.03973    0.00845    0.03401     31
   0.00929    0.03889    0.00911    0.03764    285
   0.01115    0.03839    0.00941    0.03586    250
   0.03291    0.04105    0.03271    0.04085    235
   0.03434    0.03938    0.03394    0.04006     38
   0.04144    0.04147    0.03673    0.04120      3
   0.04256    0.03899    0.03963    0.04054      2
   0.05175    0.03888    0.06336    0.00427      8
   0.05640    0.04051    0.05168    0.04200      1
   0.05949    0.04023    0.06257    0.03539      4
   0.06815    0.03906    0.01788    0.07623      1
  -0.03735    0.04597   -0.05372   -0.02737      1
  -0.03288    0.04308   -0.03173    0.04313      2
  -0.02893    0.04505   -0.02603    0.04607      3
  -0.01656    0.04496   -0.02087   -0.04636      2
   0.01460    0.04358    0.02041   -0.03807      4
   0.02069    0.04337    0.02917   -0.03774      1
   0.03262    0.04331    0.03306    0.04355    105
   0.03486    0.04389    0.03585    0.04507      5
   0.04880    0.04287    0.06480   -0.00012      9
   0.05241    0.04336    0.05813    0.02494      2
   0.05491    0.04345    0.05159    0.05620      2
   0.06563    0.04352    0.01956    0.07674      1
   0.11467    0.04559    0.15857    0.12300      1
  -0.03847    0.04719   -0.05270   -0.02324      1
  -0.02891    0.04988   -0.04259   -0.03742      7
  -0.01763    0.04811   -0.02300   -0.04918      4
   0.02552    0.04978    0.02592    0.05077     37
   0.02701    0.04903    0.02818    0.05071     53
   0.03062    0.04746    0.03067    0.04771     14
   0.04673    0.04960    0.06740    0.00328     10
   0.05074    0.04758    0.06830    0.01620      4
   0.06386    0.04626    0.01558    0.08406      1
   0.11438    0.04630    0.12999    0.03959      2
  -0.10636    0.05041   -0.10968    0.03521      1
  -0.03804    0.05270   -0.06312   -0.02124      1
  -0.03126    0.05060   -0.04762   -0.03550      1
  -0.02889    0.05001   -0.04543   -0.03826      1
  -0.02570    0.05342   -0.02671    0.05405      1
   0.00931    0.05222    0.00894   -0.04868      1
   0.01237    0.05270    0.01287   -0.04872      1
   0.02471    0.05063    0.02517    0.05155     98
   0.02614    0.05024    0.02592    0.05065     13
   0.03325    0.05029    0.03264    0.04745      2
   0.04469    0.05160    0.06746   -0.00012      4
   0.04866    0.05152    0.06865    0.01449      8
  -0.10828    0.05787   -0.10067    0.05549      3
  -0.03674    0.05568   -0.06556   -0.02153      3
  -0.02456    0.05449   -0.02262    0.05551     38
  -0.01823    0.05584   -0.02836   -0.05116      1
  -0.01568    0.05529   -0.01976   -0.05198      4
  -0.00477    0.05789   -0.00442    0.05743      1
   0.00050    0.05727    0.00049    0.05669     11
   0.00503    0.05635    0.00551    0.05717     18
   0.00878    0.05610    0.00894    0.05609     40
   0.01316    0.05694    0.01135    0.04984      8
   0.01659    0.05744    0.01753    0.05781     29
   0.02078    0.05607    0.02032    0.05560     17
   0.02498    0.05498    0.02508    0.05306     12
   0.02965    0.05669    0.06003   -0.03085      1
   0.03257    0.05668    0.05680   -0.03728      2
   0.03717    0.05780    0.06732   -0.01641      2
   0.03934    0.05773    0.06801   -0.00729     11
   0.04298    0.05475    0.06929    0.00073      5
   0.04715    0.05619    0.06325    0.03022     29
   0.10902    0.05774    0.09934    0.04774      4
  -0.10815    0.05811   -0.10050    0.05650      4
  -0.01736    0.06095   -0.00418    0.06466      1
  -0.01252    0.05899   -0.01143    0.05911     12
  -0.00807    0.05897   -0.00785    0.05960     17
  -0.00464    0.05856   -0.00370    0.05906     14
   0.01606    0.06167    0.01589    0.06370     10
   0.01847    0.05805    0.01940    0.05851      2
   0.02520    0.05956    0.04601   -0.03895      2
   0.03380    0.05990    0.06397   -0.02170      6
   0.03739    0.05965    0.06708   -0.01024     10
   0.03829    0.05903    0.06809   -0.00703     50
   0.04212    0.05886    0.08560    0.04658      2
   0.10700    0.06106    0.09222    0.03068      1
  -0.01472    0.06365   -0.01347    0.06444      9
  -0.01205    0.06391   -0.01055    0.06278      9
   0.01645    0.06308    0.02655    0.00655      2
   0.02062    0.06201    0.04699   -0.05093      1
   0.02837    0.06465    0.06421   -0.02597      2
   0.03359    0.06377    0.07018   -0.01013     27
   0.03499    0.06296    0.06891   -0.00791     70
   0.03819    0.06233    0.08743    0.01715      1
   0.10521    0.06422    0.09998    0.05179     13
   0.21126    0.06394    0.15100   -0.03793      1
  -0.21156    0.06662   -0.11701    0.07426      1
  -0.02729    0.06725   -0.07225   -0.01895      1
  -0.00363    0.06727   -0.00453    0.06644      1
   0.02387    0.06748    0.06369   -0.03167      9
   0.02870    0.06758    0.07170   -0.01316      1
   0.03155    0.06645    0.07250   -0.00578      4
  -0.09939    0.07200   -0.08227    0.05977      1
  -0.01951    0.07279   -0.07352   -0.02417      1
   0.01590    0.07385    0.06424   -0.03718      2
   0.01996    0.07087    0.06314   -0.03959      6
   0.02400    0.07013    0.06664   -0.02204      1
  -0.09838    0.07408   -0.10385    0.07601      1
   0.00973    0.07703    0.06348   -0.04428      1
   0.01098    0.07706    0.06797   -0.03448      2
   0.01542    0.07517    0.06231    0.00178      3
  -0.09344    0.07944   -0.06723    0.00473      4
   0.00527    0.08124    0.00685    0.08702      2
   0.01028    0.07933    0.00758    0.07657      2
   0.07847    0.07850    0.06879    0.09574      1
  -0.08984    0.08499   -0.10890    0.10226      1
   0.08888    0.08503    0.06804    0.06845      9
   0.20523    0.08258    0.15756    0.04133      1
   0.08506    0.08885    0.07636    0.07636      1
   0.08765    0.08631    0.05152   -0.04764      2
  -0.07912    0.09376   -0.06504    0.08374      3
   0.08001    0.09309    0.06858    0.07751      1
  -0.07877    0.09407   -0.06280    0.10595      3
  -0.07662    0.09580   -0.08346    0.08017      2
  -0.00872    0.09493   -0.00911    0.08402      3
  -0.00702    0.09872   -0.01138    0.10830      1
   0.06358    0.10581    0.05407    0.09189     13
  -0.00894    0.10965   -0.02022    0.09046      1
   0.06137    0.10711    0.04650    0.09593     13
   0.06327    0.10600    0.06298    0.12780      5
  -0.05098    0.11255   -0.06312    0.10381      1
  -0.04884    0.11317   -0.06283    0.09601      2
  -0.01144    0.11055   -0.02270    0.11568      1
  -0.00823    0.11070   -0.04405    0.10741      1
  -0.00407    0.11220   -0.01521    0.10055      1
   0.05378    0.11107    0.03266    0.10303      8
   0.05408    0.11093    0.04455    0.09454      8
   0.18952    0.11343    0.01991   -0.13988      1
  -0.04387    0.11488   -0.03779    0.11956      2
  -0.04050    0.11614   -0.03278    0.11841      2
  -0.03564    0.11775   -0.02867    0.11249      1
  -0.00671    0.11783   -0.01615    0.10314      1
  -0.02708    0.11998   -0.03180    0.11165      1
  -0.02235    0.12094   -0.07189    0.17186      1
  -0.01958    0.12141   -0.05301    0.10227      1
  -0.01671    0.12182   -0.02378    0.12464      1
  -0.00596    0.11808   -0.01016    0.10751      1
   0.02757    0.12004    0.02019    0.12025      2
   0.03121    0.11955    0.06799    0.11138      1
  -0.01452    0.12210   -0.02558    0.12183      2
  -0.01223    0.12233   -0.02206    0.11007      3
  -0.00684    0.12266   -0.14019   -0.17250      1
   0.00052    0.12269   -0.01360    0.11463      2
   0.01156    0.12302   -0.00153    0.04596      2
   0.01957    0.12206    0.01225    0.11092      1
  -0.17774    0.12876   -0.16040    0.13082      1
   0.15946    0.15185   -0.03771    0.08338      2
   0.15665    0.15480    0.11190   -0.01832      1
   0.11367    0.18993    0.14850    0.13897      3
   0.11425    0.18958    0.03533    0.11570      4
   0.10957    0.19233    0.10808    0.16953      3
   0.11209    0.19086    0.09866    0.13681      8
  -0.09146    0.20190   -0.14392    0.15984      1
   0.09660    0.19906    0.09794    0.14044      4
  -0.08928    0.20290   -0.10531    0.16659      1
  -0.02530    0.21863    0.02396    0.14016      1
  -0.01223    0.21946   -0.13040    0.07651      1
   0.01882    0.22088    0.14728    0.11842      1
