   0.16745   -0.14567    0.13051   -0.11186      1
  -0.18119   -0.12814   -0.19538   -0.03200      1
  -0.00652   -0.12349   -0.01793   -0.14196      1
   0.01615   -0.12263    0.02880   -0.15240      3
   0.01999   -0.12205    0.02649   -0.11118      1
   0.06627   -0.12421    0.16269    0.08111      1
  -0.02885   -0.12018   -0.05656   -0.12947      1
   0.02119   -0.12184    0.02996   -0.12962      2
   0.02309   -0.12150    0.01763   -0.13229     29
   0.02843   -0.12036    0.02396   -0.12218     17
   0.03143   -0.11955    0.02512   -0.12898     11
   0.03407   -0.11867    0.02561   -0.12703      1
   0.08641   -0.11841    0.23570   -0.24153      1
   0.03757   -0.11758    0.02987   -0.13256      1
   0.04098   -0.11655    0.04945   -0.13810      1
   0.04300   -0.11587    0.04612   -0.12117      7
   0.04678   -0.11429    0.04948   -0.13988      2
  -0.05092   -0.11266   -0.06391   -0.09475      1
   0.04860   -0.11354    0.04923   -0.13275     14
   0.05396   -0.11073    0.04446   -0.12841      1
   0.05424   -0.11018    0.05667   -0.12153      1
   0.05656   -0.10954    0.04451   -0.13341      2
   0.05958   -0.10766    0.04908   -0.10719      3
   0.19354   -0.10759    0.12966   -0.19369      1
   0.06411   -0.10449    0.04149   -0.09752      9
   0.06121   -0.10002    0.04166   -0.09906     14
   0.06292   -0.09940    0.05229   -0.10245      6
   0.09892   -0.10140    0.04317   -0.02934      1
   0.06049   -0.09753    0.04391   -0.09884      4
   0.06219   -0.09617    0.05346   -0.11209      1
   0.06798   -0.09541    0.05136   -0.12775      1
   0.07630   -0.09596    0.10021   -0.08498      1
   0.10358   -0.09595    0.05449   -0.01198      1
   0.06344   -0.09074    0.11461   -0.07301      1
   0.10660   -0.09143    0.00993   -0.01280      1
   0.04163   -0.08843    0.02659   -0.10183      4
   0.04284   -0.08780    0.02734   -0.10050      5
   0.04548   -0.08561    0.03141   -0.11643      1
   0.04901   -0.08241    0.03219   -0.06790      2
   0.20459   -0.08571    0.12240    0.05475      1
   0.04962   -0.08099    0.03636   -0.07964      2
   0.09331   -0.08117    0.08994   -0.09578      1
   0.11139   -0.07957    0.02688   -0.04889      1
   0.05539   -0.07721    0.04366   -0.07991      8
   0.07977   -0.07719    0.00529   -0.02647      1
  -0.10097   -0.07141   -0.14365   -0.09763      1
   0.03734   -0.07006    0.02675   -0.06944      3
   0.00526   -0.06720    0.01129   -0.06472      1
   0.00943   -0.06637    0.00455   -0.09024      4
   0.01535   -0.06795    0.00445   -0.08565     14
   0.01969   -0.06844    0.00908   -0.08037      3
   0.02670   -0.06699    0.03137   -0.04437      2
   0.03485   -0.06768    0.01794   -0.07251      7
   0.03871   -0.06849    0.03582   -0.06117      2
   0.04243   -0.06952    0.02495   -0.07243      4
   0.08670   -0.06667    0.00897   -0.02451      1
   0.04047   -0.06224    0.05217   -0.05594      1
   0.05234   -0.06264    0.04745   -0.08044     34
   0.00319   -0.06004   -0.00540   -0.07966     12
   0.00632   -0.05980   -0.01188   -0.07911      6
   0.02188   -0.06120    0.00400    0.04572      1
   0.04364   -0.05960    0.02733   -0.07871      4
   0.05330   -0.06181    0.05132   -0.07403     12
   0.05443   -0.05971    0.04083   -0.07550     19
   0.10792   -0.05999    0.09733   -0.06491      1
  -0.03374   -0.05484   -0.01187   -0.22647      1
   0.00615   -0.05621   -0.00743   -0.07071      1
   0.03523   -0.05461   -0.00134    0.04047      1
   0.04717   -0.05409    0.02342   -0.08222      1
   0.05615   -0.05749    0.04639   -0.07303     27
   0.05829   -0.05424    0.04907   -0.06131     10
   0.10995   -0.05465    0.09079   -0.07378      1
  -0.04021   -0.05030    0.00656    0.05269      1
  -0.03701   -0.05284    0.00534    0.06638      1
   0.00573   -0.05275   -0.00710   -0.04807      1
   0.00865   -0.05173   -0.00304   -0.06544      6
   0.01111   -0.05074   -0.00103   -0.06452      6
   0.04722   -0.05387    0.02494   -0.07264      2
   0.05981   -0.05195    0.05254   -0.05715    184
   0.06230   -0.05022    0.05563   -0.06007      2
   0.08169   -0.05356    0.08213   -0.05687      1
   0.11143   -0.05334    0.11452   -0.04055      1
  -0.03606   -0.04901   -0.03959   -0.08082      1
   0.01342   -0.04915    0.00247   -0.06194      3
   0.01635   -0.04621    0.00888   -0.05730     21
   0.05069   -0.04715    0.05375   -0.04789      1
   0.06095   -0.04883    0.05582   -0.05245     95
   0.06246   -0.04775    0.05236   -0.05227     11
   0.08632   -0.04681    0.04969   -0.05697      1
   0.11402   -0.04777    0.10115   -0.07512      1
   0.12799   -0.04793    0.02431   -0.08102      1
   0.00169   -0.04310   -0.00132   -0.06298      1
   0.01655   -0.04424    0.00889   -0.05058      7
   0.04484   -0.04305    0.03965   -0.04554      9
   0.04752   -0.04379    0.04439   -0.04877      6
   0.05269   -0.04557    0.04953   -0.04717      5
   0.05559   -0.04276    0.04741   -0.04284     11
   0.06118   -0.04371    0.05240   -0.04380     46
   0.06230   -0.04437    0.05248   -0.04580     35
  -0.01629   -0.04096   -0.02058    0.02842      2
  -0.01266   -0.04040    0.00082    0.03056     22
  -0.00714   -0.03934   -0.02331   -0.00200      7
  -0.00408   -0.03981   -0.00438    0.01278     10
  -0.00070   -0.03997   -0.00079   -0.01620     11
   0.00217   -0.03992    0.00310    0.04128      1
   0.01214   -0.03828    0.01867    0.00894      1
   0.01794   -0.03819    0.01904   -0.04666      3
   0.01883   -0.04025    0.02083   -0.04446      6
   0.03061   -0.03911    0.02262   -0.04402      1
   0.04160   -0.04075    0.03790   -0.04324     49
   0.04235   -0.04075    0.03979   -0.04541     24
   0.04678   -0.03873    0.04630   -0.05035      7
   0.05202   -0.03993    0.04930   -0.04188     19
   0.05606   -0.03938    0.04574   -0.04160      6
   0.06032   -0.04044    0.05002   -0.03974     23
   0.06237   -0.04067    0.04895   -0.03936      4
   0.06718   -0.03854    0.06397   -0.03676      5
  -0.02784   -0.03793   -0.01464    0.06496      1
  -0.01922   -0.03510   -0.03103   -0.01257      6
  -0.01530   -0.03694   -0.01831   -0.00400      9
  -0.01329   -0.03771   -0.01726    0.00968      2
   0.01285   -0.03796    0.03116    0.02769      3
   0.01711   -0.03687    0.03249    0.00417      2
   0.02048   -0.03549    0.01803   -0.02869     13
   0.02510   -0.03666    0.02513   -0.04705     77
   0.02812   -0.03672    0.02314   -0.04791    220
   0.03054   -0.03677    0.02450   -0.04782     86
   0.03682   -0.03598    0.02974   -0.04767     34
   0.03883   -0.03642    0.03134   -0.04781    184
   0.04277   -0.03584    0.04060   -0.04192      8
   0.04784   -0.03642    0.04289   -0.00088      4
   0.05154   -0.03718    0.05873   -0.03834      2
   0.05660   -0.03570    0.05109   -0.03543      4
   0.05838   -0.03450    0.04312   -0.03250      5
   0.06810   -0.03643    0.06333   -0.04128      5
  -0.04258   -0.03033   -0.06157   -0.05568     21
  -0.03936   -0.03040   -0.05197   -0.05405     32
  -0.03748   -0.03003   -0.05179   -0.05174      9
  -0.02715   -0.03048   -0.03132    0.01823     16
  -0.02349   -0.03235   -0.03472   -0.00158     15
  -0.02151   -0.03370   -0.03626   -0.00496      4
   0.02178   -0.03353    0.01420   -0.02289     21
   0.02268   -0.03293    0.01745   -0.02149    105
   0.02611   -0.03028    0.01944   -0.01938      3
   0.03313   -0.03304    0.02287   -0.05032      2
   0.03661   -0.03353    0.02697   -0.04213     12
   0.03872   -0.03297    0.03834   -0.04769      9
   0.05775   -0.03294    0.05738   -0.03380      1
   0.06060   -0.03085    0.05645   -0.02966      7
   0.06570   -0.03353    0.06786   -0.04936      6
   0.06956   -0.03201    0.06610   -0.03167     11
  -0.07188   -0.02609   -0.07906   -0.03908      1
  -0.04315   -0.02928   -0.05606   -0.05502     95
  -0.04111   -0.02676   -0.05371   -0.05409    239
  -0.03641   -0.02745   -0.04959   -0.05400     77
  -0.03231   -0.02857   -0.04543   -0.05243    133
  -0.02877   -0.02828   -0.03581   -0.00813     21
   0.02887   -0.02766    0.01565   -0.01952     25
   0.03010   -0.02632    0.01715   -0.03182      9
   0.06077   -0.02903    0.05428   -0.03282     25
   0.06492   -0.02624    0.05495   -0.02692      1
   0.07131   -0.02694    0.07521   -0.01730      6
  -0.07188   -0.02576   -0.08772   -0.05757      2
  -0.04295   -0.02494   -0.05576   -0.05236     13
  -0.04145   -0.02554   -0.05258   -0.04859     41
  -0.03677   -0.02455   -0.03843   -0.01533     24
  -0.03295   -0.02265   -0.03692   -0.01682     19
   0.03086   -0.02489    0.02156   -0.02067      8
   0.05105   -0.02523    0.02907    0.03667      1
   0.05671   -0.02328    0.02274    0.04065      3
   0.05822   -0.02204    0.02592    0.06717      1
   0.06391   -0.02456    0.05907   -0.02562      6
   0.07152   -0.02436    0.06400   -0.02812      6
  -0.04405   -0.01848   -0.04203    0.01571      8
  -0.04062   -0.01942   -0.03987    0.01568     44
  -0.03672   -0.01994   -0.05170   -0.04878    277
  -0.03356   -0.02173   -0.03592   -0.03286      4
   0.03442   -0.02035    0.01187   -0.00965      1
   0.05633   -0.02096    0.01488    0.03959      1
   0.06380   -0.02132    0.06265   -0.01723      2
   0.07116   -0.01867    0.05127   -0.02275      2
  -0.04840   -0.01463   -0.02043    0.02277      1
  -0.04265   -0.01611   -0.05535   -0.04295     13
  -0.03908   -0.01646   -0.05133   -0.04626     91
  -0.03695   -0.01746   -0.03934   -0.01077     16
   0.04076   -0.01548    0.03737   -0.02816      1
   0.05747   -0.01799    0.02426    0.04824      1
   0.06177   -0.01487    0.06824   -0.01203      3
   0.06223   -0.01462    0.05832   -0.01123      3
   0.06986   -0.01736    0.06683    0.00288      2
   0.07022   -0.01708    0.05935   -0.00948     23
   0.12263   -0.01569    0.11192   -0.03083      1
  -0.06321   -0.01075   -0.01324    0.03540      1
  -0.04781   -0.01055   -0.04478    0.01375      3
  -0.04248   -0.01228   -0.05285   -0.03768    219
  -0.04123   -0.01129   -0.04999   -0.03246     51
  -0.02753   -0.01396    0.01167   -0.00084      1
  -0.01140   -0.01031   -0.00838    0.00403      3
  -0.00986   -0.01323    0.14292   -0.34504      1
   0.00951   -0.01077    0.06490   -0.01016      1
   0.04833   -0.01166    0.05893    0.01274      1
   0.06137   -0.01291    0.05844   -0.00245      1
   0.06256   -0.01068    0.04161   -0.02681      1
   0.06895   -0.01202    0.06069   -0.00142     10
   0.07017   -0.01285    0.05590   -0.00945      1
  -0.06339   -0.00912   -0.00668    0.03994      1
  -0.05121   -0.00618   -0.04234    0.01771      1
  -0.04768   -0.00705   -0.04514    0.01658     20
  -0.04222   -0.00660   -0.05545   -0.00158      6
  -0.04122   -0.00901   -0.05212   -0.02709     72
  -0.03013   -0.00719   -0.01922   -0.04756      1
  -0.01417   -0.00648    0.01694   -0.01614      1
  -0.01204   -0.00812   -0.02518   -0.00487      7
   0.01000   -0.00929   -0.15380   -0.14646      1
   0.01018   -0.00915    0.00038   -0.01800      1
   0.03901   -0.00874    0.01919   -0.01339      7
   0.06432   -0.00865    0.05935   -0.01060     16
   0.06798   -0.00783    0.06201   -0.00733     13
  -0.05072   -0.00297   -0.05248    0.01295     22
  -0.04726   -0.00339   -0.04740    0.01277     40
  -0.04305   -0.00352   -0.04716   -0.00274     16
  -0.04140   -0.00295   -0.05274   -0.01629    279
  -0.01508   -0.00356   -0.04884   -0.03052      5
   0.00719   -0.00313    0.03148   -0.02092      1
   0.03966   -0.00509    0.02046   -0.02101      5
   0.06713   -0.00555    0.07981   -0.00670      1
   0.11253   -0.00386    0.07646    0.00568      2
   0.11749   -0.00219    0.08268    0.00822      3
  -0.05115    0.00114   -0.04533    0.01638     35
  -0.04735    0.00085   -0.04857    0.00669    119
  -0.04512    0.00002   -0.05038   -0.00068     16
  -0.04162   -0.00159   -0.05195   -0.01608    376
  -0.01578   -0.00079   -0.05581   -0.03683      6
  -0.01365    0.00100   -0.01476   -0.03283      1
  -0.00684    0.00105   -0.00593   -0.00482      2
   0.00386    0.00094    0.00661   -0.02245      3
   0.00669   -0.00200    0.03171   -0.02372      1
   0.04188    0.00035    0.03245   -0.01079      1
   0.04247    0.00114    0.04287   -0.00534      1
   0.04959    0.00162    0.05699   -0.01780      2
   0.05081    0.00113    0.09855   -0.01631      1
   0.05601    0.00127    0.06540    0.00618      1
   0.11344   -0.00137    0.10249   -0.00026      2
   0.11746   -0.00183    0.09776    0.00404      3
  -0.17239    0.00315   -0.17801   -0.02660      1
  -0.05179    0.00432   -0.04935    0.01632    149
  -0.04894    0.00220   -0.05136    0.00833     46
  -0.04530    0.00214   -0.05309   -0.01010      3
  -0.04147    0.00404   -0.04040   -0.01822     58
  -0.01711    0.00255   -0.02421   -0.00887      3
  -0.00666    0.00309   -0.03137    0.00285      3
  -0.00275    0.00594   -0.03145   -0.02097      1
   0.00032    0.00453   -0.00208   -0.01060      4
   0.00240    0.00226    0.00055   -0.01979      1
   0.04444    0.00416    0.04407   -0.00494     13
   0.04947    0.00218    0.00000    0.14669      1
   0.05776    0.00256    0.05332    0.00854      1
   0.06398    0.00268    0.01933    0.04262      1
   0.11610    0.00405    0.10816    0.00955      2
  -0.05235    0.00858   -0.05220    0.01582    166
  -0.04658    0.00901   -0.05123   -0.00526      5
  -0.04324    0.00871   -0.04949   -0.00426     25
  -0.04087    0.00852   -0.03922   -0.00766     51
  -0.01514    0.00745   -0.01392   -0.01282      3
  -0.01380    0.00845   -0.05788   -0.01627      2
  -0.00274    0.00664   -0.00669   -0.00282      4
  -0.00174    0.00985   -0.01326    0.05790      1
   0.03906    0.00852    0.04108    0.02681      3
   0.05954    0.00851    0.03469    0.02420      1
   0.06381    0.00840    0.02409    0.04469      2
   0.09497    0.00692    0.08459    0.00089      1
  -0.05226    0.01141   -0.05266    0.01642    131
  -0.04631    0.01107   -0.03941   -0.01205      2
  -0.04456    0.01257   -0.05376   -0.00248     34
  -0.04061    0.01139   -0.04606   -0.02127    112
  -0.03771    0.01328   -0.02741   -0.00571     26
  -0.01208    0.01060   -0.10904    0.03186      2
  -0.00925    0.01120   -0.04353   -0.02093      4
   0.00782    0.01322    0.03471   -0.03387      2
   0.03761    0.01357    0.03329    0.00064      1
   0.05943    0.01151    0.07017    0.00479      4
   0.06400    0.01295    0.01874    0.04288      1
   0.08107    0.01390    0.06747    0.00177      1
   0.12291    0.01318    0.12305    0.00774      1
  -0.12268    0.01545   -0.13769   -0.00062      6
  -0.10076    0.01597   -0.04420    0.01341      2
  -0.05435    0.01643   -0.03358    0.02098      1
  -0.05282    0.01542   -0.04836    0.02216     53
  -0.04387    0.01648   -0.04771    0.00599     38
  -0.04009    0.01752   -0.05278   -0.04072     87
  -0.03717    0.01604   -0.03954   -0.00818    135
  -0.02908    0.01763   -0.03581    0.00405      3
  -0.00680    0.01591   -0.00571    0.02454      1
  -0.00442    0.01483    0.00824    0.02476      1
  -0.00068    0.01728    0.03416   -0.00161      1
   0.03586    0.01768    0.02820    0.00932      9
   0.04540    0.01653    0.02806   -0.00972      1
   0.05838    0.01665    0.05114    0.01306      4
  -0.10068    0.01912    0.06088   -0.01620      1
  -0.05437    0.01863   -0.04133    0.03308      2
  -0.05225    0.01951   -0.05266    0.02009      9
  -0.04448    0.02029   -0.04992    0.01211     89
  -0.03995    0.01907   -0.05329   -0.04031    171
  -0.03681    0.01962   -0.05135   -0.04847    311
  -0.03357    0.02172   -0.01502    0.00075     21
  -0.02863    0.01880   -0.03204    0.00223      9
   0.03364    0.02161    0.03296    0.01206      1
   0.03534    0.01868    0.03363    0.01839      4
   0.05700    0.02029    0.06648    0.01195      5
   0.05835    0.01803    0.06788    0.01393      1
   0.06235    0.01967   -0.03967    0.04051      1
  -0.10021    0.02207   -0.10226    0.08105      1
  -0.05092    0.02452   -0.05397    0.01875      7
  -0.04334    0.02383   -0.04905    0.01717     27
  -0.04164    0.02314   -0.04474    0.01632      7
  -0.03544    0.02453   -0.04037    0.00796     23
  -0.03281    0.02375   -0.02279    0.00596    126
  -0.02883    0.02339   -0.19031    0.05009      2
  -0.02177    0.02383   -0.02628    0.01844      3
   0.03145    0.02468    0.03180    0.01933      3
   0.05349    0.02584    0.05276    0.01150      1
   0.05564    0.02325    0.04973    0.01500      5
   0.12147    0.02261    0.11282    0.02457      2
  -0.22014    0.02777   -0.05866   -0.00929      1
  -0.10117    0.02770    0.00000    0.00810      1
  -0.05094    0.02772   -0.03989    0.03250      5
  -0.04970    0.02859   -0.06018    0.02052      5
  -0.04378    0.02886   -0.05081    0.01603    286
  -0.04106    0.02801   -0.04050    0.01634     23
  -0.03639    0.02742   -0.04019    0.01324     16
  -0.03089    0.02771   -0.03623   -0.04013     33
  -0.02746    0.02906   -0.01517    0.00522    149
   0.02697    0.02951    0.00931    0.00565      4
   0.03026    0.02613    0.03316    0.01617      1
   0.03878    0.02996    0.09036    0.02438      1
   0.05093    0.02938    0.05308    0.00814      3
   0.05510    0.02876    0.02919    0.03279      9
   0.11999    0.02883    0.10861    0.03258      1
  -0.10053    0.03172   -0.17327   -0.22663      1
  -0.04795    0.03206   -0.05632    0.02519     31
  -0.04400    0.03085   -0.05344    0.01769     95
  -0.04132    0.03110   -0.05310    0.01686      7
  -0.03665    0.03394   -0.03426    0.01370      1
  -0.03041    0.03138   -0.04752   -0.05513     92
  -0.02640    0.03032   -0.02657   -0.00415     65
  -0.02491    0.03128   -0.01480    0.00807    262
   0.02235    0.03315    0.00122   -0.00241      1
   0.02847    0.03122    0.01246    0.02181      2
   0.04766    0.03332    0.04013    0.01335      5
   0.11945    0.03156    0.15710    0.02629      1
  -0.04676    0.03612   -0.05738    0.02663     24
  -0.04276    0.03567   -0.04950    0.01920      5
  -0.04012    0.03536   -0.04741    0.02585      1
  -0.03530    0.03505   -0.03795    0.01542      4
  -0.03099    0.03578   -0.05207   -0.05424     52
  -0.02967    0.03761   -0.05255   -0.05717     19
  -0.02060    0.03484   -0.03766    0.01965      2
  -0.01550    0.03688   -0.01204    0.01964     15
   0.01363    0.03759    0.01682    0.02948      6
   0.01567    0.03678   -0.00121    0.02676      5
   0.02079    0.03583    0.01825   -0.02834     12
   0.02353    0.03747    0.02074   -0.04555      6
   0.02737    0.03703    0.03349   -0.03268      5
   0.04687    0.03580    0.04750    0.02823      4
   0.05156    0.03563    0.02437    0.04058      2
  -0.11646    0.04105   -0.12442    0.02680      2
  -0.04623    0.04052   -0.05949    0.02504      4
  -0.04507    0.04031   -0.06300    0.02608    152
  -0.04060    0.04049   -0.04796    0.03495      2
  -0.03009    0.03864   -0.05098   -0.05530     20
  -0.02960    0.03912   -0.05418   -0.05520    111
  -0.01553    0.04025   -0.00247    0.03140      1
  -0.01222    0.04056    0.00038    0.03146     12
  -0.00811    0.03916   -0.00446    0.01752     44
  -0.00502    0.03968   -0.00376    0.01455     13
   0.00125    0.03996   -0.00144    0.01069      9
   0.00443    0.03972    0.00161    0.00583     20
   0.00957    0.03882    0.00192    0.01108     14
   0.01091    0.03846    0.00339    0.00502      4
   0.01722    0.03852    0.02461   -0.05207      1
   0.02174    0.03981    0.02330   -0.04774    106
   0.02227    0.03997    0.02358   -0.04671     77
   0.02646    0.04075    0.02554   -0.02407      1
   0.04005    0.03985    0.03602    0.00779      2
   0.04428    0.04166    0.04293    0.01622      3
  -0.11601    0.04238   -0.12337    0.02555      1
  -0.05869    0.04487   -0.06356    0.02595     26
  -0.05584    0.04423   -0.05707    0.03101    176
  -0.05230    0.04529   -0.05707    0.02320      8
  -0.04635    0.04379   -0.05881    0.02681     12
  -0.04371    0.04293   -0.06347    0.02633    100
  -0.04191    0.04498   -0.06673    0.01893      8
  -0.02678    0.04321   -0.05671   -0.05473     19
  -0.02530    0.04499   -0.05651   -0.05497     25
   0.01169    0.04575    0.01049   -0.05297      1
   0.02175    0.04265    0.02388   -0.04855     32
   0.02353    0.04332    0.03204   -0.04786     25
   0.03523    0.04349    0.06707   -0.01340      1
   0.04013    0.04352    0.06330    0.02342      1
   0.04616    0.04222    0.04906    0.03018      1
   0.10891    0.04547    0.11184    0.01871      1
   0.11528    0.04421    0.15520    0.05772      1
  -0.11420    0.04698   -0.15535    0.04898      1
  -0.11361    0.04835   -0.12273    0.03314      8
  -0.05855    0.04849   -0.06518    0.03356     91
  -0.05746    0.04728   -0.05877    0.02861     12
  -0.05111    0.04638   -0.05900    0.03042      8
  -0.04713    0.04782   -0.05756    0.03338     69
  -0.04491    0.04763   -0.05678    0.03262     44
  -0.04053    0.04733   -0.05170    0.03096     32
  -0.03737    0.04993   -0.06069    0.02514      1
  -0.02451    0.04638   -0.06308   -0.05989     17
   0.00067    0.04869    0.00641   -0.06538      1
   0.00945    0.04909    0.00242   -0.07285      1
   0.01034    0.04789    0.00679   -0.05658      4
   0.02012    0.04903    0.02816   -0.04754     53
   0.02232    0.04656    0.03171   -0.04426      6
   0.04059    0.04893    0.04871    0.05673      2
   0.04340    0.04719    0.04248    0.02594      7
  -0.11197    0.05209   -0.12679    0.02451      2
  -0.09741    0.05072   -0.06823    0.02330      2
  -0.05833    0.05184   -0.06656    0.03649     13
  -0.05774    0.05237   -0.06591    0.03340     14
  -0.03973    0.05188   -0.05353    0.03489      1
  -0.03527    0.05170   -0.06123    0.03046      4
  -0.03382    0.05306   -0.05942    0.02566      4
   0.00351    0.05283   -0.00283   -0.06473      5
   0.01772    0.05204    0.04537   -0.04734      8
   0.01820    0.05204    0.03800   -0.03240      6
   0.02890    0.05336    0.05606    0.01014      5
   0.03327    0.05025    0.04997    0.01213      2
   0.03624    0.05234    0.02686    0.05735      3
  -0.11075    0.05466   -0.11980    0.03939      4
  -0.10956    0.05702   -0.11480    0.04353      2
  -0.05557    0.05645   -0.06444    0.04301    115
  -0.04573    0.05706   -0.05510    0.03578      1
  -0.04088    0.05453   -0.06390    0.03542     13
  -0.03099    0.05502   -0.05300    0.03027      3
  -0.02888    0.05654   -0.03563    0.03009      2
  -0.02147    0.05773   -0.03838    0.04415      1
   0.01249    0.05728    0.03829   -0.04042      8
   0.01507    0.05536    0.03987   -0.04491      4
   0.02588    0.05707    0.02613    0.05976      2
   0.02938    0.05503    0.03884    0.04441      2
  -0.10729    0.06120   -0.11870    0.03652      3
  -0.05147    0.06077   -0.06416    0.04441     16
  -0.04956    0.06167   -0.06264    0.04068      1
  -0.04121    0.05853   -0.04525    0.04376      2
  -0.02648    0.05841   -0.05723    0.03135      5
  -0.02270    0.06056   -0.05046    0.03036      4
  -0.02105    0.06125   -0.04933    0.03467      3
   0.00063    0.06060   -0.00847   -0.08161      4
   0.00879    0.06069    0.01927   -0.04037      2
   0.01213    0.05809    0.04944   -0.04047      1
   0.01691    0.05936    0.12212   -0.00811      1
   0.10771    0.06032    0.12255    0.05765      3
  -0.09028    0.06281   -0.02048   -0.01131      1
  -0.08392    0.06249   -0.06519    0.00812      1
  -0.05108    0.06265   -0.06447    0.04887     52
  -0.04951    0.06389   -0.06394    0.04803     15
  -0.04472    0.06567   -0.06294    0.04909      7
  -0.02926    0.06284   -0.03741    0.04380      1
  -0.02011    0.06219   -0.04598    0.04566      1
  -0.01649    0.06335   -0.03145    0.07268      1
  -0.01246    0.06477   -0.05565    0.03491      3
   0.00408    0.06490    0.04730   -0.04399      2
   0.00663    0.06310    0.04495   -0.03601      3
   0.10404    0.06575    0.09458    0.05685      5
  -0.10299    0.06801   -0.08981    0.02933      2
  -0.04317    0.06670   -0.06400    0.05109      3
  -0.03981    0.06885   -0.05584    0.05793     37
  -0.03715    0.06983   -0.05398    0.05677      3
  -0.03225    0.06867   -0.04101    0.05210     22
  -0.00707    0.06617   -0.06330    0.02819      1
  -0.00523    0.06650   -0.00838    0.03778      1
   0.10160    0.06947   -0.02475   -0.03963      2
   0.10343    0.06672    0.09053    0.06493     26
  -0.09943    0.07264   -0.11312    0.01630      1
  -0.03578    0.07091   -0.05099    0.05107     15
  -0.03272    0.07258   -0.03652    0.05191     29
  -0.02824    0.07357   -0.03295    0.04445      2
  -0.02503    0.07387   -0.01890    0.05250      1
  -0.00706    0.07362   -0.01069    0.05659      1
   0.10090    0.07090    0.10572    0.06749      2
  -0.20845    0.07496   -0.14395    0.03992      1
  -0.09867    0.07455   -0.10690    0.06322      1
  -0.09596    0.07733   -0.11241    0.05688     13
  -0.03483    0.07446   -0.04811    0.04953      3
  -0.03112    0.07534   -0.06019    0.05420      1
  -0.02508    0.07523   -0.03033    0.06330      1
  -0.02156    0.07494   -0.02676    0.05990      6
  -0.01228    0.07704   -0.02105    0.06308      2
  -0.09518    0.07834   -0.10556    0.06292      9
  -0.09333    0.08072   -0.10872    0.05641      4
  -0.01910    0.07811   -0.03200    0.05943      1
  -0.01789    0.07828   -0.08162    0.03999      1
   0.09307    0.08116    0.08493    0.07326     36
   0.09493    0.07896    0.09846    0.08146      1
  -0.10565    0.08530   -0.05749   -0.00352      2
   0.09187    0.08249    0.09044    0.06840      1
  -0.04609    0.08646   -0.05565    0.06528      2
  -0.04537    0.08624   -0.05707    0.06889      2
   0.08533    0.08911    0.02859    0.05915      1
   0.08457    0.09020    0.07298    0.08809      4
  -0.20004    0.09511   -0.19468    0.02425      1
  -0.06211    0.09481   -0.07445    0.07189      1
  -0.05884    0.09641   -0.06059    0.07429     12
  -0.05641    0.09745   -0.06558    0.07000     63
   0.07761    0.09588    0.08392    0.08660      1
  -0.09770    0.10110    0.03266    0.30061      1
  -0.07078    0.10057   -0.07949    0.07310      3
  -0.05845    0.10157   -0.05298    0.08995      3
  -0.05596    0.09850   -0.06331    0.07287     84
  -0.05334    0.09997   -0.06026    0.08125     10
  -0.01114    0.09809   -0.01922    0.09619      1
  -0.06819    0.10225   -0.06221    0.07022      5
  -0.06346    0.10490   -0.06865    0.08742     10
  -0.06027    0.10421   -0.06329    0.08523      2
  -0.05688    0.10220   -0.03963    0.07269      1
   0.02880    0.10391   -0.00075    0.01258      1
   0.06591    0.10421    0.05600    0.08272      1
  -0.19243    0.10976   -0.15442    0.09762      1
  -0.08993    0.10963   -0.09620    0.11546      1
  -0.06052    0.10725   -0.05822    0.09021      2
   0.05720    0.10964    0.05288    0.10030      1
   0.06040    0.10775    0.04836    0.09805      2
  -0.00892    0.11113   -0.01320    0.08899      2
   0.05137    0.11217    0.04782    0.10722      4
  -0.00488    0.12354   -0.01053    0.12284      1
   0.18505    0.12216    0.16267    0.14750      1
   0.17906    0.12843    0.25200    0.09172      1
  -0.17414    0.13758   -0.09195    0.08078      1
   0.16729    0.14517    0.11442    0.10558      1
   0.15185    0.16176    0.26935    0.13137      1
   0.15049    0.16303    0.08646    0.10831      1
   0.10916    0.19239    0.10628    0.13851      1
