  -0.07030   -0.21047   -0.05991   -0.21312      1
  -0.02652   -0.17035    0.00336   -0.09623      1
  -0.02441   -0.17067    0.00174   -0.14218      1
  -0.01894   -0.17136    0.01285   -0.11340      2
  -0.09453   -0.14418   -0.08675   -0.12162      1
   0.03117   -0.14154    0.14482    0.00455      1
   0.02415   -0.13780   -0.04796   -0.08142      1
   0.05654   -0.12991    0.03319   -0.10276      1
  -0.01730   -0.12218    0.00339   -0.09713      1
  -0.00089   -0.12368   -0.00914   -0.12746      1
   0.06517   -0.12545   -0.18413   -0.20959      1
  -0.03421   -0.11882    0.00635   -0.10690      1
  -0.02764   -0.11970   -0.01385   -0.10518      3
  -0.01869   -0.12117    0.00000   -0.10529      1
  -0.01722   -0.12134   -0.00220   -0.09351      2
   0.07180   -0.12116    0.24170    0.01351      1
   0.18455   -0.12086    0.15469   -0.03800      1
  -0.03917   -0.11729   -0.01693   -0.10939      1
  -0.01636   -0.11639   -0.00937   -0.08769      1
   0.00903   -0.11450    0.02677   -0.09717      1
   0.03803   -0.11767    0.05743   -0.10192      1
   0.04761   -0.11409    0.02592   -0.11316      1
  -0.05175   -0.11163   -0.01622   -0.08122     11
  -0.04947   -0.11264   -0.02465   -0.09640      4
  -0.03906   -0.11110   -0.00670   -0.07981      1
  -0.01434   -0.11334    0.00000   -0.08099      1
  -0.00266   -0.11268    0.01733   -0.10020      2
  -0.00096   -0.11165    0.01696   -0.08787     15
   0.00263   -0.11120    0.02072   -0.09444      4
   0.00766   -0.11102   -0.00239   -0.08546      1
   0.04766   -0.11337    0.04126   -0.08099      1
  -0.06262   -0.10657   -0.04666   -0.10335      1
  -0.05958   -0.10770   -0.03962   -0.10479      3
  -0.05710   -0.10926   -0.03554   -0.08710      6
  -0.01591   -0.10895    0.00350   -0.08722      1
   0.00166   -0.10994    0.03473   -0.09740      2
   0.08564   -0.10848    0.04918   -0.00560      1
   0.08655   -0.10753    0.08478   -0.05522      2
  -0.06396   -0.10528   -0.02351   -0.07279      1
   0.06876   -0.10257    0.07665   -0.08043      2
  -0.07166   -0.10017   -0.06054   -0.08942      5
   0.00300   -0.09886    0.01825   -0.09107      6
   0.07133   -0.10082    0.08188   -0.08102      1
   0.00127   -0.09485    0.02796   -0.07559      3
   0.00350   -0.09449    0.02183   -0.07091      4
   0.01115   -0.09754    0.03478   -0.09556      1
  -0.08369   -0.09051   -0.07434   -0.07671      8
  -0.08133   -0.09300   -0.08992   -0.17882      2
  -0.08763   -0.08671   -0.07752   -0.07445     23
  -0.08525   -0.08904   -0.07693   -0.08270     14
   0.04794   -0.08624    0.09996   -0.08937      1
   0.06587   -0.08688   -0.34549   -0.27977      1
  -0.08904   -0.08521   -0.06869   -0.06919      4
   0.00378   -0.08218    0.00812   -0.08274      2
  -0.09248   -0.08156   -0.11802   -0.05131      1
   0.00961   -0.08153    0.03209   -0.07043      1
   0.01172   -0.08103    0.01599   -0.07525      4
   0.01692   -0.08018    0.01108   -0.07143     10
   0.02055   -0.07924    0.02832   -0.06693      8
   0.02288   -0.07810    0.04953   -0.06408      3
   0.06528   -0.07937    0.23839    0.09985      2
   0.07154   -0.08072    0.07010   -0.07491      1
   0.07634   -0.08113    0.30031    0.21899      1
   0.01352   -0.07673    0.01676   -0.07600      5
   0.01521   -0.07630    0.02804   -0.07378      6
   0.02537   -0.07730    0.04141   -0.07981     31
   0.02852   -0.07568    0.05213   -0.07575     19
   0.03089   -0.07432    0.05751   -0.05342      9
   0.00990   -0.07010   -0.00465   -0.05650      1
   0.01558   -0.07233    0.02805   -0.06483      6
   0.03211   -0.07369    0.05484   -0.06540     25
   0.03657   -0.07092    0.05475   -0.06419     15
   0.03984   -0.07001    0.07304   -0.04780      1
  -0.10327   -0.06801   -0.10295   -0.05262      2
   0.00127   -0.06737   -0.00396   -0.06202     12
   0.00442   -0.06906    0.01129   -0.05648      1
   0.01098   -0.06942   -0.01203   -0.05171      1
   0.02304   -0.06988    0.03103   -0.06196      1
   0.02705   -0.06833    0.03183   -0.05793      4
   0.03981   -0.06878    0.04953   -0.05990    125
   0.04265   -0.06641    0.05527   -0.05669     26
   0.10288   -0.06756    0.11718   -0.06736      8
  -0.10461   -0.06595   -0.08575   -0.05633      1
  -0.00686   -0.06413    0.01454   -0.03972      1
  -0.00299   -0.06435    0.01265   -0.05624      4
   0.03336   -0.06338    0.06630   -0.06606      1
   0.04431   -0.06503    0.05760   -0.05345     35
   0.04673   -0.06244    0.07056   -0.06419     13
   0.10447   -0.06490    0.10085   -0.06952      6
   0.10631   -0.06210    0.17153   -0.08145      1
  -0.10810   -0.05948   -0.09363   -0.08430      1
  -0.03290   -0.05840    0.00000    0.07469      1
  -0.02934   -0.06042   -0.00798    0.05340      1
  -0.00359   -0.05823    0.01328   -0.05731      3
   0.04794   -0.06028    0.06842   -0.05358     92
   0.05292   -0.05827    0.06566   -0.04050      2
   0.10758   -0.05990    0.11042   -0.06482      9
   0.21246   -0.06088    0.14693   -0.05670      1
  -0.00626   -0.05682    0.00938   -0.04534      4
  -0.00540   -0.05687    0.00254   -0.05361     12
   0.03761   -0.05658    0.01465    0.04254      1
   0.04158   -0.05734    0.05012   -0.04898      4
   0.04481   -0.05528    0.07099   -0.05333      8
   0.04885   -0.05485    0.05475   -0.05342     24
   0.05062   -0.05641    0.07093   -0.05329      4
   0.05492   -0.05648    0.06826   -0.06501      8
   0.10925   -0.05690    0.11385   -0.05602      1
   0.11062   -0.05419    0.11344   -0.06979      1
  -0.04135   -0.05289   -0.04610    0.05174      1
  -0.00005   -0.05044    0.01472   -0.04868      6
   0.00253   -0.05004    0.01454   -0.03972      1
   0.03674   -0.05163    0.05946   -0.04305     12
   0.03958   -0.05277    0.06148   -0.04179     14
   0.04396   -0.05034    0.05605   -0.05337      7
   0.04806   -0.05070    0.07918   -0.06163      2
   0.05148   -0.05348    0.06567   -0.07042      1
   0.05654   -0.05035    0.07385   -0.06292      7
   0.05942   -0.05113    0.07536   -0.05451     10
   0.00155   -0.04997    0.02999   -0.03354      1
   0.00406   -0.04954    0.02819   -0.05317      7
   0.00708   -0.04846    0.02215   -0.04967      7
   0.01025   -0.04625    0.01535   -0.05101     17
   0.03495   -0.04764    0.04585   -0.04621     52
   0.04021   -0.04711    0.05714   -0.04776     11
   0.04409   -0.04922    0.06093   -0.04848     18
   0.04945   -0.04711    0.06599   -0.03120      2
   0.05137   -0.04685    0.06787   -0.05057      9
   0.05469   -0.04752    0.07367   -0.05622      2
   0.06163   -0.04761    0.06569   -0.03362      1
   0.06334   -0.04605    0.06972   -0.04230      4
  -0.11584   -0.04317   -0.09506   -0.05227      4
  -0.05075   -0.04379    0.01713    0.05781      1
  -0.01016   -0.04316    0.02272    0.01246      4
  -0.00987   -0.04316    0.01687    0.02080      8
  -0.00430   -0.04535    0.00416   -0.04661      1
   0.00439   -0.04541    0.02688    0.04889      1
   0.01083   -0.04444    0.01622   -0.04088      5
   0.02540   -0.04279    0.02537   -0.03271      1
   0.03354   -0.04228    0.04108   -0.04253     83
   0.03470   -0.04393    0.03784   -0.03727    124
   0.03977   -0.04321    0.06754   -0.04310      8
   0.04205   -0.04361    0.06971   -0.04791      1
   0.05210   -0.04420    0.05759   -0.03567      4
   0.05531   -0.04223    0.06597   -0.04717     44
   0.06388   -0.04506    0.06102   -0.03611      9
  -0.03440   -0.03899    0.00849    0.01273      1
  -0.02881   -0.04086   -0.02175    0.03939      1
  -0.01454   -0.03920    0.01003    0.01602      2
  -0.01159   -0.03826   -0.00235    0.01450      2
  -0.00753   -0.03938    0.01063    0.01479      8
  -0.00289   -0.03989    0.00897    0.00239     42
  -0.00104   -0.03997    0.01349    0.01973     22
   0.00328   -0.03985   -0.01350    0.00000      1
   0.01233   -0.03930    0.03340    0.00325      3
   0.01562   -0.03820    0.02576    0.01431     22
   0.02114   -0.03908    0.02227   -0.03981    106
   0.02388   -0.03987    0.03140   -0.03883    176
   0.02673   -0.04062    0.04108   -0.03682     49
   0.03277   -0.04037    0.04374   -0.04692     77
   0.03442   -0.04093    0.05476   -0.03929     46
   0.05612   -0.04071    0.07458   -0.04974      8
   0.05973   -0.03937    0.07057   -0.03064      4
   0.06550   -0.04140    0.08122   -0.03464      3
  -0.11855   -0.03485   -0.09517   -0.05528      2
  -0.03900   -0.03603    0.00653    0.02059      1
  -0.01887   -0.03525   -0.00134   -0.00580     12
  -0.01588   -0.03669   -0.01095   -0.00656     17
  -0.01292   -0.03784    0.00080   -0.00177      6
   0.01761   -0.03758    0.03458   -0.03037      4
   0.02060   -0.03502    0.03494   -0.02243     12
   0.02242   -0.03532    0.02646    0.02342      7
   0.02795   -0.03759    0.04033   -0.03693      8
   0.03087   -0.03671    0.04722   -0.04550      5
   0.03715   -0.03693    0.05747   -0.03354      7
   0.05956   -0.03658    0.07852   -0.05417      7
   0.06715   -0.03450    0.07362   -0.04299     15
  -0.02704   -0.03050   -0.00867    0.00968      4
  -0.02400   -0.03243   -0.00187    0.00168      6
   0.02500   -0.03120    0.02759   -0.02919     23
   0.02632   -0.03030    0.03484   -0.01289     15
   0.03160   -0.03262    0.03259    0.02696      3
   0.03468   -0.03022    0.04445    0.03062      2
   0.05121   -0.03032    0.02537    0.03271      1
   0.06020   -0.03147    0.01451    0.02897      1
   0.06736   -0.03314    0.07779   -0.03993     17
   0.10994   -0.03051    0.11526   -0.02874      1
   0.11854   -0.03397    0.14930   -0.05287      1
  -0.12021   -0.02743   -0.11004   -0.03268      4
  -0.03503   -0.02648   -0.01013    0.00637     10
  -0.03175   -0.02777   -0.01178    0.01338     21
  -0.02903   -0.02923   -0.00705    0.00468     12
   0.02495   -0.02934   -0.00802   -0.02005      1
   0.02719   -0.02926    0.02806   -0.02363     34
   0.03013   -0.02628    0.03419   -0.03283      2
   0.03735   -0.02991    0.03429    0.03023      2
   0.03932   -0.02827    0.04161    0.02681      1
   0.04275   -0.02960    0.04075    0.03664     14
   0.06149   -0.02676    0.07810   -0.03461      9
   0.06859   -0.02786    0.07298   -0.03327      6
  -0.06187   -0.02360    0.02132    0.03011      1
  -0.04101   -0.02283   -0.01547   -0.02310    144
  -0.03598   -0.02303   -0.01292   -0.02228     46
  -0.03327   -0.02384   -0.01217   -0.02267     60
   0.03195   -0.02404    0.03028   -0.02673     91
   0.04431   -0.02395    0.03019    0.01058      2
   0.04811   -0.02338    0.07413   -0.04075      1
   0.06136   -0.02462    0.07285   -0.02869      1
   0.06399   -0.02228    0.07207   -0.03883      2
   0.06857   -0.02452    0.06836   -0.02606     14
  -0.17141   -0.01843   -0.12497   -0.01601      1
  -0.06877   -0.02038   -0.04696   -0.01632      3
  -0.06240   -0.02162   -0.00048    0.03419      1
  -0.04684   -0.02068   -0.00237    0.01875      1
  -0.04236   -0.01985   -0.02025    0.01182     30
  -0.03896   -0.01960   -0.01760   -0.02279    186
  -0.03648   -0.02033   -0.01551   -0.02382    125
  -0.03363   -0.02162   -0.02647   -0.00529      1
   0.03395   -0.02112    0.04137   -0.03609      1
   0.03481   -0.01967    0.03225   -0.02866     10
   0.04149   -0.02133    0.05541   -0.02996      1
   0.04288   -0.02095    0.04110    0.02421      1
   0.06512   -0.02128    0.07727   -0.03753     20
   0.06780   -0.02000    0.07980   -0.02670     18
   0.11205   -0.01839    0.11332   -0.04857      1
  -0.17160   -0.01652   -0.12896   -0.02711      2
  -0.12283   -0.01465   -0.10884   -0.02017      3
  -0.06337   -0.01692    0.00394    0.01732      2
  -0.05035   -0.01456   -0.00292    0.01043      2
  -0.04692   -0.01454   -0.01773    0.00209     28
  -0.04452   -0.01514   -0.02102    0.00331     35
  -0.04078   -0.01591   -0.01798   -0.00078     51
  -0.03735   -0.01517   -0.01691   -0.00596     53
  -0.00651   -0.01599   -0.00324    0.00005      2
  -0.00286   -0.01559    0.01695    0.04841      1
  -0.00028   -0.01670    0.00732   -0.01430      2
   0.00672   -0.01423    0.02686   -0.00268      1
   0.03589   -0.01762    0.03236   -0.01630      5
   0.11226   -0.01450    0.13074   -0.04862      1
  -0.28872   -0.01261   -0.21038   -0.14513      1
  -0.17201   -0.01165   -0.12111   -0.02020      2
  -0.12315   -0.01139   -0.12071   -0.01449     15
  -0.05008   -0.01025   -0.01258    0.00241     11
  -0.04878   -0.01180   -0.01736    0.00167    216
  -0.04441   -0.01325   -0.02169    0.00406     73
  -0.03898   -0.01168   -0.01820   -0.00999     87
  -0.03780   -0.01362   -0.01461   -0.00886      9
   0.00804   -0.01263    0.05379   -0.01094      3
   0.03709   -0.01272    0.04411   -0.02711      2
   0.03843   -0.01101    0.02496   -0.01609      5
   0.04757   -0.01368    0.05641    0.04024      1
  -0.17217   -0.00888   -0.10430   -0.02427      1
  -0.12339   -0.00771   -0.12064   -0.01644     22
  -0.10207   -0.00893   -0.14598   -0.10528      1
  -0.05088   -0.00796   -0.01601    0.00118    294
  -0.04988   -0.00976   -0.01570    0.00320     12
  -0.03993   -0.00663   -0.02065   -0.01092     80
  -0.01457   -0.00643    0.04137   -0.00267      3
  -0.01332   -0.00723    0.00535   -0.00382      7
   0.03933   -0.00719    0.03464   -0.02098      1
   0.05017   -0.00715    0.04438    0.03599      3
   0.05783   -0.00775    0.06610   -0.00812      1
   0.06008   -0.00659    0.06606   -0.00670      4
  -0.12286   -0.00430   -0.09454   -0.02240      6
  -0.05476   -0.00354   -0.00996    0.00496      2
  -0.05295   -0.00499   -0.01652    0.00193     67
  -0.04094   -0.00455   -0.02145   -0.00979    274
  -0.01370   -0.00215   -0.02356    0.04147      1
  -0.00930   -0.00278   -0.03219    0.01612      3
   0.04886   -0.00373    0.05310    0.00647      5
   0.05248   -0.00354    0.06076   -0.01662      3
   0.05535   -0.00484    0.02866    0.00779      1
   0.06112   -0.00467    0.02660    0.03320      2
   0.06320   -0.00444    0.04143    0.01825      2
  -0.06416    0.00031    0.00000    0.02700      1
  -0.05467   -0.00115   -0.01268    0.00447     15
  -0.04120    0.00001   -0.02137   -0.00812    147
  -0.01647    0.00006    0.10472    0.10783      2
  -0.00320    0.00117   -0.00738    0.01642      1
   0.00983   -0.00068    0.02033   -0.02165      1
   0.01003   -0.00081    0.00250   -0.01418      1
   0.04166   -0.00115    0.03702    0.00404      2
   0.04210    0.00053    0.05182   -0.01158      1
   0.05275    0.00193    0.02759    0.03324      1
   0.06398   -0.00021    0.05310    0.00406      7
  -0.06415    0.00347   -0.04562    0.04079      1
  -0.05535    0.00357   -0.01366    0.00571     15
  -0.04028    0.00424   -0.01226   -0.01364     70
  -0.01652    0.00497   -0.01512   -0.00797      1
  -0.00313    0.00290    0.01731   -0.00493      3
   0.00506    0.00573    0.01368   -0.00685      1
   0.00687    0.00346    0.01797   -0.00535      5
   0.03980    0.00381    0.03011   -0.02870      9
   0.06511    0.00294    0.06973   -0.00136     13
  -0.12261    0.00784   -0.12416   -0.00282      1
  -0.10735    0.00920   -0.09497    0.06358      1
  -0.05558    0.00759   -0.01077   -0.00037     16
  -0.03905    0.00876   -0.01586   -0.00914     14
  -0.01450    0.00769    0.02077   -0.01427      3
  -0.01202    0.00868   -0.01350    0.00000      5
   0.00131    0.00826    0.01104    0.00319      6
   0.00424    0.00672    0.01632   -0.00998      4
   0.03939    0.00687    0.02788   -0.03531      5
   0.04420    0.00843    0.02408   -0.00321      1
   0.05308    0.00699    0.05446    0.03986      1
   0.05417    0.00927    0.05918    0.03054      1
   0.06491    0.00912    0.06568    0.00881      5
   0.12312    0.00837    0.12982   -0.01319      1
  -0.05562    0.01188   -0.01358    0.00076     11
  -0.03836    0.01173   -0.00417   -0.00305     54
  -0.03781    0.01301   -0.00570   -0.00144     18
   0.00489    0.01281    0.02506   -0.00728      1
   0.03790    0.01273    0.01459    0.01592      1
   0.03831    0.01143    0.02956   -0.01806      2
   0.06453    0.01151    0.07446    0.01009      4
  -0.12190    0.01583   -0.09355    0.01331      3
  -0.06133    0.01629    0.00569    0.02348      2
  -0.05550    0.01510   -0.01023    0.00541     12
  -0.03958    0.01625   -0.01188   -0.00871     42
  -0.03717    0.01725   -0.01189   -0.01916     83
  -0.02764    0.01734   -0.01204   -0.00327      3
  -0.00365    0.01575   -0.02328    0.04081      2
   0.00180    0.01711    0.00243    0.01874      1
   0.00235    0.01707   -0.00131    0.02787      1
   0.03692    0.01535    0.03852   -0.00682      5
   0.04600    0.01594    0.04853   -0.00246      1
   0.06322    0.01640    0.06679    0.00253     10
   0.12270    0.01533    0.13101    0.02857      1
  -0.12138    0.01923   -0.10535    0.01334      9
  -0.05460    0.02137   -0.01667    0.00407     25
  -0.03933    0.01945   -0.01097   -0.00200     25
  -0.03657    0.01971   -0.01217   -0.02299    144
  -0.03375    0.02143   -0.00153    0.01166      6
  -0.02680    0.02051   -0.00488    0.00232      1
  -0.02370    0.01984   -0.00916    0.00107      6
  -0.02192    0.02098   -0.01466    0.01293      3
   0.03368    0.02154    0.03614    0.00515      2
   0.06088    0.02094    0.05970    0.01337      4
   0.06237    0.01850    0.05901    0.02677      1
   0.09388    0.01820    0.07605    0.04285      1
  -0.11994    0.02584   -0.09616    0.01625      3
  -0.11546    0.02579   -0.06541    0.02000      1
  -0.05421    0.02281   -0.01336    0.00797     29
  -0.05359    0.02459   -0.01865    0.00766     60
  -0.04021    0.02319   -0.02488    0.00445     64
  -0.03692    0.02296   -0.01549   -0.02169    135
  -0.03284    0.02280    0.00000    0.00032     47
  -0.02980    0.02351    0.33529    0.07988      1
  -0.02218    0.02314   -0.00261    0.00470      9
  -0.02188    0.02364   -0.00608    0.01330      8
   0.03230    0.02356    0.02993    0.00393      5
   0.04360    0.02308    0.07002   -0.01265      6
   0.05981    0.02230    0.02970   -0.00005      1
   0.06341    0.02292   -0.01278    0.03365      1
  -0.11961    0.02716   -0.10398    0.02452      8
  -0.05442    0.02685   -0.00459    0.01332      2
  -0.05248    0.02781   -0.01935    0.00842     81
  -0.03950    0.02774   -0.02468    0.00639     27
  -0.03563    0.02823   -0.01524   -0.02141     61
  -0.03180    0.02762   -0.00668    0.00799     42
  -0.02805    0.02849    0.00235   -0.00259     88
  -0.02258    0.02633    0.00675    0.00044      2
  -0.01985    0.02652   -0.00254    0.00254      1
  -0.01433    0.02956    0.01464    0.01464      1
   0.02750    0.02902    0.02844   -0.00451      1
   0.04089    0.02965    0.06075    0.00995      2
   0.04235    0.02835    0.03479    0.02793      2
   0.04658    0.02779    0.04987    0.02697      1
   0.05335    0.02939    0.08210    0.05031      1
   0.05560    0.02899    0.06250    0.02656      2
   0.07654    0.02775    0.07967    0.03856      2
   0.12004    0.02966    0.12492    0.03772      1
  -0.21790    0.03031    0.11152   -0.10473      1
  -0.16960    0.03094   -0.10349   -0.00108      1
  -0.05151    0.03092   -0.01498    0.01090     34
  -0.04981    0.03307   -0.02430    0.01338     37
  -0.04006    0.03136   -0.01800    0.00056    373
  -0.03471    0.03174   -0.01649   -0.02307    110
  -0.03391    0.03361   -0.02387   -0.02950      4
  -0.02621    0.03025    0.00000   -0.00241     17
  -0.02326    0.03248    0.00000   -0.00122     86
  -0.02126    0.03386    0.00810    0.00270     25
   0.02461    0.03355    0.03351    0.02451     11
   0.03109    0.03274    0.05760    0.01783      1
   0.03496    0.03197    0.02928    0.02798      1
   0.04152    0.03255    0.06989    0.00170      2
   0.05153    0.03111    0.06685    0.02674      1
   0.05482    0.03205    0.06510    0.03676      7
   0.07606    0.03115    0.09127    0.02446      1
   0.11931    0.03253    0.15252    0.03995      6
  -0.05007    0.03411   -0.01217    0.02709      3
  -0.04754    0.03587   -0.02000    0.01325    135
  -0.04551    0.03663   -0.01426    0.00649     67
  -0.04062    0.03504   -0.01307    0.00276     50
  -0.03566    0.03604   -0.01064    0.00105      2
  -0.03147    0.03619    0.00156    0.01250      7
  -0.02269    0.03603    0.01117    0.02556      1
  -0.01927    0.03504    0.00593    0.00770    351
  -0.01743    0.03598    0.00869    0.00249     94
   0.01395    0.03747    0.01797    0.01635      1
   0.01695    0.03721    0.02513    0.01790     19
   0.01845    0.03701    0.02798    0.00947     20
   0.02429    0.03462    0.03663    0.01741     16
   0.02800    0.03625    0.03711    0.02428      4
   0.03045    0.03465    0.03431    0.02193      4
   0.03978    0.03633    0.06014   -0.01077      2
   0.05286    0.03697    0.04800    0.02519      2
   0.05716    0.03664    0.01526    0.03060      1
   0.09137    0.03411    0.09709    0.05316      1
   0.11791    0.03727    0.13482    0.03262      7
   0.11837    0.03576    0.14002    0.03726      7
  -0.05845    0.04157   -0.02933    0.02175     38
  -0.05571    0.04183   -0.02528    0.02171     71
  -0.04792    0.03915   -0.01491    0.01794     26
  -0.04380    0.03900   -0.01138    0.00849      5
  -0.04091    0.03939   -0.01273    0.00849      5
  -0.01074    0.03851    0.01614    0.02428      5
  -0.00957    0.03889    0.02323    0.01169     12
  -0.00375    0.04084    0.01464    0.02150      9
  -0.00051    0.03995    0.02001    0.01620     29
   0.00453    0.03972    0.01179    0.01073     48
   0.00755    0.03926    0.01424    0.01334     14
   0.01138    0.03839    0.01575    0.01475     24
   0.01489    0.03838    0.02511    0.01479     18
   0.01874    0.04112    0.02646   -0.03968    105
   0.02351    0.04003    0.05348   -0.04214      6
   0.02786    0.03880    0.06535    0.03230      1
   0.03098    0.03867    0.03757    0.03359      1
   0.05125    0.03986    0.05990    0.03083      5
   0.05554    0.03931    0.01692    0.03380      1
   0.08646    0.04100    0.06028    0.05409      1
   0.11704    0.03991    0.13220    0.04409     32
  -0.06238    0.04488   -0.04363    0.03530      4
  -0.05995    0.04395   -0.03043    0.02821    158
  -0.05510    0.04244   -0.02513    0.02008    139
  -0.05109    0.04427   -0.02414    0.01803     16
  -0.04626    0.04322   -0.01539    0.01769     33
  -0.04517    0.04465   -0.01154    0.02209     26
  -0.03686    0.04364   -0.04811    0.02451      1
  -0.01046    0.04497    0.01594    0.02612      1
  -0.00858    0.04335    0.01721    0.01721     17
   0.00894    0.04459    0.01595   -0.04491      4
   0.01180    0.04251    0.01540   -0.03755      4
   0.01901    0.04361    0.04108   -0.03936    122
   0.02206    0.04444    0.04323   -0.04073      1
   0.02759    0.04406    0.04216    0.02321      2
   0.05226    0.04492    0.05958    0.03715     26
   0.11605    0.04271    0.13618    0.04663     12
  -0.11464    0.04625   -0.10420    0.05705      1
  -0.06210    0.04709   -0.05239    0.04938      1
  -0.06103    0.04911   -0.03477    0.02791    107
  -0.04820    0.04717   -0.02540    0.02674     17
  -0.04316    0.04884   -0.01529    0.02179     35
  -0.04195    0.04999   -0.01219    0.04890      1
  -0.02755    0.04829    0.01703    0.02433      1
   0.00415    0.04908    0.03029   -0.05523      2
   0.00746    0.04716    0.02135   -0.05063      4
   0.01957    0.04802    0.04564   -0.03986     35
   0.02231    0.04723    0.06198   -0.04632      2
   0.03151    0.04910    0.05508   -0.01343      1
   0.04892    0.04899    0.04788    0.03653      4
   0.05158    0.04643    0.06229    0.03826     10
   0.11320    0.04975    0.15263    0.01558      2
   0.11435    0.04705    0.14243    0.04668      2
  -0.11153    0.05216   -0.10577    0.06502      2
  -0.05969    0.05293   -0.02993    0.03007     79
  -0.05774    0.05334   -0.03452    0.03903      2
  -0.04119    0.05097   -0.01940    0.02808     40
  -0.01647    0.05296   -0.00719   -0.02321      1
   0.00034    0.05026    0.01305   -0.04588      2
   0.01742    0.05127    0.04215   -0.03988     67
   0.01835    0.05074    0.04943   -0.03598      6
   0.03641    0.05195    0.05500    0.02683      6
   0.03890    0.05362    0.04385    0.03052      8
   0.04412    0.05273    0.05641    0.04024      3
   0.04769    0.05031    0.05183    0.02898      4
   0.11189    0.05265    0.13080    0.05151      5
  -0.11008    0.05486   -0.09080    0.06519      2
  -0.10884    0.05659   -0.07899    0.05348      3
  -0.05883    0.05431   -0.03118    0.03060     18
  -0.05647    0.05536   -0.03167    0.03033     10
  -0.04782    0.05441   -0.03583    0.03671      1
  -0.04301    0.05651   -0.05134    0.04099      1
  -0.03910    0.05505   -0.01688    0.02353     25
  -0.03592    0.05616   -0.02250    0.01969      2
  -0.03395    0.05692   -0.03143    0.03220      1
  -0.02846    0.05680    0.00731    0.02786      1
  -0.00211    0.05761    0.00083   -0.04769      1
  -0.00104    0.05745    0.01473   -0.05233      2
   0.01216    0.05767    0.04181   -0.04824     10
   0.01479    0.05473    0.02893   -0.03551     12
   0.02681    0.05475    0.04059   -0.00811      1
   0.03021    0.05631    0.07070    0.02072      2
   0.03555    0.05687    0.03252    0.03186     26
   0.03825    0.05432    0.05500    0.02683      1
   0.05178    0.05684    0.04161    0.02681      1
   0.10883    0.05702    0.09855    0.04369      5
  -0.10729    0.06144   -0.08214    0.04724      2
  -0.10098    0.06145   -0.08075    0.06897      1
  -0.05232    0.05950   -0.02159    0.03278      8
  -0.04964    0.06180   -0.02040    0.03353      3
  -0.03060    0.05955   -0.02141    0.02335      2
  -0.02900    0.06049   -0.01516    0.02245     15
  -0.02053    0.05931   -0.01233   -0.00549      1
   0.00959    0.06115    0.05712   -0.05270      2
   0.01147    0.05847    0.04137   -0.04631      5
   0.02134    0.06050    0.01954    0.03405      4
   0.03225    0.05887    0.03141    0.04168      1
   0.03702    0.06142    0.04108    0.03221      1
   0.05090    0.05856    0.02588    0.03231      1
   0.10800    0.05939    0.11160    0.05943      2
  -0.10404    0.06484   -0.07973    0.07046      4
  -0.09958    0.06388   -0.07488    0.08030      1
  -0.07550    0.06403   -0.05463    0.05253      5
  -0.05010    0.06527   -0.04646    0.06635      1
  -0.04872    0.06284   -0.02588    0.03312     46
  -0.04526    0.06494   -0.03915    0.04345     10
  -0.04180    0.06287   -0.06939    0.08039      1
  -0.02288    0.06353   -0.02527    0.02004      9
  -0.02066    0.06433   -0.01434    0.02545      2
   0.00704    0.06430    0.05000   -0.04327      2
   0.01699    0.06316    0.01701    0.05265      2
   0.01990    0.06298    0.06787    0.01338      7
   0.02300    0.06364    0.05516    0.02934      2
  -0.09484    0.06842   -0.07112    0.05507     10
  -0.09321    0.06881   -0.06814    0.06469      2
  -0.08721    0.06925   -0.05598    0.04285      3
  -0.08537    0.06957   -0.03954    0.02667      1
  -0.07733    0.06679    0.02418    0.04828      1
  -0.07350    0.06609   -0.04777    0.04378      1
  -0.04324    0.06721   -0.03524    0.05048     36
  -0.04051    0.06753   -0.01805    0.05350      4
  -0.03774    0.06633   -0.02376    0.05770     26
  -0.00735    0.06877   -0.02270    0.01899      3
  -0.00426    0.06952   -0.01618    0.01787      4
   0.00006    0.06821    0.04678   -0.07816      2
   0.00512    0.06804    0.07003   -0.03295      1
   0.00713    0.06674    0.06929   -0.02265      3
   0.02058    0.06616    0.06490    0.05702      1
   0.21074    0.06949   -0.10556   -0.02671      1
  -0.09208    0.07069   -0.06201    0.06008      2
  -0.08687    0.07125   -0.06575    0.04841      7
  -0.08422    0.07220   -0.05873    0.04074    157
  -0.08167    0.07390   -0.05207    0.02665      1
  -0.07528    0.07039   -0.28530   -0.02245      1
  -0.06682    0.07081   -0.03918    0.03343      6
  -0.06566    0.07136   -0.03313    0.02329      3
  -0.03531    0.07113   -0.01096    0.04456      2
  -0.03297    0.07151    0.00052    0.03329      1
  -0.02959    0.07312    0.00500    0.05015      7
   0.21038    0.07056    0.16359    0.00800      1
  -0.08288    0.07470   -0.06400    0.04642      8
  -0.08187    0.07502   -0.04793    0.04906      5
  -0.05742    0.07485   -0.06254    0.07322      1
  -0.03084    0.07506    0.00222    0.05211      4
  -0.01114    0.07523    0.00925    0.05776      1
   0.20839    0.07622    0.17084    0.17024      1
  -0.07497    0.07848   -0.03240    0.00000      1
  -0.09047    0.08378   -0.05468    0.05603      1
  -0.10763    0.08800    0.07664    0.03788      1
  -0.03539    0.08984   -0.01375    0.06700      1
  -0.20159    0.09255   -0.17071    0.04067      1
  -0.10600    0.09381   -0.11717    0.10114      1
  -0.07743    0.09641   -0.06558    0.06030      1
   0.07746    0.09640    0.12098    0.09216      3
   0.07834    0.09568    0.12637    0.10198      2
   0.03281    0.10145    0.04121   -0.07284      1
  -0.06613    0.10453   -0.04785    0.14057      1
  -0.04761    0.10393   -0.01465    0.04916      1
   0.06792    0.10332    0.07459    0.07663      2
  -0.05872    0.10886   -0.02874    0.15210      1
  -0.04929    0.10767   -0.00720    0.09188      3
   0.06171    0.10715    0.08197    0.07304      1
   0.19324    0.10906    0.29265    0.11646      1
  -0.05517    0.11065   -0.03186    0.12515      2
  -0.05178    0.11209   -0.03119    0.12709      4
  -0.04920    0.11348   -0.02691    0.12768      1
  -0.04578    0.11487   -0.03664    0.15501      1
  -0.10235    0.13873   -0.04086    0.13619      1
   0.14065    0.17166    0.17895    0.21402      1
   0.12284    0.18475    0.16312    0.11379      1
