  -0.03892   -0.21828   -0.05430   -0.15166      3
  -0.03389   -0.21921   -0.02349   -0.12927      1
  -0.02549   -0.22029   -0.01537   -0.15402      1
  -0.02127   -0.22074   -0.03135   -0.12667      3
  -0.01717   -0.22110   -0.00720   -0.12128      1
  -0.00721   -0.22149    0.00337   -0.21898      2
   0.00000   -0.22114    0.00906   -0.17886      1
   0.01490   -0.22139    0.00886   -0.21130      1
   0.02461   -0.21868    0.05193   -0.13815      1
   0.03335   -0.21934    0.00689   -0.20055      2
   0.03555   -0.21900    0.03621   -0.18457      1
  -0.05488   -0.21467   -0.15924    0.20903      1
  -0.04686   -0.21674   -0.11806   -0.12467      2
  -0.04444   -0.21729   -0.02110   -0.13669      3
  -0.03165   -0.21668   -0.03727   -0.13348      1
   0.04541   -0.21715    0.03814   -0.16193      2
   0.05138   -0.21584    0.05473   -0.15628      1
   0.05597   -0.21470    0.09487   -0.18699      1
  -0.06804   -0.21103   -0.06268   -0.14693      2
  -0.06312   -0.21267   -0.04550   -0.14607      3
  -0.08904   -0.20281   -0.08053   -0.17160      5
  -0.08138   -0.20597   -0.08875   -0.13010      1
  -0.09821   -0.19827    0.14584   -0.30034      1
  -0.10258   -0.19580   -0.11285   -0.18416      1
  -0.10043   -0.19719   -0.11628    0.12041      1
  -0.11131   -0.19095    0.00446   -0.14757      2
  -0.10868   -0.19256   -0.07233   -0.11398      3
  -0.11635   -0.18787   -0.13708   -0.16222      3
  -0.12265   -0.18280   -0.12917   -0.15123      1
  -0.13558   -0.17558   -0.10314   -0.07543      2
   0.13420   -0.17661    0.12678   -0.17708      1
  -0.14362   -0.16768   -0.11829   -0.19454      1
   0.14522   -0.16765    0.14187   -0.11366      1
   0.14783   -0.16540    0.11460   -0.12152      3
  -0.15371   -0.15801   -0.14527   -0.13452      1
   0.14751   -0.15946    0.08126   -0.10666      1
   0.15443   -0.15927    0.02974   -0.05491      2
  -0.15588   -0.15588   -0.11277   -0.13808     17
  -0.15864   -0.15325   -0.10503   -0.13492      1
   0.16047   -0.15319    0.10039   -0.12135      1
  -0.16244   -0.14937   -0.13648   -0.16037      1
  -0.09246   -0.14733   -0.02356   -0.16550      2
  -0.16775   -0.14267    0.03617    0.15999      2
  -0.03868   -0.14101    0.03316    0.01617      1
   0.11152   -0.13757    0.07379   -0.12885      1
   0.03090   -0.13212    0.00394   -0.02314      2
  -0.17993   -0.12792   -0.16969   -0.07238      1
   0.04908   -0.12995   -0.00047   -0.02429      1
   0.12447   -0.12777    0.09168   -0.12332      2
  -0.01889   -0.12217   -0.01432   -0.11339      1
  -0.01421   -0.12278   -0.01234   -0.10615      3
  -0.01185   -0.12303   -0.01166   -0.10736      3
  -0.00884   -0.12328   -0.01233   -0.10825      3
  -0.00402   -0.12348   -0.00694   -0.10820      2
   0.00013   -0.12336    0.00975   -0.10709      2
   0.00423   -0.12351   -0.00103   -0.09809      1
   0.00830   -0.12337   -0.00133   -0.10888      1
   0.01375   -0.12218    0.05091   -0.03231      1
   0.01872   -0.12223    0.01553   -0.10696      4
  -0.18550   -0.11845   -0.11256   -0.05661      1
  -0.06322   -0.12065   -0.01780   -0.06478      2
  -0.03528   -0.11847   -0.03566   -0.10320      4
  -0.03060   -0.11966   -0.02345   -0.14480      3
  -0.02690   -0.12054   -0.02211   -0.08741      4
  -0.02475   -0.12112   -0.01527   -0.10600      7
  -0.02162   -0.12174   -0.01823   -0.11009      3
  -0.01771   -0.12126   -0.01319   -0.09266      1
   0.02465   -0.12116    0.01837   -0.10439      5
   0.02863   -0.12029    0.03334   -0.10714      3
   0.03119   -0.11965    0.01957   -0.10316      3
   0.03483   -0.11864    0.03563   -0.10290      1
   0.12825   -0.11934    0.06826   -0.11227      1
  -0.18692   -0.11735   -0.13518   -0.08580      2
  -0.08088   -0.11585   -0.36017   -0.36017      1
  -0.04478   -0.11494   -0.03170   -0.10516      7
  -0.03883   -0.11728   -0.04420   -0.10832      1
  -0.03660   -0.11791   -0.02038   -0.09466      4
  -0.03221   -0.11607   -0.02923   -0.10257      2
  -0.01599   -0.11736   -0.01607   -0.12042      1
   0.03769   -0.11740    0.01960   -0.10894      1
   0.04461   -0.11435    0.03944   -0.09860      1
  -0.05477   -0.11059   -0.03540   -0.09725      1
  -0.05016   -0.11283   -0.06166   -0.10468      1
  -0.04932   -0.11320   -0.04708   -0.09265      4
  -0.03136   -0.11060   -0.03154   -0.08907      1
  -0.01803   -0.11144   -0.01367   -0.09259      1
  -0.00493   -0.11024    0.00899   -0.07324      1
   0.00113   -0.11010    0.00134   -0.04047      1
   0.13828   -0.11042    0.13032   -0.09469      1
  -0.06211   -0.10654   -0.05242   -0.09596      2
  -0.06063   -0.10743   -0.05607   -0.09384      5
  -0.05643   -0.10976   -0.05075   -0.09568      4
  -0.02474   -0.10795    0.04409    0.08154      1
  -0.01411   -0.10744    0.07382   -0.19434      1
  -0.00969   -0.10836    0.09487   -0.05346      1
   0.00152   -0.10998   -0.03826   -0.09422      1
   0.00862   -0.10870    0.03962   -0.06287      4
   0.01631   -0.10710    0.00155   -0.08908      1
   0.02449   -0.10966   -0.01548   -0.10233      1
   0.04469   -0.10869    0.03334   -0.11402      1
  -0.06852   -0.10212   -0.04856   -0.08833      1
  -0.06511   -0.10471   -0.05132   -0.09526      4
  -0.03541   -0.10492   -0.04890   -0.07980      1
   0.02149   -0.10323    0.05265   -0.17775      1
   0.02244   -0.10386    0.01178   -0.06089      2
   0.02656   -0.10460    0.02529   -0.04622      2
   0.03343   -0.10228   -0.32025   -0.36071      1
   0.03575   -0.10238    0.02864   -0.04277      4
   0.09176   -0.10266    0.08223   -0.08943      1
   0.09625   -0.10245    0.07919   -0.08357      4
  -0.07506   -0.09828   -0.06215   -0.08942      1
  -0.07049   -0.10038   -0.06249   -0.08697      1
  -0.06994   -0.10078   -0.05737   -0.09361      1
  -0.05592   -0.10047   -0.03507   -0.08914      2
  -0.00443   -0.09828   -0.01013   -0.08815      4
  -0.00026   -0.09818   -0.00331   -0.10524      1
   0.03615   -0.10174    0.04148   -0.10165      1
   0.04979   -0.10044    0.04215   -0.09649      1
   0.05470   -0.09875    0.03213   -0.07533      1
   0.05974   -0.09810    0.03141   -0.04502      1
   0.07479   -0.09843    0.07056   -0.08175      1
   0.09295   -0.10101    0.02394   -0.02333      9
   0.09461   -0.10068    0.06195   -0.09790      6
   0.09881   -0.10072    0.03545   -0.07780      1
   0.10613   -0.10135    0.09486   -0.06692      1
  -0.19965   -0.09408   -0.13427   -0.06549      1
  -0.07606   -0.09743   -0.05876   -0.08845      1
  -0.02623   -0.09464   -0.02217   -0.09093      1
  -0.02417   -0.09471   -0.01696   -0.08975      2
  -0.01098   -0.09684   -0.01221   -0.09485      7
  -0.00902   -0.09700   -0.00322   -0.08689      4
   0.00052   -0.09599    0.02438   -0.08850      1
   0.00473   -0.09670    0.00583   -0.07086      1
   0.00711   -0.09542   -0.00480   -0.08085      1
   0.01391   -0.09442    0.01640   -0.07103      1
   0.05442   -0.09549    0.02516   -0.05677      1
   0.07958   -0.09460    0.07140   -0.08693      1
   0.09530   -0.09698    0.02606   -0.01603      3
   0.09896   -0.09550    0.09019   -0.08925      1
  -0.08079   -0.09279   -0.06463   -0.08926      2
  -0.02372   -0.09235   -0.01784   -0.08390      2
  -0.01963   -0.09258   -0.01392   -0.10164      1
   0.03540   -0.09033    0.04705   -0.08812      1
   0.08094   -0.09344    0.06490   -0.08519      1
   0.08250   -0.09193    0.07434   -0.08539      6
   0.10444   -0.09205    0.09112    0.06246      2
   0.20125   -0.09261    0.19626   -0.10436      1
  -0.08705   -0.08705   -0.06879   -0.08029     21
  -0.08584   -0.08824   -0.06414   -0.08122      1
  -0.03844   -0.08682   -0.04820   -0.08022      3
  -0.03735   -0.08738   -0.02944   -0.07566     16
  -0.03218   -0.08927   -0.02264   -0.08867      2
   0.06152   -0.08841   -0.00268   -0.02686      1
   0.08567   -0.08876    0.07814   -0.08397      2
   0.08676   -0.08798    0.07794   -0.08664      2
   0.10665   -0.08976    0.09429   -0.10387      2
  -0.09068   -0.08339   -0.07412   -0.07729      3
  -0.08912   -0.08457   -0.07127   -0.07380      3
  -0.08138   -0.08445   -0.05399   -0.06277      1
  -0.04625   -0.08279   -0.03955   -0.08482      1
  -0.04510   -0.08430   -0.02968   -0.07766      4
   0.06176   -0.08473    0.09121    0.13367      2
   0.08943   -0.08537    0.07570   -0.08801      1
   0.11337   -0.08453   -0.04150    0.03398      2
   0.20522   -0.08400    0.20527   -0.12140      1
  -0.09468   -0.07846   -0.07201   -0.06393      1
  -0.09385   -0.07950   -0.07216   -0.07239      5
  -0.08463   -0.08107   -0.06153   -0.07053      1
  -0.05445   -0.07913   -0.04073   -0.08326      2
  -0.05104   -0.08086   -0.04113   -0.08625     21
  -0.04867   -0.08138   -0.05062   -0.07957      2
  -0.01899   -0.07818   -0.03171   -0.08482      5
  -0.01198   -0.07846   -0.00148   -0.03867      1
  -0.00275   -0.07965   -0.01051   -0.07935      2
  -0.00117   -0.08112   -0.00855   -0.08218      2
   0.01342   -0.08008    0.01683   -0.08106      2
   0.02099   -0.07899    0.01158   -0.06923      1
   0.05850   -0.07943    0.04606   -0.07202      1
   0.06424   -0.08108   -0.16754   -0.11047      1
   0.09394   -0.07874    0.10652   -0.08144      1
   0.11574   -0.08173    0.12462   -0.12941      2
   0.11820   -0.07995    0.11363   -0.07446      2
  -0.09610   -0.07658   -0.07309   -0.07795      2
  -0.08926   -0.07784   -0.05586   -0.06472      1
  -0.08401   -0.07738   -0.08678   -0.09503      1
  -0.05758   -0.07547   -0.08009   -0.08895      1
  -0.02670   -0.07745   -0.02637   -0.07930     14
  -0.02419   -0.07560   -0.02336   -0.07299     54
  -0.02001   -0.07678   -0.02244   -0.07876     41
  -0.01707   -0.07725   -0.01532   -0.07951     41
  -0.01094   -0.07671   -0.00878   -0.07687      2
  -0.00657   -0.07519   -0.00524   -0.06864      2
   0.00122   -0.07678    0.00076   -0.06209      3
   0.00451   -0.07699   -0.00694   -0.07717      2
   0.01022   -0.07611    0.02223   -0.08369      3
   0.01792   -0.07433    0.01570   -0.07612     76
   0.01982   -0.07437    0.01396   -0.07643    227
   0.02276   -0.07413    0.01415   -0.07740      6
   0.02739   -0.07666    0.04039   -0.08741      1
   0.05850   -0.07751    0.04145   -0.07328      5
   0.07147   -0.07477    0.01533   -0.02222      1
   0.09017   -0.07460    0.04137   -0.05333      1
   0.09677   -0.07657    0.10426   -0.07466      2
   0.12047   -0.07484    0.09127   -0.06475      3
  -0.10043   -0.07140   -0.08055   -0.06640      1
  -0.08704   -0.07147   -0.08607   -0.05070      1
  -0.06631   -0.07116   -0.05071   -0.08013      2
  -0.06553   -0.07279   -0.04397   -0.07384      2
  -0.04213   -0.07027   -0.03600   -0.07697      2
  -0.04152   -0.07066   -0.02938   -0.07405      5
  -0.03678   -0.07155   -0.03145   -0.07890     16
  -0.03327   -0.07029   -0.03652   -0.07460     11
  -0.02806   -0.07196   -0.02347   -0.07225     14
  -0.02404   -0.07103   -0.01826   -0.07201     30
  -0.02079   -0.07340   -0.02260   -0.07694      9
  -0.01452   -0.07323   -0.00290   -0.08540      2
  -0.00742   -0.07132   -0.00886   -0.06356      8
   0.01266   -0.07095    0.00896   -0.06980     36
   0.01588   -0.07187    0.01191   -0.07086    221
   0.01910   -0.07355    0.01369   -0.07420     87
   0.02360   -0.07336    0.01790   -0.07856     84
   0.02759   -0.07221    0.02115   -0.07123    148
   0.03096   -0.07137    0.02697   -0.07157     83
   0.03537   -0.07032    0.03321   -0.07288     19
   0.04157   -0.07055    0.02524   -0.06934      1
   0.06731   -0.07131    0.04794   -0.06516      2
   0.09370   -0.07002    0.07362   -0.04690      1
   0.09926   -0.07219    0.10284   -0.05287      2
   0.12183   -0.07260    0.10638   -0.05680      3
   0.12215   -0.07206    0.11417   -0.06313      3
   0.12653   -0.07069    0.12233   -0.07763      1
   0.20930   -0.07326    0.14693   -0.05670      1
  -0.20854   -0.06913   -0.19365   -0.06153      3
  -0.10246   -0.06775   -0.08770   -0.06433      3
  -0.10128   -0.06968   -0.10407   -0.06940      1
  -0.09062   -0.06659   -0.05621   -0.08148      1
  -0.08985   -0.06964   -0.07619   -0.05888      1
  -0.07037   -0.06827   -0.06403   -0.05665      1
  -0.04656   -0.06699   -0.05220   -0.07768      1
  -0.04333   -0.06705   -0.03579   -0.07158     13
  -0.03953   -0.06857   -0.03308   -0.06765     31
  -0.03512   -0.06743   -0.03532   -0.07099     83
  -0.03266   -0.06827   -0.03054   -0.06753     38
  -0.02814   -0.06658   -0.02841   -0.07191     11
  -0.02559   -0.06928   -0.02262   -0.07307      1
  -0.02097   -0.06915   -0.03725   -0.04855      1
   0.00687   -0.06646   -0.00584   -0.06814      1
   0.01372   -0.06942    0.00291   -0.06929     57
   0.01615   -0.06876    0.00936   -0.06509     69
   0.01951   -0.06701    0.01650   -0.06455     76
   0.03351   -0.06969    0.03719   -0.06975     64
   0.03725   -0.06924    0.03321   -0.07056     89
   0.03974   -0.06799    0.03104   -0.07019    117
   0.04301   -0.06665    0.03337   -0.06384     31
   0.04638   -0.06766    0.03099   -0.06498      1
   0.06836   -0.06825    0.05616   -0.06398      5
   0.10228   -0.06881    0.10628   -0.05699      1
   0.12535   -0.06897    0.11928   -0.04495      2
  -0.21068   -0.06413   -0.19375   -0.07283      3
  -0.20994   -0.06483   -0.11649   -0.05869      4
  -0.10467   -0.06407   -0.08006   -0.06098      5
  -0.10007   -0.06304   -0.12098   -0.07298      1
  -0.08923   -0.06564   -0.06126   -0.05834      1
  -0.05216   -0.06314   -0.03906   -0.06497      8
  -0.04707   -0.06424   -0.04868   -0.06884     15
  -0.04455   -0.06391   -0.03966   -0.06747     22
  -0.04080   -0.06503   -0.03341   -0.06085     23
  -0.03593   -0.06544   -0.02453   -0.06522      9
  -0.03134   -0.06508   -0.02896   -0.06710     24
  -0.02803   -0.06363   -0.02444   -0.06716     47
  -0.02596   -0.06309   -0.01971   -0.06954      2
   0.00911   -0.06220    0.00293   -0.05674      2
   0.01342   -0.06255    0.00407   -0.06119     21
   0.01657   -0.06313    0.01104   -0.06382     96
   0.02077   -0.06358    0.01375   -0.06209   1126
   0.02218   -0.06328    0.01946   -0.06709     11
   0.04406   -0.06558    0.04753   -0.06429     45
   0.04664   -0.06458    0.04656   -0.06340      5
   0.05048   -0.06351    0.03809   -0.06215      1
   0.06867   -0.06558    0.04901   -0.05274      1
   0.07143   -0.06367    0.05918   -0.06215      3
   0.09796   -0.06417    0.09719   -0.06831      1
   0.12580   -0.06551    0.12281    0.13403      1
   0.12650   -0.06412    0.02762    0.01317      1
  -0.21101   -0.06122   -0.19009   -0.04418      2
  -0.10740   -0.05944   -0.10063   -0.06083      9
  -0.10279   -0.05827   -0.07715   -0.06203      1
  -0.09946   -0.06003   -0.05853   -0.03620      2
  -0.07634   -0.05922   -0.06938   -0.06724      5
  -0.05505   -0.05986   -0.04392   -0.06260      7
  -0.05207   -0.05911   -0.04580   -0.06321     18
  -0.04884   -0.05967   -0.04419   -0.06058     20
  -0.04442   -0.06130   -0.05860   -0.06224      2
  -0.03825   -0.06152   -0.03790   -0.06645      1
  -0.03051   -0.06059   -0.02387   -0.06510     16
  -0.02672   -0.06130   -0.02548   -0.06330    109
  -0.02457   -0.06053   -0.01715   -0.06275     49
  -0.01996   -0.05916   -0.01455   -0.06044    112
  -0.01675   -0.05916   -0.01297   -0.05821    198
  -0.01229   -0.05849   -0.00974   -0.06005     41
  -0.00967   -0.06153   -0.00010    0.05579      1
  -0.00261   -0.05834    0.00061   -0.05577      6
   0.00020   -0.05817   -0.00789   -0.06041     11
   0.00949   -0.06042    0.00901   -0.06060     34
   0.01275   -0.06027    0.00835   -0.05747    101
   0.01708   -0.05982    0.00918   -0.06016    363
   0.01902   -0.06026    0.01321   -0.06002    865
   0.05307   -0.05871    0.04802   -0.05687     43
   0.05549   -0.05884    0.04601   -0.05882     40
   0.07300   -0.06156    0.05859   -0.06349      1
   0.07569   -0.06015    0.05622   -0.05722      4
   0.12834   -0.06094    0.12208   -0.04858      1
   0.21278   -0.06186    0.11470   -0.01064      1
  -0.10886   -0.05629   -0.08890   -0.04355      1
  -0.10456   -0.05459   -0.08265   -0.04778     12
  -0.09856   -0.05524   -0.11312   -0.06505      1
  -0.07902   -0.05562   -0.07214   -0.05904      9
  -0.07699   -0.05724   -0.07211   -0.03882      1
  -0.05874   -0.05578   -0.04806   -0.06429      5
  -0.05513   -0.05681   -0.04668   -0.05569      9
  -0.05172   -0.05727   -0.04226   -0.05530     18
  -0.03167   -0.05600   -0.03589   -0.06241      3
  -0.02933   -0.05542   -0.01198    0.05898     16
  -0.02398   -0.05673   -0.01997   -0.05815      8
  -0.01892   -0.05775   -0.01134   -0.04410      2
  -0.01519   -0.05755    0.00083   -0.05306      5
  -0.01175   -0.05740   -0.00812   -0.06000    121
  -0.00856   -0.05697   -0.00377   -0.05792     76
  -0.00485   -0.05632   -0.00479   -0.05679     72
   0.00057   -0.05582   -0.00301   -0.05715     72
   0.00465   -0.05652    0.00112   -0.05675     78
   0.00786   -0.05584    0.00732   -0.05393     96
   0.01198   -0.05490    0.00889   -0.05307     98
   0.01658   -0.05476    0.00996   -0.05666    159
   0.01918   -0.05533    0.01416   -0.05576    186
   0.02467   -0.05451    0.02105   -0.05262     30
   0.02874   -0.05768    0.01947   -0.02920      1
   0.03299   -0.05584    0.02454   -0.05989      8
   0.03683   -0.05546    0.02521   -0.05572     34
   0.03845   -0.05438    0.01697   -0.04793      2
   0.04415   -0.05503    0.01213    0.07097      1
   0.04918   -0.05450    0.03668   -0.04716      2
   0.05287   -0.05591    0.04493   -0.05210    266
   0.05496   -0.05531    0.04970   -0.05272    579
   0.05911   -0.05505    0.05758   -0.05704    304
   0.07715   -0.05534    0.05880   -0.05327      7
   0.07817   -0.05456    0.04664   -0.05002      1
   0.10900   -0.05624    0.10993   -0.04734      1
  -0.12839   -0.05207   -0.05944   -0.03867      2
  -0.11145   -0.05251   -0.09676   -0.05188      1
  -0.10612   -0.05139   -0.07783   -0.04695      1
  -0.10514   -0.05334   -0.09188   -0.04620     31
  -0.09879   -0.05079   -0.08010   -0.05505      1
  -0.09701   -0.05377   -0.07945   -0.05440      1
  -0.08262   -0.05099   -0.05595   -0.05347      1
  -0.08065   -0.05159   -0.07096   -0.05240      6
  -0.05819   -0.05205   -0.05065   -0.04847     18
  -0.05749   -0.05075   -0.05443   -0.04878     45
  -0.05068   -0.05324   -0.04415   -0.05686      2
  -0.04089   -0.05246   -0.00035    0.04715      2
  -0.03799   -0.05215   -0.02914   -0.06485      1
  -0.02697   -0.05075   -0.01583   -0.05196      6
  -0.02038   -0.05029   -0.01469   -0.04748      2
  -0.00994   -0.05057   -0.01551    0.04890      1
   0.00934   -0.05341    0.00163   -0.05575      4
   0.01261   -0.05383    0.00950   -0.04920     15
   0.01732   -0.05374    0.00878   -0.05639    152
   0.01875   -0.05372    0.01031   -0.05477    223
   0.02327   -0.05288    0.01870   -0.05101    131
   0.02840   -0.05088    0.02203   -0.04878    171
   0.04127   -0.05233    0.03308   -0.05062     55
   0.04326   -0.05078    0.04071   -0.04704    193
   0.04982   -0.05239    0.04292   -0.04704     74
   0.05110   -0.05215    0.04563   -0.04871    292
   0.05674   -0.05211    0.05291   -0.05188    319
   0.05996   -0.05100    0.05426   -0.05082    774
   0.06209   -0.05049    0.05529   -0.05443     16
   0.07999   -0.05189    0.06608   -0.04719     21
   0.08284   -0.05323    0.07852   -0.04755      1
   0.11221   -0.05163    0.11414   -0.05543      1
   0.13365   -0.05155    0.07278   -0.01285      2
   0.16670   -0.05343    0.13768   -0.04795      1
  -0.10813   -0.04833   -0.08810   -0.03886      8
  -0.10370   -0.04787   -0.06262   -0.02267      1
  -0.10041   -0.04879   -0.07748   -0.04546      4
  -0.08247   -0.04782   -0.06849   -0.04851      8
  -0.08176   -0.04862   -0.06795   -0.05762      7
  -0.06743   -0.04627   -0.06705   -0.04385      2
  -0.06265   -0.04880   -0.05133   -0.04032     22
  -0.06151   -0.04892   -0.05181   -0.05415     24
  -0.03832   -0.04750   -0.01916    0.04890    121
  -0.03546   -0.04747   -0.01487    0.04827    329
   0.00943   -0.04939   -0.02351   -0.07279      1
   0.02033   -0.04859    0.03349   -0.04575      1
   0.02937   -0.04951    0.01997   -0.04966     76
   0.03100   -0.04714    0.02400   -0.04820    167
   0.03456   -0.04619    0.03089   -0.04823      3
   0.04501   -0.04956    0.04186   -0.04677     60
   0.04932   -0.04911    0.04357   -0.04226    257
   0.05066   -0.04949    0.04484   -0.04584    278
   0.06159   -0.04980    0.05138   -0.04680     11
   0.06422   -0.04739    0.05789   -0.05344    420
   0.06649   -0.04657    0.06141   -0.04831     39
   0.08164   -0.04894    0.06878   -0.04509      7
   0.08251   -0.04682    0.07241   -0.04014      5
   0.11439   -0.04682    0.10440   -0.04868      1
   0.13314   -0.04885    0.16411    0.22671      1
  -0.10985   -0.04334   -0.08632   -0.04367      2
  -0.10407   -0.04458   -0.08853   -0.03886      6
  -0.08644   -0.04559   -0.05706   -0.05491      1
  -0.08347   -0.04536   -0.07006   -0.05449      5
  -0.07022   -0.04238   -0.06359   -0.04422      3
  -0.06854   -0.04426   -0.06380   -0.04841     94
  -0.06557   -0.04421   -0.04804   -0.04581     23
  -0.06135   -0.04358   -0.05556   -0.04644      5
  -0.05060   -0.04556   -0.05599   -0.03078      1
  -0.04757   -0.04306   -0.01476    0.04963      6
  -0.04565   -0.04427   -0.02180    0.05088      5
  -0.03859   -0.04455   -0.01534    0.04561     17
  -0.02187   -0.04542   -0.00733   -0.04074      1
  -0.01330   -0.04375   -0.01050    0.05205      1
  -0.00230   -0.04229   -0.00330    0.04488      1
   0.00222   -0.04298    0.01700    0.04360      1
   0.01528   -0.04491    0.02532    0.05964      1
   0.02572   -0.04330    0.02740    0.04600      2
   0.02989   -0.04593    0.01813   -0.04509      1
   0.03266   -0.04391    0.02512   -0.04499    360
   0.03539   -0.04258    0.02849   -0.04170     56
   0.04011   -0.04378    0.04985   -0.03929      3
   0.04205   -0.04594    0.04888   -0.04116      1
   0.04785   -0.04562    0.05763   -0.05431      1
   0.05933   -0.04252    0.01708    0.06378      4
   0.06580   -0.04576    0.05713   -0.04463     22
   0.06800   -0.04372    0.06255   -0.04462    275
   0.07015   -0.04240    0.07506   -0.04457      5
   0.08480   -0.04278    0.07334   -0.04005     27
   0.13432   -0.04549    0.09116   -0.02121      1
  -0.11652   -0.03876   -0.10177   -0.02435      7
  -0.10566   -0.04132   -0.04811   -0.02451      1
  -0.08749   -0.04048   -0.07442   -0.03417      2
  -0.08538   -0.04135   -0.06380   -0.04843      1
  -0.07091   -0.04036   -0.06462   -0.04547     66
  -0.06852   -0.03942   -0.06150   -0.03920     56
  -0.06558   -0.04111   -0.06029   -0.04973     21
  -0.05407   -0.03809   -0.03066    0.04113      1
  -0.05032   -0.04119   -0.02449    0.04913      1
  -0.03911   -0.04048   -0.02189    0.04033      8
  -0.03696   -0.04037   -0.02375    0.03498     29
  -0.03302   -0.04006   -0.01990    0.03585     20
  -0.02801   -0.04035   -0.01575    0.05353      1
  -0.01949   -0.04068   -0.00962    0.03313      4
  -0.01612   -0.03951   -0.02177    0.04113      5
  -0.01171   -0.03845   -0.00655   -0.03106     10
  -0.00934   -0.03887   -0.02830   -0.00535      7
  -0.00584   -0.03955   -0.01208    0.00675      6
   0.00059   -0.03998    0.00203    0.01820     28
   0.00314   -0.03986    0.00904    0.01974     63
   0.00723   -0.03932    0.00889    0.00885      7
   0.01133   -0.03832    0.02190    0.02151     12
   0.01981   -0.03806    0.02140    0.02906      4
   0.02456   -0.03871    0.03346    0.04698      6
   0.02982   -0.03953    0.02518    0.04878      4
   0.03243   -0.04125    0.02804   -0.03819     22
   0.03652   -0.04023    0.02513   -0.03994    481
   0.03859   -0.04042    0.03111   -0.04308     10
   0.06957   -0.04144    0.06371   -0.04032     68
   0.07111   -0.04004    0.06632   -0.03985    110
   0.08566   -0.04173    0.06682   -0.03905      7
   0.08679   -0.03946    0.07134   -0.03509     13
   0.11666   -0.04083    0.09963   -0.04394      1
  -0.21567   -0.03756   -0.16134   -0.03725      1
  -0.11802   -0.03404   -0.10299   -0.03247      1
  -0.11736   -0.03635   -0.10066   -0.03005     24
  -0.10631   -0.03756   -0.05560   -0.02090      1
  -0.09027   -0.03622   -0.07916   -0.04004      7
  -0.08871   -0.03681   -0.09519   -0.04051      5
  -0.07443   -0.03416   -0.07632   -0.04021      5
  -0.07230   -0.03528   -0.06574   -0.03873    452
  -0.06880   -0.03571   -0.06235   -0.03978     22
  -0.06039   -0.03696   -0.06455   -0.02640      2
  -0.05730   -0.03461   -0.02286    0.04843     80
  -0.04418   -0.03574   -0.03637   -0.03250     21
  -0.03903   -0.03661   -0.03143   -0.03630     24
  -0.03689   -0.03567   -0.02979   -0.03331     20
  -0.02347   -0.03429   -0.01811   -0.03062      6
  -0.01952   -0.03569   -0.01774   -0.02418      8
  -0.01606   -0.03504   -0.01471   -0.09716      7
  -0.01358   -0.03724   -0.04700   -0.09723      1
   0.00742   -0.03577    0.05969   -0.11287      4
   0.01261   -0.03757    0.01789    0.01845     23
   0.01652   -0.03641    0.01742    0.00993     24
   0.02006   -0.03535    0.02391    0.02479     19
   0.02270   -0.03457    0.03445    0.03154      6
   0.02627   -0.03759    0.02576    0.04159      6
   0.03681   -0.03704    0.02521   -0.03620    144
   0.03943   -0.03707    0.02875    0.04875     10
   0.04485   -0.03442    0.04182    0.05149      2
   0.07274   -0.03649    0.06888   -0.03639     70
   0.07409   -0.03421    0.06920   -0.03852      3
   0.08746   -0.03719    0.06898   -0.03421     20
   0.11863   -0.03449    0.11037   -0.04392      1
   0.14175   -0.03587    0.07383   -0.01623      1
  -0.11831   -0.03281   -0.10311   -0.03211      1
  -0.11796   -0.03309   -0.10336   -0.02821      4
  -0.10888   -0.03085   -0.09638   -0.03244      1
  -0.10592   -0.03160   -0.08709   -0.02268      1
  -0.09129   -0.03108   -0.07827   -0.03438      2
  -0.07525   -0.03229   -0.06890   -0.03269     15
  -0.07223   -0.03078   -0.06390   -0.03085    270
  -0.06899   -0.03166   -0.05997   -0.03048     34
  -0.06498   -0.03141   -0.05558   -0.03073      9
  -0.05785   -0.03396   -0.01476    0.03283      1
  -0.04769   -0.03172   -0.03820   -0.02740     26
  -0.03439   -0.03345   -0.02271   -0.03248     13
  -0.03222   -0.03304   -0.02163   -0.03068     16
  -0.02631   -0.03251   -0.02419   -0.03379     21
  -0.02480   -0.03325   -0.01512   -0.02460     21
  -0.02175   -0.03355    0.02146    0.01287      2
  -0.01161   -0.03284    0.01051   -0.03159      1
   0.02200   -0.03339   -0.00769   -0.00758      1
   0.02479   -0.03329    0.02250    0.02588     16
   0.02799   -0.03325    0.03456    0.03221     51
   0.03030   -0.03324    0.03662    0.03271      3
   0.03677   -0.03258    0.02558   -0.03132    142
   0.03869   -0.03147    0.03034    0.02851     14
   0.04316   -0.03228    0.02827    0.04463      5
   0.05468   -0.03120    0.03439    0.05104      8
   0.07333   -0.03347    0.06745   -0.03202      2
   0.07493   -0.03168    0.06904   -0.03159     65
   0.08921   -0.03234    0.06749   -0.02302      8
   0.09135   -0.03106    0.08044   -0.02135      2
   0.13779   -0.03359    0.14601    0.00537      2
  -0.11942   -0.02789   -0.10774   -0.02560     12
  -0.11456   -0.02989   -0.09605   -0.02340      2
  -0.09240   -0.02974   -0.07242   -0.03499      2
  -0.07432   -0.02686   -0.06623   -0.03033     25
  -0.07196   -0.02903   -0.06291   -0.02864    568
  -0.06676   -0.02885   -0.05322   -0.02457      6
  -0.06383   -0.02718   -0.03179    0.04387     41
  -0.06023   -0.02991   -0.03908    0.01619      9
  -0.05169   -0.02710   -0.04614   -0.02805      9
  -0.04953   -0.02968   -0.03723   -0.02416     13
  -0.03504   -0.02656   -0.03003    0.02597      4
  -0.02807   -0.02847   -0.02200   -0.02821      8
  -0.01851   -0.02946   -0.05195   -0.08000      1
   0.00033   -0.02681    0.00448    0.01574      3
   0.02526   -0.02656    0.10624   -0.08758      1
   0.02867   -0.02725    0.01858   -0.00954     18
   0.03300   -0.02609    0.02513   -0.02471     12
   0.03551   -0.02705    0.02762   -0.02677    295
   0.03801   -0.02818    0.03122   -0.02486      2
   0.04411   -0.02847    0.03392    0.03634     10
   0.04651   -0.02827    0.03033    0.04025      5
   0.05093   -0.02633    0.03616    0.04249      1
   0.05506   -0.02928    0.03662    0.05751      2
   0.07638   -0.02785    0.06805   -0.02565     87
   0.09087   -0.02872    0.06756   -0.01775     12
   0.09465   -0.02666    0.08265   -0.01802      7
   0.13851   -0.02947    0.11452   -0.03479      1
  -0.09457   -0.02332   -0.08028   -0.01619      1
  -0.07468   -0.02417   -0.06920   -0.02652     50
  -0.07272   -0.02505   -0.06674   -0.02744     38
  -0.06615   -0.02416   -0.02342    0.05654      1
  -0.06514   -0.02336   -0.05321   -0.02516      6
  -0.05591   -0.02499   -0.04343   -0.02934     27
  -0.05327   -0.02515   -0.04689   -0.02740      3
  -0.04445   -0.02371   -0.01887    0.01670      1
  -0.03646   -0.02567   -0.03996    0.02605      1
  -0.03323   -0.02223   -0.00738   -0.01288      5
   0.00032   -0.02590   -0.00602    0.03220      2
   0.03264   -0.02510    0.02391   -0.02434    327
   0.03563   -0.02529    0.02777   -0.02421     41
   0.04939   -0.02499    0.03759    0.04027     12
   0.05214   -0.02443    0.04069    0.04402      6
   0.05727   -0.02246    0.03341    0.04010      1
   0.06018   -0.02326    0.03174    0.04368      1
   0.07711   -0.02482    0.06765   -0.01839    127
   0.07843   -0.02314    0.06769   -0.01841     18
   0.09161   -0.02417    0.06860   -0.02015     10
   0.09499   -0.02593    0.08210   -0.01626      1
   0.13941   -0.02594    0.13074   -0.04862      1
  -0.21759   -0.01915   -0.16110    0.01693      1
  -0.12066   -0.02167   -0.11240   -0.03244      1
  -0.11676   -0.01949   -0.10941   -0.01261      4
  -0.09273   -0.02175   -0.10498   -0.00808      1
  -0.07601   -0.01969   -0.07067   -0.02108      8
  -0.07185   -0.01818   -0.06100   -0.02141     63
  -0.06835   -0.01847   -0.05373   -0.01923      9
  -0.06562   -0.02003   -0.05617   -0.01632      1
  -0.05955   -0.02071   -0.05454   -0.02115      1
  -0.05684   -0.01966   -0.03970   -0.02307     14
  -0.05088   -0.01811   -0.03601    0.05278      1
  -0.04664   -0.02154   -0.03025    0.01161      1
  -0.03449   -0.02022   -0.00587   -0.01403     11
  -0.03345   -0.02189    0.00876   -0.02073      1
   0.03371   -0.02150    0.02446   -0.01523     32
   0.03560   -0.01933    0.02476   -0.01368    146
   0.04442   -0.01867    0.04973   -0.00814      1
   0.05250   -0.02123    0.04261    0.04040     24
   0.05526   -0.01882    0.04209    0.04087     21
   0.05851   -0.01806    0.06731    0.03239      1
   0.07718   -0.02158    0.06944   -0.02216      1
   0.07866   -0.02025    0.07006   -0.01656     69
   0.09275   -0.02022    0.06833   -0.01209      2
   0.09649   -0.02097    0.09357   -0.00196      1
  -0.12146   -0.01660   -0.10513   -0.00524      2
  -0.07997   -0.01735   -0.06452   -0.02765      1
  -0.07595   -0.01685   -0.06619   -0.01609      4
  -0.07189   -0.01786   -0.05887   -0.01626     26
  -0.06662   -0.01648   -0.06019   -0.01600     99
  -0.06586   -0.01604   -0.05988   -0.01622     49
  -0.05535   -0.01482   -0.04690   -0.01351     50
  -0.05121   -0.01785   -0.02845    0.03250      5
  -0.03713   -0.01482   -0.02329   -0.00832     31
  -0.02906   -0.01707   -0.02553   -0.01597      2
   0.00055   -0.01621    0.00563    0.02451      2
   0.00804   -0.01415    0.02611    0.04829      1
   0.03700   -0.01741    0.02941   -0.01265    165
   0.03828   -0.01465    0.03233   -0.00805     36
   0.04979   -0.01629    0.04207    0.03090      1
   0.05595   -0.01751    0.05007    0.03969      5
   0.06019   -0.01503    0.04964    0.03987      7
   0.06529   -0.01757    0.03351    0.05682      2
   0.07273   -0.01623    0.01781    0.06790      1
   0.07948   -0.01521    0.07039   -0.00916    107
   0.09780   -0.01483    0.08938   -0.01050      1
   0.10950   -0.01623    0.10492   -0.00881      1
   0.11020   -0.01517    0.09676   -0.00915      1
  -0.12215   -0.01079   -0.09655   -0.01117      1
  -0.11456   -0.01009   -0.11164   -0.01009      6
  -0.07607   -0.01287   -0.07506   -0.00895      5
  -0.07117   -0.01250   -0.06026   -0.00355     14
  -0.06672   -0.01200   -0.06257   -0.00907     49
  -0.06575   -0.01352   -0.06136   -0.01583     10
  -0.05466   -0.01070   -0.03943   -0.00476      9
  -0.05381   -0.01291   -0.03158    0.04042      1
  -0.04298   -0.01200   -0.05531   -0.01607      1
  -0.03836   -0.01126   -0.02236   -0.00810     98
  -0.03785   -0.01288   -0.01479   -0.00501     26
   0.03758   -0.01365    0.02204   -0.00666     30
   0.03857   -0.01348    0.03357   -0.00626     32
   0.06101   -0.01360    0.03496    0.03475      9
   0.06314   -0.01094    0.04346    0.05506      2
   0.08022   -0.01173    0.07540   -0.00580    103
   0.09415   -0.01048    0.06499   -0.00960      1
  -0.12226   -0.00932   -0.10243   -0.01476      3
  -0.11449   -0.00985   -0.09699   -0.01462      5
  -0.09564   -0.00712   -0.09358   -0.00775     26
  -0.07286   -0.00721   -0.06330   -0.00362     16
  -0.06774   -0.00817   -0.06434   -0.00926     36
  -0.06029   -0.00921   -0.03446    0.02751      1
  -0.05580   -0.00666   -0.04777   -0.00466     17
  -0.04930   -0.00699   -0.03204   -0.01197      3
  -0.04283   -0.00890   -0.03213   -0.01331     10
  -0.03906   -0.00878   -0.02547   -0.00470    123
  -0.03730   -0.00879   -0.11842   -0.02564      3
   0.01231   -0.00930    0.04030   -0.02535      2
   0.01444   -0.00770    0.02089   -0.02981      6
   0.03938   -0.00742    0.01972   -0.00452     16
   0.06191   -0.00979    0.04920    0.04353      1
   0.06386   -0.00945    0.04324    0.05333      3
   0.06826   -0.00976    0.03388    0.06454      1
   0.08063   -0.00788    0.07606   -0.00172     55
   0.09419   -0.00973    0.07190    0.00318      5
   0.11346   -0.00654    0.10923   -0.01110      1
  -0.07994   -0.00566   -0.07795   -0.00737      1
  -0.07420   -0.00288   -0.06402   -0.00226      4
  -0.07204   -0.00508   -0.06457   -0.00526      7
  -0.06854   -0.00495   -0.06197   -0.00358     23
  -0.05875   -0.00267   -0.04671    0.00286      1
  -0.05606   -0.00551   -0.04394   -0.00460     14
  -0.04746   -0.00273   -0.03324   -0.00136      2
  -0.04453   -0.00272   -0.03872   -0.00458     10
  -0.03965   -0.00516   -0.02376   -0.00387     74
  -0.00941   -0.00324   -0.02382   -0.00820     31
   0.03964   -0.00524    0.01040   -0.00802      9
   0.08098   -0.00402    0.07735    0.00124     88
   0.08217   -0.00261    0.07352    0.00246      3
   0.09497   -0.00279    0.08125    0.00132      4
   0.14162   -0.00363    0.10667   -0.02190      1
  -0.09865   -0.00002   -0.09692   -0.00729      1
  -0.07407   -0.00039   -0.06614   -0.00078      4
  -0.07327    0.00091   -0.06703    0.00057     12
  -0.06860    0.00087   -0.06323    0.00000     23
  -0.06036    0.00011   -0.04094    0.00680      2
  -0.05770   -0.00171   -0.04803    0.03338      1
  -0.04235    0.00045   -0.03034   -0.00682      4
  -0.03998   -0.00021   -0.02229   -0.00665     12
  -0.03556   -0.00009   -0.11240    0.03244      1
  -0.01004   -0.00044   -0.03085   -0.01272      6
  -0.00956    0.00009   -0.03228   -0.00070      5
  -0.00313   -0.00112   -0.02471   -0.02018      6
   0.00046    0.00156   -0.00269    0.02958      1
   0.03997   -0.00098    0.01935   -0.00365     16
   0.07042   -0.00076    0.04985   -0.00736      1
   0.08110   -0.00031    0.08201    0.00502     40
   0.08222   -0.00067    0.07685    0.00488      8
   0.09464    0.00051    0.07593    0.00194      2
   0.14190   -0.00015    0.30047    0.00787      1
  -0.09803    0.00341   -0.08033   -0.00458      2
  -0.09580    0.00204   -0.10498    0.00808      1
  -0.07252    0.00413   -0.06740   -0.00140     32
  -0.06868    0.00294   -0.06632    0.01065      5
  -0.06333    0.00472   -0.04701    0.04057      1
  -0.05802    0.00256   -0.03876    0.00810      1
  -0.05717    0.00369   -0.05805    0.02988      2
  -0.04348    0.00512   -0.03504    0.00003      4
  -0.03989    0.00343   -0.01512    0.00066      7
   0.00667    0.00481    0.03096    0.01219      2
   0.01548    0.00536    0.04134   -0.01584     16
   0.03984    0.00400    0.01678   -0.01335      5
   0.06786    0.00570    0.04328    0.04756      4
   0.07075    0.00422    0.02682    0.05700      1
   0.08099    0.00484    0.07541    0.00817     59
   0.08222    0.00359    0.07911    0.00359      1
   0.09450    0.00381    0.07421    0.00141      2
  -0.07617    0.00841   -0.06925    0.00345      8
  -0.07028    0.00660   -0.06744    0.00119     75
  -0.06938    0.00824   -0.06365    0.00216     22
  -0.06227    0.00889   -0.03983    0.02551     10
  -0.05815    0.00898   -0.05554    0.02381     20
  -0.05792    0.00895   -0.04769    0.02424      3
  -0.04417    0.00660   -0.03629   -0.01342      1
  -0.03895    0.00900   -0.00808    0.00349      5
  -0.01073    0.00916   -0.04817    0.01139      1
   0.00343    0.00702    0.01720    0.02451     19
   0.01176    0.00971    0.03120   -0.00448      4
   0.03903    0.00906    0.02501   -0.01286    148
   0.05152    0.00839    0.04958    0.01584     25
   0.06829    0.00799    0.04558    0.04615      4
   0.07093    0.00779    0.04283    0.05561      3
   0.08055    0.00766    0.07296    0.00857    108
  -0.07087    0.01096   -0.06589    0.00750     30
  -0.06673    0.01290   -0.05977    0.00768    439
  -0.06543    0.01299   -0.05772    0.00802    174
  -0.05973    0.01192   -0.05405    0.02692     33
  -0.05795    0.01032   -0.05610    0.02395      7
  -0.04672    0.01172   -0.04770   -0.01323      1
  -0.04220    0.01126   -0.03164   -0.01283      6
  -0.04146    0.01037   -0.02545   -0.00983     12
  -0.03779    0.01304   -0.01943    0.01275     16
  -0.00171    0.01329   -0.01186    0.00967      1
   0.03256    0.01329    0.08388    0.04875      4
   0.03775    0.01316    0.02535   -0.01152     34
   0.03861    0.01234    0.02522   -0.01231    190
   0.06835    0.01378    0.03951    0.04942      4
   0.07014    0.01240    0.04242    0.05339      3
   0.08024    0.01163    0.07383    0.01058     73
   0.14113    0.01173    0.19049    0.03393      1
  -0.07872    0.01433   -0.09171    0.01623      2
  -0.07560    0.01750   -0.00929    0.08625      2
  -0.07124    0.01531   -0.05704    0.00824      6
  -0.06609    0.01420   -0.06066    0.00922     71
  -0.06583    0.01456   -0.05641    0.00969    140
  -0.06023    0.01523   -0.04948    0.02665     34
  -0.05698    0.01758   -0.05491    0.02491      1
  -0.04256    0.01706   -0.04796   -0.02278      1
  -0.03683    0.01555   -0.06506    0.02710      6
  -0.00018    0.01510   -0.00003    0.01795     46
   0.03187    0.01655    0.11526    0.07709      2
   0.03664    0.01630    0.01835    0.00367     46
   0.03853    0.01446    0.03112   -0.01225     51
   0.06854    0.01514    0.03577    0.05724      7
   0.07957    0.01607    0.07597    0.02389     45
  -0.07477    0.02055   -0.00078    0.08099      5
  -0.07180    0.01988   -0.02503    0.05134      4
  -0.06869    0.01908   -0.06341    0.01622      9
  -0.06496    0.01880   -0.05826    0.01632     15
  -0.05826    0.02124   -0.05030    0.02193    304
  -0.05795    0.02025   -0.05141    0.02790     16
  -0.04847    0.02146   -0.04050   -0.00806      3
  -0.03487    0.01953    0.00993    0.00009      2
  -0.03366    0.02023   -0.07310    0.01997      2
   0.02954    0.02077    0.03631    0.03494      1
   0.03357    0.02172    0.00885    0.00357      8
   0.03489    0.02128    0.02496   -0.02089    101
   0.06714    0.02183    0.05083    0.04841      1
   0.07291    0.02193    0.06880    0.03305      3
   0.07619    0.02078    0.06810    0.02435     78
   0.07866    0.01953    0.07901    0.02494    131
  -0.07401    0.02363   -0.03990    0.10902      1
  -0.07374    0.02349   -0.01714    0.06570      4
  -0.06350    0.02246   -0.06144    0.01341     10
  -0.05872    0.02324   -0.04965    0.02118    422
  -0.05447    0.02312   -0.05577    0.02538     37
  -0.05397    0.02344   -0.05601    0.02277      8
  -0.04753    0.02405   -0.02732   -0.00098      2
  -0.03193    0.02406   -0.01217   -0.02709      1
   0.00113    0.02555    0.01238    0.02044      4
   0.02575    0.02530    0.06566    0.14611      1
   0.02801    0.02352    0.06992    0.09715      2
   0.03338    0.02459    0.02518   -0.02236    126
   0.03461    0.02238    0.02569   -0.02459    154
   0.06559    0.02377    0.05470    0.04541      1
   0.06638    0.02322    0.03347    0.04907      3
   0.07272    0.02427    0.06559    0.02744    101
   0.07699    0.02221    0.06867    0.02673     34
   0.07820    0.02206    0.07277    0.02634      1
   0.14029    0.02224    0.11602    0.00405      1
  -0.07200    0.02724   -0.02091    0.06323      5
  -0.06991    0.02734   -0.03154    0.06672      7
  -0.05945    0.02788   -0.05325    0.02429     45
  -0.05621    0.02691   -0.05066    0.02258     14
  -0.05356    0.02980   -0.05622    0.00730      1
  -0.04822    0.02918   -0.04692   -0.00123     21
  -0.03406    0.02844   -0.03097    0.02527      2
  -0.03384    0.02850   -0.03996    0.02605      3
  -0.02841    0.02805    0.01470   -0.00113      2
  -0.00225    0.02617   -0.01153    0.01610      1
   0.00136    0.02773    0.00876    0.01675      3
   0.00260    0.02778   -0.00736    0.03432      3
   0.02832    0.02822    0.01517    0.00567     25
   0.03352    0.02868    0.02535   -0.02794    185
   0.03409    0.02838    0.02471   -0.02600     29
   0.06362    0.02861    0.04204    0.05136      8
   0.06901    0.02873    0.05637    0.03131     73
   0.07082    0.02713    0.06385    0.02712     29
   0.07671    0.02738    0.08576    0.02844      6
   0.09142    0.02692    0.08558    0.03319      1
  -0.07418    0.03397   -0.05616    0.02854      2
  -0.07069    0.03134   -0.00862    0.07501      3
  -0.06835    0.03183   -0.03570    0.06897      2
  -0.06570    0.03354   -0.05553    0.01822      4
  -0.05959    0.03104   -0.04848    0.02661     80
  -0.05543    0.03191   -0.04952    0.02073     44
  -0.05327    0.03208   -0.03785    0.01919      8
  -0.04760    0.03072   -0.04662   -0.00324      9
  -0.04572    0.03145   -0.03776   -0.00280     11
  -0.03833    0.03272   -0.02045    0.03199      3
  -0.02678    0.03237   -0.02197   -0.03073     24
  -0.02543    0.03295   -0.01553   -0.02805     15
  -0.01871    0.03354   -0.09937   -0.02993      2
  -0.01577    0.03232    0.00969    0.02423      1
  -0.01069    0.03390    0.09216    0.17115      1
   0.02147    0.03390    0.00937    0.00039      2
   0.02443    0.03313    0.02746    0.02706     30
   0.02624    0.03208    0.03016    0.02854     10
   0.03373    0.03112    0.02529   -0.02527     44
   0.03419    0.03153    0.02520   -0.02455     62
   0.06521    0.03332    0.05513    0.03243     34
   0.06728    0.03094    0.06535    0.03072     57
   0.08898    0.03245    0.08348    0.02552      1
   0.09049    0.03376    0.08202    0.02713      1
  -0.07411    0.03407   -0.07642    0.02452      3
  -0.07388    0.03470   -0.05795    0.03094      1
  -0.06697    0.03614   -0.03030    0.07004     10
  -0.06587    0.03759   -0.04020    0.07135      5
  -0.05807    0.03562   -0.05618    0.02850      7
  -0.05741    0.03612   -0.05324    0.02429     25
  -0.05209    0.03524   -0.04789    0.03688      8
  -0.04357    0.03714   -0.03966   -0.00928     38
  -0.03869    0.03789   -0.04646    0.04896      1
  -0.03089    0.03745   -0.03305   -0.00030      2
  -0.02924    0.03622   -0.02547   -0.03280     13
  -0.02222    0.03426   -0.00922   -0.02633      7
  -0.02195    0.03435   -0.01451   -0.02970      3
   0.00163    0.03600    0.06579   -0.18578      1
   0.00969    0.03667    0.10353   -0.09743      2
   0.01315    0.03769    0.01268    0.01883      8
   0.01602    0.03663    0.02026    0.03334     21
   0.02056    0.03434    0.01782    0.02800     22
   0.02398    0.03625    0.04396    0.04882      1
   0.02685    0.03416    0.03567    0.03260     30
   0.03189    0.03679    0.02575   -0.02855     70
   0.06184    0.03746    0.04836    0.04466      8
   0.06418    0.03555    0.05130    0.03303     85
   0.07302    0.03622    0.06703    0.04147      4
   0.09023    0.03402    0.08357    0.02523      1
   0.13763    0.03419   -0.33101   -0.33333      1
  -0.06684    0.04012   -0.01377    0.07114      6
  -0.06494    0.04126   -0.03683    0.06870      6
  -0.05479    0.03897   -0.06288    0.01610      7
  -0.05174    0.04071   -0.05334    0.00676     34
  -0.04259    0.03957   -0.05230   -0.01881      9
  -0.04148    0.04179   -0.03853   -0.01318      3
  -0.03615    0.03859   -0.03169    0.02521      1
  -0.03010    0.03902   -0.02591   -0.02091      3
  -0.02986    0.04111   -0.02271   -0.02964      2
  -0.01619    0.03999   -0.02275    0.03556     18
  -0.00372    0.03981   -0.00490    0.01879     37
  -0.00038    0.03997   -0.00213    0.01618    481
   0.00460    0.03972    0.00167    0.01733    504
   0.00753    0.03927    0.00712    0.01840    180
   0.01108    0.03842    0.00892    0.01948     56
   0.02016    0.03954    0.02213    0.04069      2
   0.02341    0.03931    0.02304    0.04033     19
   0.02972    0.04115    0.02537   -0.03271     13
   0.03091    0.03892    0.02537   -0.03269     84
   0.03678    0.04022    0.04556    0.04009     27
   0.03976    0.04074    0.03965    0.04067     39
   0.05876    0.04072    0.05163    0.04402    158
   0.06301    0.03944    0.07186    0.03530      2
   0.06854    0.04151    0.06760    0.04126      1
   0.13199    0.04031    0.16853    0.04050      2
  -0.06351    0.04314   -0.03000    0.06643     15
  -0.05740    0.04384   -0.04807    0.05432      2
  -0.05055    0.04449   -0.05848    0.00809    187
  -0.04985    0.04559   -0.05963    0.00889     51
  -0.04086    0.04322   -0.04184   -0.02361     10
  -0.03586    0.04578   -0.04602   -0.02154      2
  -0.02934    0.04306   -0.03117   -0.03232     18
  -0.02530    0.04469   -0.02074    0.04686      6
  -0.01980    0.04222   -0.01499    0.03233      4
  -0.01652    0.04541   -0.00331   -0.03946      1
   0.01420    0.04560    0.00893   -0.03516      4
   0.01954    0.04312    0.02261    0.04804      5
   0.02465    0.04470    0.02861   -0.03165      3
   0.02826    0.04426    0.02435   -0.03715    114
   0.03250    0.04577    0.01223    0.04237      1
   0.03481    0.04302    0.03196    0.04792      1
   0.04159    0.04501    0.04010    0.04257      4
   0.05380    0.04440    0.05750    0.04871      3
   0.05736    0.04401    0.05032    0.04352    259
   0.05934    0.04255    0.04605    0.04754     32
   0.12863    0.04575    0.04713    0.02525      2
   0.13056    0.04240    0.11474    0.05205      1
  -0.06230    0.04607   -0.01670    0.05981      1
  -0.06119    0.04721   -0.02555    0.06685     13
  -0.05515    0.04922   -0.03974    0.04292      1
  -0.05027    0.04873   -0.03047    0.00799      1
  -0.04872    0.04745   -0.05949    0.00708    226
  -0.03847    0.04726   -0.05222   -0.02322      2
  -0.03639    0.04641   -0.04036   -0.02830     22
  -0.03076    0.04683   -0.03477   -0.03120     23
  -0.02652    0.04822   -0.02364    0.03526     14
  -0.02576    0.04718   -0.01986    0.03818      7
  -0.01180    0.04628   -0.00631   -0.04728      1
   0.00524    0.04986   -0.00693   -0.05899      1
   0.01162    0.04884    0.01707   -0.03170      1
   0.01430    0.04800    0.02185    0.04441      1
   0.02177    0.04970    0.02274   -0.03277      4
   0.02431    0.04878    0.02516   -0.04160    254
   0.02652    0.04705    0.02537   -0.03972    137
   0.03010    0.04657    0.02762    0.04482      2
   0.03630    0.04648    0.01933    0.04262      1
   0.04149    0.04643    0.04358    0.03483      4
   0.04285    0.04762    0.05829    0.04275      4
   0.04660    0.04994    0.05133    0.06837      1
   0.05344    0.04909    0.04937    0.04737     17
   0.05586    0.04689    0.04993    0.03970     21
   0.06409    0.04734    0.05502    0.04311      2
   0.08367    0.04779    0.08616    0.04079      4
   0.10885    0.04677    0.10466    0.04123      1
   0.12823    0.04831    0.13101    0.06334      2
  -0.05894    0.05244   -0.03991    0.06100      1
  -0.05628    0.05345   -0.03965    0.06482      2
  -0.05371    0.05183   -0.06214    0.04603      3
  -0.04686    0.05041   -0.06202    0.00703      7
  -0.04532    0.05251   -0.06511    0.00314     12
  -0.04096    0.05331   -0.06281    0.00048      4
  -0.03519    0.05139   -0.04921   -0.02897      2
  -0.02536    0.05235   -0.03256    0.04094      4
   0.00560    0.05059   -0.00490    0.05829      1
   0.00610    0.05353    0.01576   -0.04215      1
   0.02038    0.05248    0.01863   -0.04748     96
   0.02243    0.05037    0.02332   -0.04416     58
   0.04513    0.05240    0.04747    0.05263     14
   0.04934    0.05365    0.05443    0.03333     21
   0.05196    0.05132    0.05085    0.04626     50
   0.05450    0.05046    0.04591    0.05578      2
   0.05897    0.05079    0.04438    0.05255      3
   0.09708    0.05355    0.09668    0.05390      2
  -0.05044    0.05665   -0.05624    0.05703      3
  -0.04749    0.05720   -0.03794    0.04334      1
  -0.04329    0.05555   -0.06019    0.00406      9
  -0.04056    0.05651   -0.06434   -0.00235     59
  -0.03671    0.05707   -0.06200   -0.01136     31
  -0.03292    0.05728   -0.05338   -0.02604      1
  -0.02232    0.05605   -0.02033    0.04677      8
  -0.02107    0.05543   -0.01530    0.04512    234
  -0.01669    0.05581   -0.01158   -0.04899      3
  -0.00639    0.05734   -0.00533   -0.05431      6
  -0.00459    0.05697   -0.00549   -0.05661     60
   0.00000    0.05609   -0.00449   -0.05731     71
   0.00426    0.05610    0.00646   -0.05578     92
   0.00811    0.05600    0.00487   -0.05410     79
   0.01140    0.05577    0.01048   -0.05627    284
   0.01694    0.05564    0.01949   -0.04979     92
   0.01853    0.05480    0.02216   -0.05007     51
   0.03167    0.05433    0.03224    0.05222      4
   0.03622    0.05588    0.05002    0.04439      2
   0.04562    0.05746    0.05857    0.03230      9
   0.04778    0.05576    0.04976    0.03389     33
   0.05181    0.05482    0.04141    0.04866      1
   0.05719    0.05433    0.05806    0.03074      1
   0.09676    0.05573    0.08306    0.05709      1
  -0.05117    0.05945   -0.03615    0.05874      5
  -0.04382    0.05944   -0.05511    0.03233      1
  -0.03967    0.05953   -0.06388   -0.00242      7
  -0.03492    0.05832   -0.06020   -0.01435     31
  -0.03362    0.05991   -0.06051   -0.01666     27
  -0.02824    0.06126   -0.03293    0.04892     24
  -0.02403    0.05944   -0.02038    0.04468      5
  -0.01428    0.06083   -0.02294    0.05713      3
  -0.01004    0.06183   -0.01321   -0.05828     12
  -0.00789    0.06019   -0.01099   -0.05889     87
  -0.00376    0.05825   -0.00326   -0.05644      6
   0.00166    0.05990    0.00840   -0.06370      2
   0.00490    0.06094    0.00791   -0.05769     10
   0.00845    0.06121    0.00943   -0.06106    104
   0.01089    0.05913    0.01224   -0.05805     41
   0.01417    0.05805    0.03263   -0.05049      3
   0.02074    0.05989    0.03970   -0.03879      2
   0.03599    0.05804    0.03247    0.04201      1
   0.04126    0.06128    0.05690    0.03350     12
   0.04358    0.05993    0.05691    0.03205     22
   0.04716    0.06053    0.03847    0.06085      1
   0.05179    0.05880    0.04845    0.04369      5
   0.09899    0.05908    0.08224    0.05179      1
  -0.03533    0.06330   -0.06460    0.00631     15
  -0.03195    0.06451   -0.05846   -0.00007     14
  -0.02793    0.06439   -0.03151    0.04845      9
  -0.01053    0.06411   -0.02068   -0.06405     37
  -0.00891    0.06255   -0.01578   -0.05938     25
  -0.00403    0.06237    0.02063    0.05761      1
   0.00539    0.06247    0.00891   -0.06418     13
   0.00831    0.06350    0.01175   -0.06269    222
   0.01291    0.06347    0.02518   -0.05830      2
   0.01746    0.06445    0.03429   -0.05020     38
   0.01863    0.06422    0.04237   -0.04475     76
   0.03175    0.06482    0.03321    0.06489      1
   0.03640    0.06549    0.05316    0.03032     14
   0.03963    0.06300    0.05695    0.03274     21
  -0.03990    0.06711   -0.03190    0.05734      4
  -0.03566    0.06732   -0.03161    0.07081     18
  -0.03225    0.06632   -0.03990    0.04217      9
  -0.02749    0.06620   -0.03852    0.05177      9
  -0.02531    0.06918   -0.06369   -0.01612      7
  -0.02143    0.06924   -0.07202   -0.03072      1
  -0.01041    0.06615   -0.02581   -0.06178     24
  -0.00958    0.06871   -0.02155   -0.06679      6
   0.00195    0.06624   -0.00417   -0.06286      1
   0.00524    0.06816    0.01051   -0.06343     15
   0.00803    0.06643    0.01375   -0.06272    293
   0.01633    0.06890    0.04363   -0.04491    100
   0.01849    0.06696    0.04840   -0.04202     23
   0.02998    0.06962    0.06582    0.02686      1
   0.03220    0.06834    0.06375    0.02994     16
   0.03428    0.06671    0.05700    0.02749      3
  -0.03426    0.07077   -0.03602    0.06534      2
  -0.03117    0.07241   -0.01323    0.06619      1
  -0.02873    0.07179   -0.02133    0.07062      5
  -0.02227    0.07062   -0.05690   -0.02329     12
  -0.02060    0.07090   -0.06375   -0.01307     11
  -0.01610    0.07321   -0.06539   -0.03610      1
  -0.00760    0.07065   -0.02515   -0.07159      8
  -0.00187    0.07161   -0.01547   -0.07215      5
   0.00333    0.07295    0.00870   -0.06787     40
   0.00626    0.07019    0.03031   -0.06530      1
   0.01334    0.07158    0.04249   -0.04905     46
   0.01470    0.07065    0.05301   -0.04741      8
   0.02471    0.07258    0.06633    0.03095     11
   0.02745    0.07111    0.06651    0.02807      8
  -0.02476    0.07444   -0.04798    0.05592      4
  -0.02041    0.07459   -0.02911    0.07518      2
  -0.01761    0.07719   -0.00187    0.06165      4
  -0.01165    0.07611   -0.06681   -0.02652     19
  -0.00879    0.07693   -0.06116   -0.03210     33
  -0.00454    0.07628   -0.02885   -0.07216     16
   0.00284    0.07721    0.02509   -0.06962     68
   0.00760    0.07609    0.05073   -0.05003     23
   0.01037    0.07454    0.04944   -0.05282      7
   0.02053    0.07438    0.06767    0.02290      3
   0.08874    0.07733    0.09223    0.08046      1
  -0.01627    0.08011   -0.01250    0.08366      1
  -0.00730    0.07979   -0.00635    0.06657      9
  -0.00474    0.08124   -0.01204    0.06275     20
   0.00159    0.07905    0.01991   -0.06283      4
   0.00437    0.07830    0.05115   -0.05525     27
   0.05486    0.08097    0.05175    0.06918      1
   0.08540    0.08135    0.09516    0.07408      3
   0.09189    0.08124    0.09940    0.06505      1
   0.00029    0.08218    0.00435    0.06916      3
   0.08489    0.08223    0.09274    0.08528      1
   0.05237    0.08956    0.04139    0.32313      1
   0.04725    0.09353    0.01046   -0.04838      1
   0.00476    0.09620    0.00085    0.08460      5
   0.01126    0.09740    0.01522    0.08641      2
   0.04366    0.09539    0.10707   -0.06455      4
   0.07662    0.09646    0.06713    0.09138      1
   0.02107    0.10549    0.05420   -0.08013      2
   0.03680    0.10543    0.04009    0.10798      2
   0.03814    0.10526    0.03420    0.10717      1
   0.06482    0.10463    0.05100    0.09315      1
  -0.00667    0.10902    0.04121   -0.07284      1
   0.01122    0.10656    0.00895   -0.02926      1
   0.01519    0.10713    0.02520   -0.07318      1
   0.02164    0.10627    0.03349   -0.04575      1
   0.02215    0.10601    0.07379   -0.09651      1
   0.02698    0.10927    0.03323    0.09706      1
   0.03783    0.10629    0.03526    0.09634      1
   0.04613    0.10752    0.03555    0.08755      1
  -0.00346    0.11786   -0.00402    0.10972      1
  -0.00185    0.11758    0.00000    0.11519      1
   0.03331    0.11793    0.01380    0.10075      1
   0.03495    0.11770    0.02022    0.10927      3
  -0.00355    0.11807   -0.00415    0.10645      2
   0.00085    0.11836   -0.02667    0.10093      1
   0.03378    0.11805    0.02547    0.10818      2
   0.05473    0.12463    0.03182    0.03182      1
   0.05801    0.12271    0.01803    0.00818      1
   0.04446    0.12987    0.13040    0.07288      1
   0.04137    0.13128    0.10779    0.07976      1
  -0.01529    0.13631   -0.02333   -0.06045      1
   0.15844    0.15093    0.16325    0.17384      1
   0.13724    0.17279    0.12510    0.07310      1
   0.11608    0.18736    0.06574    0.16271      1
   0.05226    0.21164    0.05776    0.19501      1
   0.06008    0.21093    0.04206    0.21961      2
   0.06252    0.21051    0.04943    0.14858      1
  -0.00641    0.21876    0.00163    0.19775      3
  -0.00344    0.21870   -0.10293    0.14324      1
