  -0.04122   -0.28605   -0.02083   -0.22040      1
  -0.01406   -0.28865    0.13585   -0.08822      1
   0.10770   -0.26818    0.06799   -0.05331      1
   0.14480   -0.25011    0.26773    0.26680      1
  -0.16950   -0.23407    0.07761   -0.03586      1
   0.16745   -0.23554    0.08185   -0.12604      1
  -0.03669   -0.21888    0.08252   -0.07774      4
  -0.03092   -0.21975    0.08658   -0.12504      1
  -0.01830   -0.22121   -0.20941   -0.17324      1
  -0.01626   -0.22137   -0.00557   -0.17720      1
  -0.00620   -0.22184    0.08284   -0.14233      1
   0.00043   -0.22187    0.00773   -0.06376      2
   0.00273   -0.22186    0.00004   -0.10687      2
   0.00817   -0.22172   -0.03401   -0.12612      2
   0.01223   -0.22151   -0.02547   -0.05431      3
   0.02265   -0.22070    0.03331   -0.13360      1
   0.02765   -0.22013    0.12383   -0.13186      3
   0.03229   -0.21948   -0.13389   -0.00111      2
   0.03562   -0.21898   -0.01194   -0.10642      7
   0.03936   -0.21839    0.01714   -0.15608      6
  -0.05842   -0.21401    0.08123   -0.11998      1
  -0.05591   -0.21479    0.01440   -0.14960      5
  -0.05087   -0.21598    0.06713   -0.11085      3
  -0.04859   -0.21614   -0.16600   -0.14387      5
  -0.04192   -0.21792   -0.10241   -0.19424      1
   0.04374   -0.21751    0.11292   -0.09078      2
   0.04994   -0.21629   -0.03770   -0.14269      1
  -0.06803   -0.21125   -0.03777   -0.14672      3
  -0.06013   -0.21322   -0.01165   -0.14171      1
  -0.05760   -0.21391    0.00163   -0.11860      2
  -0.07445   -0.20884   -0.01208   -0.18679      1
  -0.07206   -0.20975    0.01430   -0.15413      1
  -0.09005   -0.20215   -0.17732   -0.09588      1
  -0.08933   -0.20283    0.11807   -0.15555      1
  -0.08427   -0.20516    0.04265   -0.17016      2
  -0.08081   -0.20589   -0.21324    0.00409      1
  -0.09939   -0.19814   -0.12711   -0.09895      1
  -0.09775   -0.19866   -0.10649   -0.14286      1
  -0.09291   -0.20097    0.00535   -0.12768      3
   0.09759   -0.19937    0.06607   -0.12692      1
  -0.10771   -0.19406    0.01432   -0.12970      1
  -0.10369   -0.19576   -0.05490   -0.17519      3
  -0.10129   -0.19701   -0.07910   -0.12187      2
  -0.10861   -0.19299    0.05412    0.17166      1
   0.21762   -0.19018    0.32558    0.02677      1
  -0.11817   -0.18758   -0.17100   -0.04678      1
  -0.11575   -0.18834   -0.04012   -0.19800      2
   0.11853   -0.18765    0.13119   -0.12713      1
  -0.12258   -0.18443   -0.01797   -0.12470      1
  -0.12066   -0.18574   -0.06202   -0.21346      1
  -0.12893   -0.18028    0.04138   -0.12660      1
  -0.13328   -0.17751   -0.01945   -0.17622      1
  -0.12630   -0.17758   -0.25176   -0.02380      1
   0.13277   -0.17786    0.13464   -0.07995      1
  -0.13829   -0.17157    0.02933    0.09360      1
  -0.13139   -0.17361   -0.03769   -0.16862      1
  -0.02459   -0.17064    0.02741   -0.08193      1
  -0.00839   -0.17220    0.03103   -0.10344      1
  -0.14024   -0.16671   -0.00899    0.04501      1
  -0.14951   -0.16408   -0.14156   -0.06481      1
  -0.14241   -0.16467    0.07325   -0.02341      2
  -0.14678   -0.16024   -0.17756   -0.18132      1
   0.06426   -0.15999    0.17284   -0.03517      1
   0.23983   -0.16127    0.18522   -0.08402      1
   0.24238   -0.15740    0.02563   -0.12390      2
  -0.24930   -0.14620   -0.14581    0.02808      1
   0.08638   -0.14920    0.07933   -0.08842      1
   0.17048   -0.14214    0.14359   -0.06648      2
  -0.10111   -0.13964   -0.00496   -0.07272      1
   0.09989   -0.14051    0.09487   -0.11306      1
   0.25333   -0.13910    0.24631   -0.02580      2
  -0.17642   -0.13069    0.03955   -0.03123      1
  -0.18058   -0.12720   -0.01198   -0.00799      1
  -0.06128   -0.12564   -0.31746    0.02666      1
  -0.01995   -0.12206    0.02117   -0.10222      1
  -0.01723   -0.12246   -0.02041   -0.06434      1
  -0.01020   -0.12326    0.02408   -0.12275      1
  -0.00906   -0.12335   -0.00666   -0.14113      1
  -0.00345   -0.12362    0.00960   -0.14457      1
   0.00081   -0.12364    0.07605   -0.11855      8
   0.00440   -0.12358    0.05953   -0.12751      7
   0.00680   -0.12345    0.04182   -0.11850      6
   0.01262   -0.12300    0.09500   -0.10700      1
   0.01578   -0.12263    0.05274   -0.12628      8
   0.01927   -0.12213    0.06829   -0.11039      6
   0.18357   -0.12476    0.12135    0.21362      1
  -0.03526   -0.11850   -0.00398   -0.09929      2
  -0.03205   -0.11936   -0.00380   -0.12121     13
  -0.02739   -0.12043   -0.00848   -0.10583      8
  -0.02376   -0.12135   -0.01524   -0.10320      2
  -0.02048   -0.12196    0.00295   -0.11245      3
   0.02110   -0.12183    0.09379   -0.09682      6
   0.02254   -0.12159    0.08075   -0.11021      5
   0.02782   -0.12051    0.06774   -0.11780      1
  -0.04712   -0.11425   -0.01440   -0.10794      3
  -0.04363   -0.11564    0.00297   -0.10764      7
  -0.03923   -0.11719   -0.00077   -0.11334     11
  -0.03726   -0.11786   -0.00658   -0.10778      4
   0.26425   -0.11700    0.21058    0.00147      1
  -0.05542   -0.11043    0.00192   -0.10153     10
  -0.05133   -0.11226   -0.00026   -0.11126      8
  -0.04892   -0.11353   -0.01439   -0.12775      3
   0.05438   -0.11110    0.11271   -0.10999      1
   0.12982   -0.11345    0.15594   -0.05831      1
  -0.06247   -0.10649   -0.03871   -0.10753      3
  -0.05975   -0.10814   -0.00846   -0.11688     11
  -0.05723   -0.10937   -0.00318   -0.10132     15
  -0.06791   -0.10310   -0.04655   -0.09571     12
  -0.06486   -0.10489   -0.03292   -0.09242      7
   0.06605   -0.10457    0.10717   -0.08929      1
   0.19535   -0.10540    0.16826   -0.04984      1
  -0.07443   -0.09866    0.06263   -0.05761      2
  -0.07161   -0.10050   -0.04632   -0.09151     15
   0.07398   -0.09911    0.09946   -0.12326      1
   0.19866   -0.09900    0.16560   -0.03882      2
   0.27130   -0.09961    0.14790    0.01320      1
  -0.07891   -0.09441   -0.03719   -0.09817      6
  -0.07716   -0.09586   -0.03766   -0.08960      7
  -0.05681   -0.09557   -0.03068   -0.09222      1
   0.14307   -0.09620    0.16351   -0.04999      1
  -0.20181   -0.09227    0.13436    0.04653      1
  -0.08314   -0.09058   -0.03359   -0.08308      7
  -0.08036   -0.09337   -0.01370   -0.09199      8
  -0.06652   -0.09018   -0.02316   -0.09975      7
  -0.06479   -0.09059   -0.03760   -0.09782      9
   0.04231   -0.09332    0.09600   -0.10367      1
   0.04859   -0.09066    0.02106    0.07914      1
   0.14459   -0.09390    0.15350   -0.04999      2
  -0.14871   -0.08722   -0.02756   -0.03670      1
  -0.08674   -0.08708   -0.03474   -0.08300      6
  -0.08512   -0.08844   -0.03547   -0.08197     14
  -0.07433   -0.08614   -0.03338   -0.05342      3
  -0.07076   -0.08756   -0.02882   -0.09151     12
  -0.06811   -0.08736   -0.03881   -0.08058     67
  -0.06506   -0.08927   -0.06099   -0.10408      5
   0.20369   -0.08823    0.16983   -0.03641      3
  -0.11165   -0.08292   -0.21933    0.03004      1
  -0.09073   -0.08276   -0.04079   -0.06789      5
  -0.08932   -0.08501   -0.05147   -0.07546      4
  -0.08331   -0.08312   -0.03598   -0.07663      3
  -0.08104   -0.08531    0.30907   -0.18278      1
  -0.07542   -0.08417   -0.03423   -0.06658     34
  -0.07186   -0.08476   -0.03344   -0.07832     57
  -0.06973   -0.08567   -0.02527   -0.07884      8
   0.15112   -0.08298    0.15159   -0.03728      2
  -0.09471   -0.07944   -0.03275   -0.07271      3
  -0.09268   -0.08090   -0.07479   -0.06581      4
  -0.08703   -0.07842   -0.03578   -0.07352      2
  -0.08529   -0.08092   -0.06261   -0.07449      2
  -0.07894   -0.08036   -0.03807   -0.07576      4
  -0.07605   -0.08133   -0.03095   -0.07650     11
  -0.05941   -0.07872   -0.02770   -0.08295     14
  -0.05687   -0.08077   -0.03641   -0.08870      4
   0.09500   -0.07920    0.14383   -0.08017      2
  -0.11292   -0.07703   -0.17186    0.00270      1
  -0.09825   -0.07456   -0.05352   -0.05338      2
  -0.09635   -0.07633   -0.05942   -0.06067      9
  -0.08907   -0.07798    0.00501   -0.06099      1
  -0.08232   -0.07423   -0.05461   -0.06578      1
  -0.08049   -0.07558   -0.03615   -0.05120      2
  -0.06318   -0.07508   -0.03499   -0.07806     89
  -0.06114   -0.07651   -0.03225   -0.07782     21
   0.20910   -0.07446    0.35064   -0.03871      1
  -0.09971   -0.07203   -0.03417   -0.05348      2
  -0.06659   -0.07256   -0.03750   -0.06464     30
  -0.06491   -0.07334   -0.03623   -0.06645     51
  -0.04038   -0.07000   -0.07253   -0.05174      1
  -0.03667   -0.07094   -0.01168   -0.05308      9
  -0.03348   -0.07114   -0.00451   -0.04473      4
  -0.02658   -0.07254   -0.00650   -0.05250     16
  -0.02433   -0.07184    0.00395   -0.06293     17
  -0.02164   -0.07153   -0.00316   -0.06138      3
   0.20978   -0.07256    0.11699    0.00000      1
  -0.20977   -0.06998   -0.07676   -0.05197      1
  -0.10262   -0.06779   -0.05386   -0.05100      5
  -0.10137   -0.06977   -0.05711   -0.07415      1
  -0.08840   -0.06766   -0.07688    0.00221      2
  -0.07050   -0.06906   -0.03854   -0.07196      4
  -0.06748   -0.06797   -0.03457   -0.05049      5
  -0.04629   -0.06740   -0.01680   -0.05576      4
  -0.04392   -0.06682   -0.02106   -0.04192     10
  -0.04049   -0.06854   -0.03454   -0.05173      7
  -0.03069   -0.06608    0.00402   -0.04030      1
  -0.02880   -0.06730    0.00000   -0.05310      1
  -0.02541   -0.06870    0.00802   -0.05431      1
  -0.02154   -0.06919    0.00122   -0.04320      4
   0.10229   -0.06952    0.13445   -0.07669      1
   0.28055   -0.06937    0.18799   -0.02676      1
  -0.21242   -0.06437    0.10660    0.01026      1
  -0.10421   -0.06509   -0.07563   -0.05859      4
  -0.07160   -0.06542   -0.03885   -0.05368      4
  -0.05116   -0.06443   -0.02846   -0.04050      1
  -0.04847   -0.06493   -0.02138   -0.03814      6
  -0.03184   -0.06249   -0.01217   -0.02709      1
  -0.01458   -0.06301    0.01711   -0.06549      4
  -0.01299   -0.06278    0.00376   -0.05125      5
  -0.00688   -0.06231    0.01888   -0.05828     53
  -0.00490   -0.06236    0.01433   -0.05935     71
   0.21275   -0.06324    0.19464   -0.05584      2
  -0.10779   -0.06066   -0.03026   -0.00873      1
  -0.07535   -0.06143   -0.11084   -0.04751      1
  -0.07299   -0.06119   -0.05019   -0.05941      2
  -0.05512   -0.06060   -0.04425   -0.03769      3
  -0.05312   -0.06186   -0.04681   -0.07154      1
  -0.03557   -0.05915   -0.00360    0.00000      1
  -0.02637   -0.05843   -0.03782   -0.05038      1
  -0.02452   -0.05817    0.00398   -0.04986     33
  -0.01844   -0.05883    0.00796   -0.05198     24
  -0.01733   -0.05894    0.00729   -0.06139     42
  -0.01170   -0.06068    0.01453   -0.05575     35
  -0.00881   -0.06166    0.01028   -0.06587     28
  -0.00339   -0.06172    0.01365   -0.06663    119
   0.00035   -0.06048    0.02200   -0.06697     16
   0.00455   -0.05906    0.01873   -0.06432     73
   0.00846   -0.05847    0.02741   -0.06196     99
   0.01008   -0.05808    0.05484   -0.06676      1
   0.10885   -0.05873    0.14536   -0.04472      1
   0.16184   -0.05942    0.12787   -0.04858      1
   0.21351   -0.06070    0.29995   -0.06485      1
   0.21418   -0.05827    0.17336   -0.04840      1
   0.28282   -0.05949    0.12168   -0.05190      1
  -0.11025   -0.05596   -0.02799   -0.01445      1
  -0.10990   -0.05573   -0.06248   -0.05432      1
  -0.10338   -0.05566   -0.04061   -0.03806      2
  -0.07659   -0.05779   -0.03613   -0.02450      2
  -0.05909   -0.05704   -0.03108   -0.03852      3
  -0.03671   -0.05510    0.01469    0.06680      1
  -0.03168   -0.05511   -0.01059   -0.05060     16
  -0.02683   -0.05709   -0.00064   -0.05309      6
   0.00933   -0.05676    0.03056   -0.05346     47
   0.01039   -0.05620    0.02671   -0.04766     12
   0.11070   -0.05517    0.15308   -0.03948      2
   0.21459   -0.05678    0.22281    0.01285      1
  -0.11246   -0.05142   -0.03543   -0.02310      1
  -0.06051   -0.05070   -0.04289   -0.04070      8
  -0.04621   -0.05111   -0.01424   -0.03315     43
  -0.04412   -0.05116   -0.01312   -0.03210     47
  -0.04065   -0.05052   -0.01136   -0.04661    126
  -0.03765   -0.05154   -0.00996   -0.03473      4
  -0.03080   -0.05081   -0.00684   -0.03850     21
  -0.02988   -0.05133   -0.01353   -0.04536      6
  -0.00914   -0.05229    0.02762   -0.01317      1
   0.00952   -0.05343    0.03458   -0.05108     66
   0.01030   -0.05103    0.02813   -0.04179     76
   0.01666   -0.05278    0.04681   -0.04235      2
   0.02148   -0.05056    0.04008   -0.06196      3
   0.02219   -0.05058    0.05449   -0.01198      1
   0.11310   -0.05008    0.17102   -0.05001      1
   0.21571   -0.05233    0.25967   -0.02100      2
  -0.09148   -0.04689   -0.11284   -0.01666      2
  -0.06327   -0.04736   -0.02540   -0.05771     14
  -0.05991   -0.04948   -0.03926   -0.05043      8
  -0.05094   -0.04780   -0.03780   -0.03623      4
  -0.04672   -0.04958   -0.01766   -0.01797      5
  -0.04446   -0.04771   -0.01146   -0.03503     30
  -0.03936   -0.04866   -0.01157   -0.03883     38
  -0.03662   -0.04921   -0.01261   -0.04178      4
  -0.03188   -0.04873   -0.00654   -0.03327     33
   0.00994   -0.04995    0.02930   -0.06675      1
   0.01097   -0.04962    0.02942   -0.03744    201
   0.01739   -0.04625    0.05323   -0.02908     10
   0.02125   -0.04808    0.05487   -0.03320    141
   0.02460   -0.04720    0.05489   -0.04154     46
   0.02637   -0.04639    0.05494   -0.05425     59
   0.11349   -0.04916    0.15362   -0.03859      3
   0.21671   -0.04800    0.19847   -0.05207      1
  -0.21757   -0.04371   -0.26606    0.01301      1
  -0.06268   -0.04394   -0.02302   -0.04047     12
  -0.05978   -0.04259   -0.02540   -0.03349      9
  -0.05607   -0.04276   -0.02479   -0.03647      7
  -0.05307   -0.04356   -0.02278   -0.04201      8
  -0.04874   -0.04595   -0.02070   -0.02659      2
  -0.04231   -0.04330   -0.01656   -0.03647     23
  -0.04159   -0.04351   -0.00802   -0.02913     21
  -0.03566   -0.04388   -0.02558   -0.03012     10
  -0.03334   -0.04504   -0.00599   -0.02606      5
   0.01726   -0.04335    0.04780   -0.02663     52
   0.01999   -0.04408    0.05475   -0.03841     23
   0.02420   -0.04520    0.04320   -0.04013     17
   0.02641   -0.04573    0.05475   -0.06111     17
   0.21747   -0.04448   -0.04448   -0.20399      1
  -0.21823   -0.04049   -0.11284    0.02316      1
  -0.11702   -0.03904   -0.00379   -0.03670      1
  -0.06246   -0.04037   -0.02420   -0.03241     21
  -0.06095   -0.03975   -0.02478    0.02611      1
  -0.05577   -0.04147   -0.03605   -0.03160      8
  -0.03818   -0.03955   -0.02096   -0.02529      5
  -0.03725   -0.04105   -0.03747   -0.05176      9
  -0.00896   -0.03889   -0.00664   -0.01839      2
  -0.00225   -0.03979    0.04727   -0.06208      4
   0.00376   -0.03980    0.04290   -0.03490      3
   0.00815   -0.03974    0.02403   -0.04779      8
   0.01268   -0.03968    0.03738   -0.02269     21
   0.01648   -0.04158    0.04401   -0.03115     89
   0.11670   -0.04096    0.15963   -0.04175      2
   0.16736   -0.04138   -0.18598    0.01072      1
  -0.11827   -0.03615   -0.03742   -0.02676      2
  -0.09727   -0.03765    0.01489    0.29390      1
  -0.04254   -0.03443   -0.00231   -0.01507      2
  -0.04004   -0.03497   -0.01453   -0.03770      9
  -0.03773   -0.03706   -0.03902    0.00674      1
  -0.03209   -0.03553   -0.02415    0.04655      4
  -0.02000   -0.03431   -0.02479   -0.03647      1
  -0.01181   -0.03791    0.16991   -0.02600      1
   0.01631   -0.03650    0.02801    0.00792      5
   0.01815   -0.03562    0.04041   -0.00268      1
   0.11855   -0.03524    0.15007   -0.03801      2
   0.16871   -0.03549    0.10063    0.01468      1
  -0.08992   -0.03231   -0.03885   -0.05347      4
  -0.04218   -0.03143   -0.00823   -0.01188      4
  -0.04073   -0.03323    0.00134   -0.00767      7
  -0.03495   -0.03226   -0.02452    0.02618      2
  -0.03273   -0.03301    0.00394    0.02709      3
   0.02160   -0.03364    0.05220    0.00000      1
   0.02315   -0.03260    0.04136    0.04008      1
   0.02689   -0.03039    0.04690    0.00065      4
   0.11935   -0.03247    0.16591   -0.02654      3
   0.21975   -0.03133    0.15605   -0.03556      2
  -0.09347   -0.02897   -0.04235   -0.03203      1
  -0.04636   -0.02622   -0.01217   -0.02236      5
  -0.04484   -0.02703   -0.01767   -0.03087     22
  -0.02726   -0.02851    0.00973   -0.03626      3
   0.03132   -0.02723    0.09709    0.05316      1
   0.12039   -0.02837    0.17135   -0.05206      3
   0.22032   -0.02701    0.00143   -0.27267      1
   0.28776   -0.02665    0.23244   -0.17900      1
  -0.12124   -0.02436   -0.01603   -0.00486      3
  -0.05034   -0.02273   -0.05062   -0.03898      1
  -0.04682   -0.02476   -0.01180   -0.01069     67
  -0.04531   -0.02413   -0.01180    0.01550     19
   0.03268   -0.02430    0.05657    0.02657      5
   0.03446   -0.02248    0.07945    0.04031      1
   0.12119   -0.02479    0.17950   -0.02236      1
   0.21972   -0.02401    0.15221   -0.01303      2
  -0.12186   -0.02105    0.01924    0.02718      1
  -0.05080   -0.01985   -0.01096   -0.03139      4
  -0.04844   -0.02126   -0.02908   -0.00526      2
  -0.04542   -0.02014   -0.01144   -0.01271      1
   0.03604   -0.01820    0.09492    0.01338      3
   0.22009   -0.01879   -0.03507    0.00135      1
  -0.06600   -0.01499   -0.08960   -0.03766      1
  -0.06373   -0.01440   -0.02549   -0.04032      1
  -0.05707   -0.01480   -0.03617   -0.03661      4
  -0.05063   -0.01568   -0.01908   -0.00423     10
  -0.04972   -0.01525   -0.05413   -0.01244      4
  -0.03867   -0.01570   -0.02909    0.03513      2
   0.03783   -0.01765    0.08170    0.02683      3
   0.04016   -0.01450    0.06744    0.01382      6
   0.12264   -0.01599    0.16815   -0.02941      4
   0.28856   -0.01578    0.34988   -0.05167      1
  -0.06703   -0.01054   -0.04798   -0.01031      3
  -0.05822   -0.01129   -0.01864   -0.03595      1
  -0.05586   -0.01228   -0.02448   -0.03226      3
  -0.05393   -0.01373   -0.00788   -0.01797      3
  -0.04980   -0.01185   -0.11537    0.01294      1
  -0.03812   -0.01206   -0.00004   -0.02340      1
  -0.03771   -0.01327   -0.00917    0.00991      1
   0.00528   -0.01319    0.02143   -0.02417      4
   0.04122   -0.01324    0.07113    0.01335      4
   0.12258   -0.01146    0.14265   -0.03930      2
   0.21952   -0.01235    0.10524   -0.06248      1
  -0.22182   -0.00721   -0.07244   -0.12548      1
  -0.07852   -0.00802   -0.02963   -0.02891      1
  -0.07193   -0.00900   -0.02540   -0.01298     67
  -0.05645   -0.00717    0.04918    0.03330      1
  -0.05036   -0.00894   -0.03498    0.02377      1
   0.03925   -0.00763    0.03414   -0.00155      6
   0.04468   -0.00892    0.07913    0.02670      7
   0.12310   -0.00683    0.17292   -0.00218      2
  -0.22194   -0.00255   -0.08704    0.13768      1
  -0.12361   -0.00402   -0.02267   -0.03464      1
  -0.06820   -0.00369   -0.03456   -0.02126      3
  -0.06381   -0.00546   -0.03227    0.00288      1
  -0.05080   -0.00469   -0.03035    0.00773      2
  -0.01302   -0.00577   -0.25398   -0.18931      1
  -0.00201   -0.00289    0.02868   -0.01301      1
   0.00092   -0.00294    0.02812   -0.01059     37
   0.00564   -0.00474    0.05635   -0.01478      2
   0.00606   -0.00483    0.02866    0.01695      1
   0.03978   -0.00399    0.06092   -0.01326      4
   0.04360   -0.00418    0.05517    0.01655      1
   0.04741   -0.00348    0.07793    0.01821      7
   0.12298   -0.00335   -0.05826   -0.03937      2
  -0.12367   -0.00142   -0.00613    0.00777      1
  -0.07900   -0.00134   -0.05177   -0.00663      1
  -0.07145    0.00098   -0.02620   -0.00387      6
  -0.05292    0.00137    0.01474    0.02681      1
   0.00148   -0.00180    0.03949   -0.01317      3
   0.00287   -0.00132    0.02178    0.01289      2
   0.00740   -0.00126    0.07813   -0.01245      3
   0.01485   -0.00100    0.04288    0.09736      2
   0.03997    0.00094    0.04859   -0.00943      8
   0.04821   -0.00142    0.08199    0.01663      2
   0.11776   -0.00090    0.15059    0.01298      7
   0.12285    0.00101    0.16268   -0.00717     10
   0.21875   -0.00130    0.19847   -0.01307      5
  -0.07387    0.00258   -0.06107   -0.00682      5
  -0.06307    0.00541   -0.03215    0.00931     14
  -0.06014    0.00561   -0.08954    0.05190      1
  -0.05328    0.00526   -0.02468   -0.01301      1
   0.01439    0.00471    0.05992   -0.04063      2
   0.03973    0.00446    0.04549   -0.01301     21
   0.11081    0.00534    0.11269   -0.01906      1
   0.11808    0.00377    0.13347   -0.01285      1
   0.12278    0.00383    0.15743   -0.00457     25
   0.22093    0.00309    0.10643   -0.03644      5
  -0.12345    0.00738   -0.00611    0.00531      1
  -0.09651    0.00648   -0.03104   -0.00536      1
  -0.08096    0.00731   -0.06204    0.00271      1
  -0.07060    0.00781   -0.05204    0.00400      1
  -0.06813    0.00797    0.00267    0.03048      1
  -0.06271    0.00672   -0.01742   -0.00262      8
  -0.00999    0.00978   -0.02228    0.01964      1
   0.01412    0.00629    0.04360   -0.00659      1
   0.03925    0.00761    0.03597   -0.00866     34
   0.04850    0.00970    0.09613    0.01437      1
   0.05013    0.00917    0.05333    0.01300      1
   0.11315    0.00889    0.10656   -0.00076      6
   0.11539    0.00766    0.13988   -0.01927     19
   0.12271    0.00689    0.15225   -0.00884     30
   0.22031    0.00757    0.15710   -0.01097     10
  -0.07558    0.01066   -0.02490   -0.03247      2
  -0.06547    0.01016   -0.02894    0.01418      4
  -0.05315    0.01163   -0.01070    0.01876      1
  -0.00908    0.01017    0.04959   -0.09288      1
   0.00478    0.01394   -0.00272   -0.05617      2
   0.03759    0.01362    0.03536   -0.00702      4
   0.03861    0.01036    0.02837    0.00131     10
   0.04455    0.01390    0.02317   -0.00326      1
   0.04626    0.01346    0.05979   -0.00777      1
   0.05231    0.01314    0.09170    0.02868      8
   0.09756    0.01305    0.13093    0.00149      2
   0.11156    0.01170    0.12381   -0.00672     12
   0.11636    0.01076    0.12868   -0.00683      3
   0.12265    0.01317    0.13310    0.00604      3
   0.21958    0.01217    0.16551   -0.00833     16
  -0.06742    0.01599   -0.04938    0.01388      1
  -0.06311    0.01661   -0.04314   -0.02117      5
  -0.05316    0.01509   -0.01258    0.01411      6
   0.00509    0.01430    0.06478   -0.00124      1
   0.03708    0.01518    0.04009    0.01292     49
   0.03850    0.01635    0.06766    0.00916     10
   0.04249    0.01498    0.09018    0.02939      4
   0.09729    0.01652    0.12118    0.01058     10
   0.12250    0.01562    0.16368    0.01225      4
   0.22027    0.01435    0.17327   -0.03139      6
  -0.12232    0.01832    0.00949    0.00828      1
  -0.06121    0.01884   -0.06349    0.01292      1
   0.03693    0.01838    0.07479   -0.00515      6
   0.05432    0.01857    0.10766    0.00344      2
   0.09605    0.02080    0.11774   -0.00304     34
   0.11136    0.01894    0.12178    0.01920      2
   0.12184    0.02130    0.17613   -0.00343      2
  -0.06655    0.02379   -0.08720   -0.00396      3
  -0.05870    0.02230    0.01478   -0.02151      1
  -0.05548    0.02470   -0.03163    0.01975      2
   0.02980    0.02570   -0.16255    0.18181      1
   0.05673    0.02529    0.09721    0.01690     17
   0.06435    0.02529    0.11177    0.01588      7
   0.07834    0.02441    0.09688    0.01001      2
   0.09390    0.02455    0.13303    0.00651      3
   0.09569    0.02205    0.11631    0.01365     10
   0.12121    0.02338    0.17149   -0.01169      3
  -0.12067    0.02713    0.00695    0.01660      1
  -0.05870    0.02901   -0.02000    0.00532      1
  -0.05568    0.02702   -0.02942    0.01299     15
   0.05569    0.02778    0.10503    0.02371     23
   0.05890    0.02786    0.09828    0.01786      1
   0.07666    0.02873    0.11031    0.02585     50
   0.09109    0.02830    0.11358    0.00911     20
   0.12048    0.02705    0.14401    0.02307      4
   0.21951    0.02740    0.17439   -0.03891      3
  -0.21951    0.03288    0.11329   -0.00475      1
  -0.06673    0.03334   -0.02470    0.02861      1
  -0.05568    0.03027   -0.02324    0.01599      5
  -0.04274    0.03388   -0.00134   -0.01072      1
  -0.04059    0.03264   -0.01005   -0.00843      5
   0.05562    0.03152    0.09447    0.04649      1
   0.06438    0.03239    0.09713    0.03078      3
   0.07383    0.03339    0.10016    0.02838      6
   0.07494    0.03189    0.10499    0.03064    107
   0.08980    0.03180    0.12101    0.02794      1
   0.11905    0.03286    0.16647    0.02551     20
   0.21994    0.03005    0.01862    0.03186      1
  -0.11865    0.03485    0.00113   -0.00436      1
  -0.07432    0.03413   -0.07631   -0.01291      1
  -0.07392    0.03469   -0.04534    0.02586      1
  -0.06736    0.03404   -0.11602   -0.00405      1
  -0.05261    0.03707   -0.03786    0.01438      1
  -0.04036    0.03512   -0.03018   -0.00327      4
  -0.03648    0.03617   -0.01215    0.02131      9
  -0.01294    0.03666   -0.03116   -0.02470      2
  -0.00841    0.03585   -0.07497    0.28177      1
   0.05535    0.03417    0.08909   -0.00078      1
   0.06474    0.03639    0.09623    0.00976     39
   0.06996    0.03786    0.10610    0.02951      3
   0.07060    0.03677    0.10614    0.03631     35
   0.08703    0.03792    0.10411    0.00764      1
   0.11796    0.03717    0.17819   -0.00062      1
   0.11833    0.03505    0.16079    0.02338     15
   0.21875    0.03774    0.13781   -0.02679      1
   0.28670    0.03637    0.25602   -0.02646      1
  -0.11636    0.04192   -0.00650    0.01965      1
  -0.08568    0.04066   -0.05855    0.05198      1
  -0.06333    0.03939   -0.05062    0.03898      1
  -0.03883    0.03947   -0.01295   -0.00065      6
  -0.03519    0.03954   -0.01144   -0.01684     57
  -0.03327    0.04051   -0.02597   -0.02759      6
  -0.01114    0.03839    0.01448    0.00013      2
  -0.00946    0.03873    0.02439   -0.00002      4
  -0.00361    0.03975    0.02581   -0.04423      2
   0.00558    0.03983    0.05342   -0.04827      3
   0.00987    0.03972    0.02732   -0.06479      4
   0.01356    0.04013    0.04007   -0.03058     25
   0.01441    0.04071    0.04150   -0.03907     31
   0.06428    0.04001    0.09108    0.01876      3
   0.06956    0.03833    0.10785    0.02490      3
   0.07098    0.03957    0.11383    0.03037      2
   0.08659    0.03837    0.10883    0.03182      1
   0.11651    0.04149    0.15745    0.03787      4
   0.21732    0.04165    0.06236   -0.04112      1
   0.21855    0.03869    0.14532   -0.01169      1
  -0.11506    0.04536   -0.00983    0.01835      2
  -0.04351    0.04554   -0.03685   -0.01106      2
  -0.03583    0.04241    0.01482   -0.05379      1
  -0.03123    0.04261    0.00119   -0.01706      5
  -0.02870    0.04437   -0.01478   -0.01898     10
   0.01354    0.04304    0.05348   -0.03002      6
   0.01503    0.04276    0.04768   -0.03422     66
   0.04952    0.04288    0.11846    0.03076      2
   0.06597    0.04573    0.02708    0.04250      1
   0.06675    0.04533    0.11014    0.04065     10
   0.11580    0.04325    0.16614    0.02926      5
   0.21713    0.04386   -0.19316   -0.01114      1
  -0.21655    0.04869    0.16134   -0.10679      1
  -0.11435    0.04709   -0.00460    0.02311      3
  -0.11385    0.04831   -0.05577    0.00032      2
  -0.04255    0.04725   -0.02010    0.00259      9
  -0.02769    0.04646   -0.01615   -0.02952      4
  -0.02434    0.04936    0.00222   -0.02218      4
   0.00318    0.04908    0.01423    0.05581      1
   0.00825    0.04996    0.03203   -0.02607      5
   0.01340    0.04745    0.04303   -0.04516     27
   0.01629    0.04891    0.05127   -0.04531     48
   0.01815    0.04913    0.03991   -0.04639      3
   0.04780    0.04910    0.08404    0.04319      1
   0.06312    0.04916    0.10839    0.03958     14
   0.06631    0.04635    0.10916    0.04206      2
   0.11342    0.04917    0.14365    0.05309      3
   0.11408    0.04741    0.26757    0.04766      1
   0.21179    0.04695    0.15696    0.01290      1
   0.21609    0.04844    0.21755    0.01940      2
  -0.11231    0.05178   -0.01674    0.02333      6
  -0.03957    0.05178   -0.05211   -0.00749      2
  -0.02303    0.05066   -0.02200   -0.02833      2
  -0.02028    0.05270   -0.01524   -0.03998     14
  -0.01765    0.05367    0.00134   -0.01343      1
   0.00596    0.05307    0.03222   -0.05335     15
   0.00762    0.05040    0.02855   -0.04004     95
   0.01331    0.05127    0.04718   -0.04174     19
   0.01446    0.05066    0.05633   -0.03881     78
   0.04213    0.05275    0.07981   -0.00670      1
   0.06018    0.05150    0.08122    0.02670      5
   0.11181    0.05272    0.14686    0.05036     16
   0.21582    0.05189    0.09170   -0.03483      1
  -0.10929    0.05789   -0.01711    0.01318      1
  -0.03349    0.05584   -0.04380   -0.02409      2
  -0.02043    0.05698   -0.01195   -0.02657     20
  -0.01586    0.05683   -0.00764   -0.04252     16
   0.00524    0.05628    0.03406   -0.05894     24
   0.05652    0.05648    0.09732    0.05641      1
   0.10956    0.05723    0.15539    0.05001     13
   0.11055    0.05531    0.15082    0.04639     31
   0.13212    0.05591    0.14568    0.04796      2
   0.21359    0.05783    0.20916    0.03126      1
   0.21449    0.05523    0.16284    0.03342      3
  -0.10756    0.06103    0.01298    0.02431      3
  -0.03008    0.06169   -0.10535    0.01331      1
  -0.02987    0.05815   -0.06305   -0.05366      1
  -0.01858    0.05862   -0.01178   -0.06005      3
  -0.01559    0.06162   -0.01116   -0.03260      9
  -0.00738    0.06110    0.00555   -0.05216     12
  -0.00488    0.06173    0.02376   -0.05191      9
   0.00000    0.06069    0.01506   -0.06978     28
   0.00384    0.05896    0.02736   -0.06501     74
   0.03557    0.06017    0.10993    0.05173      1
   0.05230    0.05942    0.10060    0.02965      3
   0.10852    0.05913    0.14780    0.04972     14
   0.21306    0.06044    0.14807   -0.01937     11
  -0.10641    0.06301   -0.00929    0.01327      1
  -0.10546    0.06460    0.03102    0.00974      2
  -0.02663    0.06247   -0.17228    0.01326      1
  -0.02479    0.06562   -0.01209   -0.02414      1
  -0.01469    0.06314   -0.01157   -0.03977     14
  -0.01327    0.06312   -0.00723   -0.03838     20
  -0.00911    0.06249    0.00330   -0.04822      8
  -0.00306    0.06272    0.01556   -0.05500     23
  -0.00153    0.06221    0.01953   -0.06266     12
   0.04563    0.06510    0.00656    0.10419      1
   0.04921    0.06584    0.08801    0.04003      6
   0.10646    0.06281    0.14475    0.05611      3
   0.12530    0.06470    0.11765   -0.02202      1
   0.21223    0.06350    0.14419    0.02816      9
  -0.10305    0.06836   -0.01690    0.03178      1
  -0.01668    0.07000   -0.03799   -0.04560      2
  -0.01124    0.06792   -0.01760   -0.03370     15
   0.01853    0.06635    0.10622   -0.01949      1
   0.04893    0.06601    0.05471    0.07814      1
   0.10314    0.06821    0.15128    0.05268      7
   0.21177    0.06651    0.14009   -0.02672      2
  -0.10104    0.07131    0.00283    0.03799      2
  -0.01472    0.07105   -0.02218   -0.01195      4
  -0.01307    0.07190   -0.02813    0.00562      2
  -0.00281    0.07307    0.01425   -0.08703      1
   0.01636    0.07258    0.08229    0.00908      1
   0.01806    0.07192    0.08180    0.00400      1
   0.09273    0.07331    0.15668    0.08296      1
   0.10063    0.07178    0.14094    0.07027      5
   0.20930    0.07383    0.10832    0.02681      1
   0.21024    0.07121   -0.06557    0.00401      1
  -0.09844    0.07486   -0.00075    0.01798      1
  -0.09630    0.07759   -0.04912    0.01761      2
  -0.06901    0.07583    0.18722    0.01390      2
  -0.00328    0.07512   -0.00668   -0.03994      1
   0.00477    0.07585    0.09814    0.03284      1
   0.09690    0.07675    0.13534    0.02533      3
   0.20840    0.07532    0.14801    0.05632      4
  -0.09423    0.08009    0.01431    0.02602      1
  -0.09288    0.08166   -0.09293    0.01108      1
  -0.01367    0.07822    0.03046    0.03312      1
   0.09307    0.08133    0.13713    0.05737      7
   0.09556    0.07850    0.12885    0.05244      7
   0.20641    0.08103   -0.07865    0.04136      2
  -0.20601    0.08257   -0.06147    0.02998      1
  -0.09087    0.08388   -0.00566    0.01422      1
  -0.08891    0.08598   -0.01093    0.01863      1
  -0.05830    0.08485   -0.03852   -0.02657      1
   0.08972    0.08512    0.10562    0.06703      1
   0.09063    0.08411    0.12257    0.05411      6
   0.15064    0.08384    0.12723    0.04233      1
   0.20461    0.08504   -0.11260    0.07767      1
  -0.08652    0.08836   -0.00034    0.02790      1
  -0.03689    0.08855   -0.02471    0.05203      1
   0.08506    0.08970    0.07637    0.10358      1
   0.08732    0.08753    0.12985    0.05949      5
   0.20371    0.08763    0.01530   -0.13820      2
  -0.02841    0.09122    0.05484    0.06676      1
   0.08138    0.09313    0.11408    0.07870      1
   0.08290    0.09171    0.12019    0.06978      2
   0.20152    0.09267    0.15160    0.04019      6
  -0.01344    0.09559    0.02845    0.07775      1
   0.03445    0.09627    0.05724   -0.05209      1
   0.07736    0.09639    0.13174    0.07544      3
   0.07966    0.09456    0.11704    0.11068      1
   0.19969    0.09653   -0.03731    0.03074     16
   0.07470    0.09850    0.11015    0.06194      2
   0.14176    0.09813    0.10400    0.03520      1
   0.19758    0.10074    0.18399    0.03997     12
   0.19842    0.09912   -0.00598    0.04846     14
   0.06893    0.10266    0.11876    0.06741      3
   0.13820    0.10307    0.07447    0.02948      1
   0.19618    0.10343    0.03333    0.07554     10
  -0.04092    0.10801   -0.00441    0.06772      2
   0.02455    0.10832    0.07103    0.05814      1
   0.06162    0.10720    0.10844    0.07096      1
   0.19353    0.10833    0.11396    0.07510      2
   0.19459    0.10614    0.16625    0.01866      3
   0.00447    0.11130   -0.02549   -0.04032      1
   0.00851    0.11076    0.01509   -0.15574      2
   0.12956    0.11374    0.09476    0.04379      1
   0.13022    0.11299    0.07705    0.04117      2
   0.19123    0.11242    0.26824    0.06548      4
   0.12844    0.11500    0.23372    0.06306      1
   0.12411    0.11967    0.17605    0.05207      2
   0.18626    0.12068    0.20125    0.01328      3
  -0.18493    0.12268   -0.07672    0.02597      1
   0.01300    0.12287    0.07247    0.10744      3
   0.01504    0.12263    0.06666    0.10127      3
   0.18447    0.12345    0.16863    0.04700      4
   0.18012    0.12950    0.12615    0.06513      2
   0.18244    0.12637    0.36063   -0.01322      1
   0.17386    0.13770    0.15718    0.07803      1
   0.10111    0.13964    0.12375    0.05614      1
   0.17168    0.14049    0.14874    0.00928      6
   0.25252    0.14055    0.02933    0.13453      1
   0.16806    0.14486    0.06824    0.08018      3
  -0.08569    0.14961    0.04007    0.03883      1
   0.08941    0.14741    0.12308    0.04334      1
   0.16474    0.14859    0.16118    0.06191      2
   0.16627    0.14685    0.18484    0.05405      1
  -0.16306    0.15052    0.00597   -0.01310      1
   0.08398    0.15057    0.09728    0.05282      1
   0.16143    0.15223   -0.09759    0.01193      2
   0.16220    0.15131    0.07351    0.07124      3
   0.06914    0.15793    0.06266    0.02256      1
   0.15586    0.15789    0.18502    0.01164      1
   0.15895    0.15476    0.17033    0.01749      2
   0.15451    0.15922    0.12382    0.14396      1
   0.14875    0.16457    0.16140    0.04722      2
   0.23763    0.16449   -0.08954    0.15509      1
   0.03088    0.16963    0.01401   -0.00334      1
   0.14292    0.16966    0.17006    0.00267      1
   0.14607    0.16715    0.05901    0.02677      1
   0.01631    0.17163    0.06123    0.01825      1
   0.13895    0.17304    0.12988    0.11776      2
   0.23167    0.17278    0.07921    0.11700      1
   0.13493    0.17616    0.16105    0.00365      1
   0.21852    0.18914   -0.05191   -0.13044      1
   0.21625    0.19172    0.09068   -0.02598      2
   0.20804    0.20060    0.22369    0.18680      2
   0.16950    0.23408    0.15233    0.03996      1
   0.14988    0.24710    0.35995   -0.14689      1
   0.11590    0.26475   -0.06000    0.16395      1
   0.05176    0.28434    0.09602    0.16902      1
