  -0.00671   -0.22095   -0.02537   -0.17182      1
   0.00046   -0.22066    0.00517   -0.16461      1
  -0.08630   -0.20292   -0.09175   -0.22596      1
  -0.08316   -0.20428   -0.05059   -0.19420      1
  -0.10921   -0.19100   -0.07777   -0.15530      1
  -0.11787   -0.18660   -0.10239   -0.16840      1
  -0.10949   -0.18895    0.05312   -0.06467      1
   0.13586   -0.17449    0.08179   -0.14081      2
  -0.14139   -0.16484   -0.27544    0.07072      1
   0.17302   -0.13616    0.13159   -0.14178      2
  -0.05291   -0.12661   -0.01107    0.09465      2
  -0.01169   -0.12208   -0.00841   -0.12030      1
  -0.00829   -0.12227   -0.01198   -0.11999      1
  -0.00386   -0.12327   -0.00752   -0.13299      6
   0.00026   -0.12319    0.00344   -0.12324      1
   0.06442   -0.12584   -0.08947   -0.10701      1
  -0.01858   -0.12172   -0.01652   -0.12218      1
  -0.00712   -0.11810   -0.00839   -0.11307      2
  -0.00531   -0.11826   -0.00073   -0.10844      2
   0.07333   -0.12132   -0.14303    0.00400      1
  -0.04643   -0.11413   -0.04537   -0.12007      3
  -0.04498   -0.11456   -0.05156   -0.12180      2
  -0.01508   -0.11604   -0.01035   -0.12963      2
  -0.01219   -0.11620   -0.01164   -0.11517     42
  -0.00854   -0.11738   -0.00635   -0.11666     44
  -0.00568   -0.11792   -0.00670   -0.05086      1
   0.04038   -0.11647    0.03238   -0.10397      1
   0.04631   -0.11427    0.04090   -0.10768      1
  -0.05247   -0.11085   -0.04801   -0.09987      9
  -0.04736   -0.11368   -0.05145   -0.12382      9
  -0.01894   -0.11243   -0.01803   -0.10169      3
  -0.01615   -0.11264   -0.01258   -0.11260     94
  -0.01355   -0.11368   -0.01417   -0.11699      8
  -0.00989   -0.11396   -0.01160   -0.12997      1
   0.01861   -0.11310    0.01835   -0.09999      2
   0.04824   -0.11321    0.04003    0.20032      1
   0.05445   -0.11066    0.04534   -0.10785      1
  -0.09678   -0.10764   -0.03631   -0.13841      1
  -0.05942   -0.10724   -0.05880   -0.11368      7
  -0.05584   -0.10917   -0.05599   -0.11474     15
  -0.01848   -0.10995   -0.03770   -0.08468      1
  -0.00920   -0.10955    0.00379   -0.10342      1
  -0.00449   -0.10990   -0.00524   -0.10336      1
  -0.06803   -0.10258   -0.06912   -0.11595      1
  -0.06580   -0.10416   -0.06546   -0.11908      1
  -0.03644   -0.10394   -0.03750   -0.11272      1
   0.06792   -0.10254    0.05955   -0.10070      1
  -0.19425   -0.10013   -0.16697   -0.14261      1
  -0.10240   -0.10003   -0.02474   -0.11158      1
  -0.05750   -0.09904   -0.05423   -0.09546      3
  -0.00697   -0.09818   -0.00728   -0.10361      5
  -0.00562   -0.09815   -0.00380   -0.11183      4
   0.00291   -0.09876    0.01716   -0.09932      1
  -0.07593   -0.09659   -0.07361   -0.11422      1
  -0.05875   -0.09743   -0.06166   -0.11500      1
  -0.05628   -0.09760   -0.05236   -0.08188      1
  -0.02279   -0.09498   -0.03629   -0.10362      1
  -0.02031   -0.09636   -0.02334   -0.11133      4
  -0.01622   -0.09674   -0.01041   -0.10243      2
  -0.01234   -0.09679   -0.02080   -0.08894      2
  -0.00923   -0.09779   -0.00923   -0.10012      3
  -0.00248   -0.09603    0.00000   -0.09539      1
   0.07579   -0.09734    0.06397   -0.09901      2
  -0.08338   -0.09004   -0.08151   -0.09959      1
  -0.08072   -0.09279   -0.08207   -0.10432      2
  -0.06144   -0.09283   -0.05630   -0.09635      1
  -0.03891   -0.09082   -0.03214   -0.09077      1
  -0.03485   -0.09146   -0.05979   -0.13000      1
  -0.03132   -0.09383   -0.03855   -0.09991      1
  -0.02718   -0.09064   -0.01911   -0.08148      1
  -0.02508   -0.09206   -0.02717   -0.08021     15
  -0.01815   -0.09299   -0.01524   -0.08869      2
  -0.00938   -0.09400   -0.00155   -0.09898      1
  -0.06783   -0.08788   -0.07014   -0.09897      2
  -0.04475   -0.08662   -0.05501   -0.09083      1
  -0.04052   -0.08736   -0.03936   -0.08951      4
  -0.03691   -0.08727   -0.01711   -0.08581      2
  -0.20433   -0.08581   -0.16525   -0.07357      1
  -0.07519   -0.08543   -0.06254   -0.09133      1
  -0.07358   -0.08248   -0.06217   -0.09314      3
  -0.05137   -0.08386   -0.06078   -0.07513      3
  -0.04829   -0.08507   -0.04661   -0.09319      5
  -0.04124   -0.08551   -0.03773   -0.08767      2
  -0.09429   -0.07982   -0.10044   -0.08609      1
  -0.05919   -0.07900   -0.06119   -0.08541      2
  -0.05172   -0.07998   -0.05317   -0.07482      1
  -0.02469   -0.07826   -0.03119   -0.09774      1
  -0.01848   -0.07854   -0.01105   -0.08245      9
  -0.01795   -0.07910   -0.01393   -0.07704      2
  -0.01329   -0.08056   -0.01331   -0.09355      3
  -0.00510   -0.07950   -0.00260   -0.07825      1
   0.07538   -0.08070    0.06649   -0.07813      1
   0.07836   -0.07808   -0.00397   -0.02123      1
  -0.09742   -0.07475   -0.10694   -0.08385      1
  -0.08254   -0.07651   -0.08965   -0.07793      1
  -0.08127   -0.07702   -0.08223   -0.08943      1
  -0.06420   -0.07486   -0.06941   -0.08627      3
  -0.05566   -0.07648   -0.02476   -0.07806      1
  -0.03514   -0.07408   -0.02736   -0.08573      1
  -0.03093   -0.07519   -0.02648   -0.08883      1
  -0.02660   -0.07606   -0.02034   -0.09066      3
  -0.02340   -0.07540   -0.02399   -0.06470      2
   0.02549   -0.07779    0.02812   -0.09679      1
   0.08099   -0.07785    0.03542   -0.07278      3
   0.09665   -0.07606    0.09013   -0.07807      4
  -0.06550   -0.07398   -0.06107   -0.08467      1
  -0.04269   -0.07019   -0.03935   -0.11969      1
  -0.03928   -0.07152   -0.03559   -0.08192      4
  -0.03601   -0.07288   -0.02923   -0.08016     28
  -0.03025   -0.07093   -0.02421   -0.06416     33
  -0.02929   -0.07100   -0.02239   -0.06670     80
  -0.02487   -0.07030   -0.02070   -0.06679    102
  -0.02046   -0.07017   -0.01760   -0.06625     13
  -0.01593   -0.07033   -0.01677   -0.06751      6
  -0.01272   -0.07008   -0.01201   -0.08241      5
   0.02914   -0.07172    0.02517   -0.08336      8
   0.03131   -0.07062    0.02557   -0.08158     39
   0.03601   -0.07098    0.03017   -0.07694     48
   0.03884   -0.07073    0.03427   -0.07501      5
   0.08336   -0.07010   -0.23659    0.16260      1
   0.08681   -0.07027    0.30527   -0.18561      1
   0.09153   -0.07359    0.08597   -0.07394      1
  -0.08814   -0.06871   -0.08973   -0.08456      1
  -0.04725   -0.06735   -0.04652   -0.08533      1
  -0.04581   -0.06765   -0.04253   -0.06936      3
  -0.03933   -0.06901   -0.03369   -0.08053      1
  -0.03022   -0.06913   -0.02509   -0.06842     17
  -0.02739   -0.06873   -0.02201   -0.06901    202
  -0.02378   -0.06844   -0.01941   -0.07173    302
  -0.02066   -0.06860   -0.01566   -0.07513    212
  -0.01567   -0.06860   -0.01416   -0.07946    247
  -0.01098   -0.06779   -0.01160   -0.07980    133
  -0.00844   -0.06691   -0.00897   -0.08072    199
  -0.00500   -0.06651   -0.00314   -0.08178     17
   0.00051   -0.06623    0.01263   -0.07445      2
   0.00242   -0.06657    0.00585   -0.07266      1
   0.02012   -0.06774    0.01532   -0.05925      3
   0.02947   -0.06785    0.02647   -0.07273      3
   0.03113   -0.06769    0.02486   -0.07665     16
   0.03699   -0.06746    0.03120   -0.07768     12
   0.04133   -0.06905    0.03577   -0.07674     52
   0.04448   -0.06782    0.03956   -0.07374     75
   0.04677   -0.06636    0.04379   -0.06971     15
   0.08485   -0.06866    0.03641   -0.07335      1
  -0.10470   -0.06519   -0.10752   -0.08310      1
  -0.09085   -0.06378   -0.08056   -0.07591      1
  -0.07475   -0.06383   -0.07766   -0.07679      2
  -0.07367   -0.06498   -0.06342   -0.07447      2
  -0.06911   -0.06574   -0.05122   -0.08711      3
  -0.05124   -0.06387   -0.03760   -0.07778      1
  -0.04877   -0.06366   -0.04537   -0.06203      2
  -0.02700   -0.06463   -0.02143   -0.08061     47
  -0.02328   -0.06546   -0.01821   -0.07821    104
  -0.02186   -0.06591   -0.01637   -0.08116      1
  -0.01722   -0.06384   -0.01459   -0.07842      8
  -0.00667   -0.06580   -0.00678   -0.08079     13
  -0.00323   -0.06554   -0.00132   -0.08144     20
   0.00165   -0.06389    0.00501   -0.07241     94
   0.00278   -0.06365    0.00572   -0.07359     79
   0.00798   -0.06350    0.00534   -0.07458     21
   0.01364   -0.06250    0.01319   -0.07464     47
   0.01508   -0.06213    0.01430   -0.06612      5
   0.02109   -0.06526    0.01596   -0.07451     79
   0.02504   -0.06431    0.02268   -0.07508     46
   0.02755   -0.06321    0.02639   -0.07188     52
   0.03183   -0.06344    0.02722   -0.06570     76
   0.03585   -0.06296    0.02971   -0.06813     73
   0.03892   -0.06317    0.03134   -0.07326    104
   0.04832   -0.06513    0.04150   -0.06659     50
   0.05048   -0.06258    0.04305   -0.06594      9
  -0.07924   -0.05868   -0.06346   -0.05176      1
  -0.07699   -0.05962   -0.07619   -0.07178     16
  -0.07336   -0.06133   -0.06319   -0.06408      3
  -0.05706   -0.05900   -0.05355   -0.07192     12
  -0.05361   -0.06177   -0.05090   -0.07174      6
  -0.03943   -0.06118   -0.03222   -0.07037      1
   0.00926   -0.06182    0.01239   -0.07635     11
   0.01225   -0.06139    0.01434   -0.06579      5
   0.01650   -0.06069    0.01604   -0.07194     49
   0.02059   -0.06016    0.01733   -0.06541     40
   0.02359   -0.05847    0.02219   -0.06517     43
   0.02854   -0.06153    0.02804   -0.06485     23
   0.03303   -0.06163    0.02971   -0.06694    203
   0.03522   -0.06137    0.03017   -0.06529     68
   0.05308   -0.06110    0.05093   -0.06981     14
   0.05504   -0.05969    0.04980   -0.06836     31
   0.12708   -0.05808    0.09229   -0.04682      1
  -0.10039   -0.05640   -0.10491   -0.06813      1
  -0.07754   -0.05655   -0.06291   -0.05311      2
  -0.05893   -0.05631   -0.05755   -0.06638    198
  -0.05787   -0.05748   -0.05716   -0.07153     21
   0.02126   -0.05762    0.02044   -0.07067     11
   0.02499   -0.05709    0.02795   -0.06703      6
   0.02822   -0.05614    0.02196   -0.05811    102
   0.03115   -0.05576    0.02871   -0.05435     45
   0.03703   -0.05477    0.03104   -0.05857     43
   0.05693   -0.05719    0.05478   -0.06659     14
   0.05863   -0.05508    0.05987   -0.07127    115
   0.10893   -0.05617    0.10488   -0.05183      1
  -0.10404   -0.05355   -0.11257   -0.06141      2
  -0.08343   -0.05055   -0.07893   -0.06694      1
  -0.08143   -0.05400   -0.08264   -0.06668      1
  -0.06313   -0.05180   -0.03770   -0.05241      2
  -0.06105   -0.05390   -0.06129   -0.05960      5
  -0.01586   -0.05193   -0.01190    0.03965      1
   0.01702   -0.05096    0.01910   -0.04371      1
   0.03270   -0.05323    0.02641   -0.04865      4
   0.03582   -0.05263    0.03064   -0.05868     13
   0.03880   -0.05098    0.02849   -0.05892      8
   0.04578   -0.05366    0.04055   -0.06802      1
   0.04764   -0.05117    0.04126   -0.05915      3
   0.06059   -0.05295    0.05060   -0.06156      6
   0.06285   -0.05198    0.05808   -0.06171     17
   0.13169   -0.05209    0.07895   -0.07758      1
  -0.21507   -0.04989   -0.19971   -0.03342      1
  -0.11391   -0.04784   -0.11883   -0.05391      1
  -0.08038   -0.04967   -0.06314   -0.06538      1
  -0.06657   -0.04743   -0.06405   -0.05678     17
  -0.06466   -0.04909   -0.06883   -0.05958      2
   0.04012   -0.04898    0.03115   -0.05522     56
   0.04920   -0.04961    0.03966   -0.05544      2
   0.05277   -0.04665    0.04791   -0.04552      4
   0.06526   -0.04891    0.05702   -0.06490     19
   0.06630   -0.04821    0.05814   -0.05953     18
   0.13358   -0.04759   -0.29246   -0.26426      1
  -0.08391   -0.04533   -0.07198   -0.04894      2
  -0.06771   -0.04552   -0.06747   -0.05707      5
  -0.05904   -0.04536   -0.05440   -0.04630      2
  -0.04695   -0.04207   -0.03721   -0.04514      1
  -0.04397   -0.04300   -0.03923   -0.04050     12
  -0.04089   -0.04322   -0.03737   -0.04340      8
   0.00097   -0.04376    0.01343   -0.00134      1
   0.04019   -0.04440    0.02736   -0.05107     49
   0.04225   -0.04312    0.03777   -0.04520     10
   0.04638   -0.04326   -0.04471    0.26716      1
   0.05388   -0.04538    0.04573   -0.04462      2
   0.05560   -0.04398    0.03990   -0.04478     12
   0.06837   -0.04439    0.06131   -0.05442     23
   0.07053   -0.04225    0.06612   -0.05385      6
   0.08685   -0.04323    0.07398   -0.05434      1
  -0.08725   -0.03975   -0.07891   -0.04166     35
  -0.08530   -0.04047   -0.01777   -0.01523      1
  -0.07044   -0.04121   -0.07365   -0.05775      1
  -0.05018   -0.03948   -0.04599   -0.04568      2
  -0.04755   -0.04190   -0.04328   -0.03551      2
  -0.04217   -0.03837   -0.01529    0.02247      2
  -0.03815   -0.04115   -0.03625   -0.04166      3
  -0.03478   -0.04123   -0.03003   -0.04659     16
  -0.03246   -0.04129   -0.02520    0.03881     20
  -0.02697   -0.03894   -0.02453   -0.03879      9
  -0.02537   -0.04132   -0.02489   -0.04248      4
  -0.01993   -0.04186   -0.01699   -0.03676      5
  -0.01629   -0.03989    0.00268   -0.03390      3
  -0.01153   -0.04006   -0.01177   -0.03922      2
  -0.00523   -0.03844   -0.00458   -0.03480      7
   0.00119   -0.03995    0.01511   -0.02007      4
   0.00480   -0.03969   -0.00730    0.00868      9
   0.00943   -0.03885   -0.01143    0.03179      2
   0.02050   -0.04059    0.03297    0.03905      4
   0.02492   -0.03862    0.00900    0.06084      2
   0.02878   -0.03817    0.01050    0.03349      1
   0.04126   -0.04011    0.02334   -0.03821     10
   0.04291   -0.04037    0.02947   -0.03939     60
   0.04654   -0.04002    0.03865   -0.04976      4
   0.05211   -0.04122    0.03231   -0.02588      1
   0.05638   -0.03956    0.04225   -0.05311     30
   0.05893   -0.03906    0.04696   -0.04147     16
   0.07145   -0.04064    0.06624   -0.04995     91
  -0.13196   -0.03457   -0.07600   -0.04109      1
  -0.11868   -0.03453   -0.12001   -0.04392      1
  -0.11750   -0.03531   -0.11912   -0.04389      2
  -0.11242   -0.03748   -0.10105   -0.04734      1
  -0.07440   -0.03511   -0.08457   -0.04329      2
  -0.07295   -0.03580   -0.06223   -0.05185      1
  -0.06770   -0.03502   -0.06957   -0.03591      1
  -0.05316   -0.03553   -0.04947   -0.00962      1
  -0.03620   -0.03681   -0.02472    0.03879      7
  -0.03104   -0.03601   -0.03075    0.03993      5
  -0.02947   -0.03570   -0.02949    0.04307      3
  -0.01834   -0.03553   -0.01878    0.00067      2
  -0.01680   -0.03693   -0.00194    0.02640      2
  -0.01022   -0.03789   -0.04097   -0.04424      1
  -0.00764   -0.03717   -0.00926   -0.05045      7
  -0.00582   -0.03787   -0.11017    0.15810      2
   0.01281   -0.03602   -0.01884   -0.05180      2
   0.01493   -0.03541    0.00575   -0.05827      6
   0.01868   -0.03515    0.01111   -0.05560      3
   0.02254   -0.03501    0.01634    0.03500      5
   0.02603   -0.03445    0.01431    0.02602      7
   0.03105   -0.03478    0.01826    0.03915      1
   0.03653   -0.03589    0.01489   -0.02569      1
   0.04193   -0.03457    0.04379   -0.04897      1
   0.04487   -0.03578    0.03110   -0.03814    247
   0.04612   -0.03505    0.03121   -0.03848     30
   0.05703   -0.03663    0.03249   -0.03970      1
   0.06042   -0.03622    0.05027   -0.04781     25
   0.06406   -0.03483    0.05320   -0.04633     50
   0.06636   -0.03523    0.05189   -0.04409     50
   0.07101   -0.03432    0.05854   -0.04964      7
  -0.11884   -0.03003   -0.09992   -0.02696      1
  -0.07500   -0.03168   -0.08154   -0.03493      6
  -0.07399   -0.03233   -0.08005   -0.03250      1
  -0.05468   -0.03317   -0.05844   -0.02855      3
  -0.02659   -0.03136   -0.02368   -0.04423      4
  -0.02178   -0.03353   -0.02279   -0.02427      1
   0.01558   -0.03316    0.02741   -0.06471      3
   0.02012   -0.03243   -0.01867   -0.03794      2
   0.02265   -0.03239    0.01108   -0.02111      3
   0.03275   -0.03288    0.03733    0.02173      1
   0.03790   -0.03055    0.02589    0.03874      2
   0.03965   -0.03048    0.01734    0.06802      1
   0.04442   -0.03313    0.03585   -0.03835    363
   0.04605   -0.03394    0.03573   -0.03805      3
   0.06423   -0.03342    0.05796   -0.05208     36
   0.06784   -0.03332    0.05417   -0.03885     23
   0.07165   -0.03238    0.06054   -0.04418     40
   0.07574   -0.03029    0.06808   -0.03074      5
  -0.11988   -0.02885   -0.10458   -0.04204      4
  -0.10838   -0.02822   -0.11772   -0.05111      2
  -0.09087   -0.02752   -0.07286   -0.02609      3
  -0.07661   -0.02675   -0.07863   -0.03095     17
  -0.07393   -0.02616   -0.07984   -0.01365      1
  -0.06910   -0.02665   -0.06522   -0.03997      1
  -0.05849   -0.02736   -0.05524   -0.04175      3
  -0.05741   -0.02906   -0.03753   -0.03685      3
  -0.03025   -0.02615   -0.01671   -0.01798     32
  -0.02931   -0.02719   -0.01487   -0.01817    143
   0.02944   -0.02705    0.00198   -0.01426      1
   0.03010   -0.02631    0.03096   -0.04642      1
   0.04046   -0.02977    0.01484    0.02775      4
   0.04274   -0.02815    0.03218   -0.03891    212
   0.04659   -0.02696    0.05446    0.04109      2
   0.07166   -0.02895    0.06094   -0.03033    224
   0.07547   -0.02874    0.06763   -0.03544    104
   0.09097   -0.02617    0.07793   -0.01794      4
   0.10914   -0.02639    0.10330   -0.03484      5
   0.13902   -0.02732    0.07986   -0.36022      1
  -0.14306   -0.02279   -0.11516   -0.05944      1
  -0.14024   -0.02362   -0.07990    0.00559      1
  -0.11551   -0.02512   -0.12620   -0.02522      1
  -0.11034   -0.02319   -0.11897   -0.03866      1
  -0.10980   -0.02226   -0.11298   -0.02671      1
  -0.09158   -0.02502   -0.07798   -0.02542      3
  -0.07814   -0.02244   -0.07970   -0.02627     10
  -0.07713   -0.02293   -0.07988   -0.02479     79
  -0.07228   -0.02348   -0.07244   -0.02300     26
  -0.06789   -0.02395   -0.06162   -0.02500      2
  -0.06210   -0.02297   -0.05848   -0.02993      5
  -0.06190   -0.02390   -0.05621   -0.03954      4
  -0.04396   -0.02209   -0.06556    0.05346      1
  -0.04161   -0.02385   -0.04114   -0.03769      1
  -0.03146   -0.02467   -0.01739   -0.01944    234
   0.03311   -0.02242    0.02810   -0.01812      7
   0.03512   -0.02323    0.02762   -0.02879    312
   0.03922   -0.02431    0.03019   -0.03717    133
   0.04288   -0.02509    0.03498   -0.03883    290
   0.05150   -0.02240    0.02616    0.04344     10
   0.07385   -0.02596    0.06372   -0.02944      1
   0.07539   -0.02436    0.06852   -0.02950     52
   0.07874   -0.02283    0.06425   -0.02591      6
   0.09202   -0.02522    0.07254   -0.02243      5
  -0.12124   -0.01839   -0.10596   -0.00545      8
  -0.11061   -0.02120   -0.07298   -0.03512      1
  -0.10939   -0.02031   -0.06905   -0.02337      1
  -0.09705   -0.01952   -0.09214   -0.02093      1
  -0.09315   -0.01895   -0.08850   -0.02756      2
  -0.07844   -0.01929   -0.08164   -0.02378      4
  -0.07747   -0.02160   -0.07655   -0.02355     99
  -0.07293   -0.01912   -0.06746   -0.02234      5
  -0.06203   -0.02195   -0.03501   -0.05654      2
  -0.06062   -0.01868   -0.05414   -0.01064     20
  -0.04668   -0.02022   -0.04822    0.02807      1
  -0.04442   -0.02107   -0.04639    0.02582      1
  -0.03408   -0.02091   -0.01753   -0.01878     45
  -0.03386   -0.02125   -0.01685   -0.02038     68
   0.03357   -0.02171    0.01897   -0.01945      5
   0.03543   -0.01864    0.02639   -0.02539     31
   0.04068   -0.02127    0.03309   -0.02820      5
   0.05224   -0.02152    0.02762    0.03950     25
   0.07744   -0.02005    0.07519   -0.02618     35
   0.07841   -0.01896    0.07833   -0.02656     24
   0.21906   -0.01863    0.20953   -0.03469      1
  -0.12152   -0.01693   -0.09595   -0.01228      4
  -0.11354   -0.01459   -0.10284   -0.01795      1
  -0.09499   -0.01529   -0.09601   -0.01900     10
  -0.09387   -0.01691   -0.07688    0.00450      2
  -0.07900   -0.01448   -0.08416   -0.01284     85
  -0.07760   -0.01695   -0.07903   -0.02078      7
  -0.07269   -0.01699   -0.07818   -0.02597      6
  -0.05974   -0.01538   -0.04914   -0.02263      6
  -0.03976   -0.01589   -0.04653   -0.01937      1
  -0.03708   -0.01761   -0.03156   -0.02044      4
   0.03182   -0.01741    0.05377   -0.03452      1
   0.03717   -0.01694    0.02812   -0.01640     17
   0.03850   -0.01529    0.03112   -0.02163     34
   0.05669   -0.01540    0.03858    0.03207      4
   0.07783   -0.01742    0.08163   -0.02019      2
   0.07877   -0.01515    0.07644   -0.02045    263
   0.09701   -0.01735    0.07982   -0.02517      1
   0.14083   -0.01540    0.02612   -0.03441      1
  -0.12225   -0.01024   -0.10092   -0.00801      2
  -0.11638   -0.01315   -0.11134   -0.01203      2
  -0.11151   -0.01040   -0.10349   -0.00018      1
  -0.09810   -0.01193   -0.08874   -0.00749      2
  -0.09661   -0.01245   -0.09489   -0.01154      5
  -0.09351   -0.01382   -0.06318   -0.01760      2
  -0.08034   -0.01271   -0.08435   -0.01317    145
  -0.07235   -0.01190   -0.07710   -0.02003     52
  -0.06365   -0.01237   -0.01878    0.04081      6
  -0.05854   -0.01290   -0.05452   -0.02555     20
  -0.05061   -0.01169   -0.01144    0.01271      1
  -0.04861   -0.01282   -0.05446    0.03674      3
  -0.03859   -0.01046   -0.01755   -0.02506      2
   0.00920   -0.01230    0.24416   -0.05457      1
   0.03778   -0.01370    0.02680   -0.02450      2
   0.03952   -0.01176    0.02716   -0.01356     20
   0.06155   -0.01243    0.01075    0.03904      1
   0.07937   -0.01202    0.07726   -0.01534    365
   0.09550   -0.01056    0.07812   -0.00519      1
   0.14102   -0.01288    0.05333   -0.03114      3
  -0.11365   -0.00635   -0.09553   -0.01788      1
  -0.09592   -0.00610   -0.09927    0.01114      1
  -0.08099   -0.00811   -0.08273   -0.01058     27
  -0.07078   -0.00762   -0.07873   -0.00486     17
  -0.06008   -0.00867   -0.05642   -0.01017     10
  -0.05791   -0.00928   -0.05345   -0.01722      3
  -0.04621   -0.00690   -0.04439   -0.01165      1
  -0.03900   -0.00881   -0.00967   -0.01931      1
  -0.03382   -0.00820   -0.05034   -0.02189      1
  -0.00668   -0.00758   -0.01840   -0.02097     13
  -0.00371   -0.00780   -0.00865   -0.03232      4
   0.01227   -0.00732    0.05664    0.00252      5
   0.01484   -0.00646   -0.00674   -0.01273      3
   0.03948   -0.00630    0.02720   -0.02072      1
   0.07969   -0.00837    0.07722   -0.01117    481
   0.09631   -0.00863    0.07828   -0.01198      1
   0.11152   -0.00989    0.08355   -0.01323      1
  -0.11131   -0.00345   -0.12980   -0.00722      2
  -0.09591   -0.00492   -0.08623   -0.00109      2
  -0.08140   -0.00460   -0.08930    0.00333      3
  -0.07620   -0.00561   -0.08376   -0.03773      2
  -0.07084   -0.00469   -0.07884   -0.00646     14
  -0.06107   -0.00247   -0.07141   -0.00915      1
  -0.05242   -0.00596   -0.03561    0.00526      1
  -0.00811   -0.00416   -0.00125   -0.01254      3
  -0.00128   -0.00460    0.00511   -0.02559      1
   0.01485   -0.00573    0.03999   -0.01335      3
   0.08042   -0.00466    0.07727   -0.00568    102
   0.08216   -0.00399    0.08801   -0.00569      1
  -0.10999    0.00142   -0.11426   -0.00259      1
  -0.08084    0.00061   -0.08979    0.00596      5
  -0.07624   -0.00182   -0.07909    0.00401      1
  -0.07119   -0.00031   -0.07630    0.00648      5
  -0.06138   -0.00171   -0.07261    0.00648      1
  -0.03997   -0.00073    0.01260    0.00000      1
   0.00109    0.00105   -0.00384   -0.00063      4
   0.00259    0.00141   -0.01309   -0.00329      1
   0.04029    0.00161    0.02401   -0.01589      1
   0.04775   -0.00108    0.03149    0.00055      1
   0.06281    0.00087    0.01963    0.05223      1
   0.08116    0.00001    0.07398    0.00566     38
   0.08206   -0.00079    0.08926    0.01144      1
   0.09455   -0.00023    0.08451    0.01293      1
  -0.12307    0.00330   -0.12388    0.00071      2
  -0.11132    0.00521   -0.11174    0.01553      2
  -0.07615    0.00421   -0.08099   -0.00136      3
  -0.07138    0.00227   -0.07329   -0.00198      6
  -0.03978    0.00402   -0.00270    0.00000      1
  -0.01532    0.00480   -0.04045    0.00882      1
  -0.00006    0.00546   -0.00999    0.02058     99
   0.00391    0.00276    0.02762    0.01317      5
   0.00809    0.00390    0.01994    0.00380     23
   0.01543    0.00412    0.01474   -0.02681      3
   0.04060    0.00382    0.02909   -0.01347     67
   0.08083    0.00250    0.07464    0.00538     51
   0.08202    0.00405    0.06778    0.02919      1
   0.09530    0.00283    0.07795    0.01107      3
  -0.07567    0.00922   -0.08265    0.01802      1
  -0.07031    0.00846   -0.07007    0.00416      7
  -0.06995    0.00728   -0.09275    0.00394      4
  -0.05493    0.00655   -0.03879    0.03074      1
  -0.03925    0.00764   -0.01976   -0.00131      3
  -0.00251    0.00833   -0.01102    0.02742     14
  -0.00060    0.00712   -0.00819    0.02597    257
   0.01315    0.00839    0.08039   -0.02902      4
   0.01479    0.00872   -0.01806    0.01341      1
   0.03993    0.00909    0.02107   -0.01378     40
   0.08033    0.00745    0.07483    0.00587     40
   0.09660    0.00782    0.08271    0.01280      1
   0.12327    0.00704    0.11699    0.00020      1
  -0.12246    0.01383   -0.11058    0.00935      2
  -0.07122    0.01317   -0.08347    0.00966      6
  -0.03898    0.01201   -0.02654   -0.02146      4
  -0.00104    0.01007   -0.00609    0.00593      9
   0.00877    0.01095    0.09804   -0.00325      1
   0.03790    0.01274    0.02440   -0.00708      2
   0.03986    0.01069    0.02774   -0.02127     55
   0.04566    0.01387    0.05374    0.00527      1
   0.06106    0.01356    0.04360    0.03986     19
   0.06320    0.01241    0.02180    0.05417      2
   0.07900    0.01227    0.07506    0.01294     47
   0.14295    0.01170    0.09446    0.01870      1
   0.22106    0.01263    0.17639    0.04007      1
  -0.07254    0.01768   -0.09367    0.01804      1
  -0.06922    0.01636   -0.07356    0.01292     21
  -0.06476    0.01747   -0.05987    0.01649     17
  -0.04028    0.01672   -0.01872   -0.02215      2
  -0.03673    0.01552   -0.04328    0.02587      2
  -0.00100    0.01527   -0.00632    0.01280      4
   0.00500    0.01652   -0.00259    0.02597      1
   0.03680    0.01619    0.01453   -0.01205      8
   0.03878    0.01524    0.03967   -0.02756      4
   0.06073    0.01513    0.04444    0.04155     41
   0.06206    0.01528    0.03209    0.06944      1
   0.07758    0.01662    0.07197    0.01854     13
   0.07820    0.01472    0.07356    0.01473      8
   0.14096    0.01631    0.15993    0.06300      1
  -0.07877    0.02075   -0.09294    0.02842      1
  -0.07155    0.01957   -0.08605    0.00768      1
  -0.06626    0.01860   -0.06718    0.01546     21
  -0.06524    0.01924   -0.06480    0.01812     85
  -0.05911    0.02132   -0.06342    0.01656     17
  -0.05777    0.02174   -0.07364    0.02388      4
  -0.04825    0.01987   -0.02247   -0.03369      1
  -0.04369    0.01935   -0.04348   -0.01157      1
  -0.03982    0.01946   -0.03425   -0.01693      2
  -0.03419    0.02072   -0.02932    0.00470      1
   0.03063    0.02085    0.02930    0.02000      2
   0.03581    0.02127    0.02700   -0.02682     84
   0.06122    0.02179    0.02321    0.05953      3
   0.06370    0.01980    0.02986    0.04022      2
   0.07629    0.02087    0.06839    0.01989    148
   0.07829    0.02058    0.07589    0.02262      5
  -0.06649    0.02542   -0.06416    0.06690      1
  -0.05893    0.02338   -0.06654    0.02111     22
  -0.05680    0.02373   -0.06219    0.01863     29
  -0.05293    0.02312   -0.05724    0.02406      3
  -0.04356    0.02297   -0.03725   -0.00643      1
  -0.04126    0.02481   -0.03814   -0.02547      2
  -0.03323    0.02214    0.20175    0.12027      1
   0.00187    0.02578   -0.02146    0.02777      1
   0.02873    0.02599    0.02520    0.01197      1
   0.03055    0.02536    0.01482    0.01379      4
   0.03477    0.02382    0.02839   -0.02944    132
   0.06090    0.02266    0.04169    0.04480     32
   0.07524    0.02343    0.06992    0.03008    201
   0.12055    0.02547    0.11362    0.01234      1
  -0.06617    0.02671   -0.00521    0.07090      1
  -0.06406    0.02685   -0.06191    0.01359      2
  -0.06004    0.02704   -0.05325    0.04257      2
  -0.05495    0.02710   -0.06473    0.01335     12
  -0.05301    0.02838   -0.06352    0.02492     16
  -0.03626    0.02616   -0.05071   -0.00776      1
  -0.02822    0.02916   -0.02160    0.00826      4
   0.00276    0.02932   -0.00534    0.01528      2
   0.02860    0.02793    0.02714    0.00647      1
   0.03029    0.02610    0.01350    0.00000      1
   0.03477    0.02867    0.02762   -0.03323    132
   0.05728    0.02928    0.02951    0.03584      2
   0.05902    0.02788    0.04026    0.04542     23
   0.07287    0.02917    0.07006    0.03339      9
   0.07463    0.02638    0.06859    0.03156     10
   0.11937    0.02978    0.11229    0.00667      1
  -0.10519    0.03258   -0.10249    0.04414      1
  -0.06368    0.03112   -0.02552    0.05898      2
  -0.06117    0.03005   -0.07691    0.02235      1
  -0.05435    0.03148   -0.06773    0.02161      7
  -0.05261    0.03260   -0.07193    0.01902     32
  -0.02203    0.03336   -0.02700    0.00000      1
   0.00464    0.03339    0.00331    0.03313      1
   0.02174    0.03355    0.01581    0.00591      2
   0.02278    0.03290    0.01431    0.02602      5
   0.03470    0.03216    0.03006   -0.03617     38
   0.05577    0.03218    0.04362    0.04062     22
   0.07198    0.03139    0.06620    0.01916     16
  -0.11810    0.03671   -0.12829    0.04746      1
  -0.11702    0.03759   -0.11537    0.01294      1
  -0.05709    0.03441   -0.06416    0.03123      6
  -0.05168    0.03548   -0.07594    0.02520     10
  -0.04879    0.03746   -0.06828    0.01674      6
  -0.04109    0.03411   -0.03746   -0.06462      1
  -0.02539    0.03578   -0.02071   -0.02707      2
  -0.02003    0.03614   -0.01204    0.01338      5
  -0.01720    0.03609   -0.01157   -0.00108      4
  -0.01280    0.03788   -0.00657    0.01579      9
  -0.00336    0.03697   -0.11518    0.00141      1
   0.01331    0.03770   -0.00607    0.01206      9
   0.01510    0.03702    0.01053    0.01567     16
   0.01976    0.03476    0.00393    0.01980      5
   0.02449    0.03532    0.02031    0.03436      7
   0.02776    0.03714    0.02247    0.03369      1
   0.03368    0.03654    0.03729   -0.03845    104
   0.03422    0.03541    0.03492   -0.03742     71
   0.05358    0.03626    0.04129    0.04325     14
   0.05436    0.03481    0.04466    0.04120     16
   0.06302    0.03794    0.09173    0.05169      1
   0.06872    0.03721    0.06543    0.02861     16
   0.07099    0.03534    0.06861    0.02309      9
   0.08771    0.03510    0.08155    0.04013      1
   0.13556    0.03711    0.28148    0.09747      1
  -0.05664    0.03984   -0.06548    0.06687      1
  -0.05021    0.04147   -0.06556    0.02568      8
  -0.04704    0.03992   -0.06357    0.01292     17
  -0.04583    0.04182   -0.06567    0.00183      1
  -0.02404    0.03849   -0.02618   -0.03990      3
  -0.02180    0.04168   -0.03776   -0.04816      1
  -0.01558    0.03890   -0.01179   -0.03486      4
  -0.01068    0.03853   -0.00724    0.01298     12
  -0.00672    0.03941   -0.00709    0.01028     69
  -0.00402    0.03978   -0.00645    0.01017    313
   0.00000    0.03997   -0.00716    0.01293     49
   0.00363    0.03982   -0.00784    0.01734    108
   0.00732    0.03930   -0.00208    0.01188     24
   0.01158    0.03841   -0.00149    0.01287     17
   0.01740    0.04197    0.00438    0.02482      1
   0.02835    0.03830    0.01208    0.02364      4
   0.03165    0.03975    0.03245   -0.03872    126
   0.04970    0.04168    0.05653    0.04995      2
   0.05035    0.04111    0.04795    0.04017     28
   0.05641    0.04080    0.05767    0.04250     34
   0.05927    0.04011    0.06636    0.03562     52
   0.06242    0.04086    0.06420    0.03405     15
   0.06797    0.04019    0.06325    0.03336     45
  -0.11434    0.04562   -0.14770    0.03628      1
  -0.04624    0.04326   -0.04826    0.03908      1
  -0.04496    0.04327   -0.06497    0.01797     11
  -0.02563    0.04384   -0.03745    0.03040      2
  -0.01997    0.04340   -0.02128   -0.04511      2
   0.01749    0.04201    0.01681    0.02113      3
   0.02268    0.04528    0.01802   -0.04416      1
   0.02859    0.04515    0.03418   -0.02683     17
   0.03037    0.04316    0.03185   -0.01016      8
   0.04560    0.04544    0.04521    0.04384      8
   0.04870    0.04386    0.04633    0.04285     59
   0.05090    0.04456    0.04724    0.03271     16
   0.05409    0.04226    0.05335    0.04276      5
   0.06139    0.04310    0.06376    0.03232     11
   0.06372    0.04307    0.06314    0.03633     88
   0.06737    0.04238    0.03834    0.01328      2
   0.21598    0.04563   -0.25652   -0.11636      1
  -0.11293    0.04941   -0.12444    0.05231      1
  -0.05241    0.04702   -0.01905    0.05899      2
  -0.04269    0.04688   -0.06569    0.02303     13
  -0.04140    0.04832   -0.07194    0.02009      3
  -0.03591    0.04655   -0.05271   -0.01361      8
  -0.02386    0.04623   -0.01172    0.06647      1
  -0.02070    0.04861   -0.02474   -0.02689     10
   0.02569    0.04943    0.03680   -0.03744     59
   0.02656    0.04828    0.03361   -0.04238     79
   0.03211    0.04659    0.04055    0.04272     16
   0.04067    0.04762    0.04399    0.04227     32
   0.04395    0.04744    0.05024    0.04263      5
   0.04757    0.04704    0.05099    0.03171      8
   0.05003    0.04713    0.01814    0.05181      1
   0.06184    0.04699    0.06089    0.04327      1
   0.13509    0.04715    0.10490   -0.06478      1
  -0.11236    0.05022   -0.11856    0.03990      1
  -0.05881    0.05374   -0.05062    0.03898      1
  -0.04585    0.05344   -0.03350    0.05756      1
  -0.04005    0.05079   -0.07039    0.00877      2
  -0.03500    0.05056   -0.06332   -0.00569      3
  -0.03232    0.05047   -0.05259   -0.02130     10
  -0.02089    0.05006   -0.03458   -0.04586      2
  -0.00868    0.05363   -0.01167   -0.05180      1
   0.01182    0.05208    0.00811   -0.04334      1
   0.02187    0.05343    0.03245   -0.03855      6
   0.02400    0.05200    0.03185   -0.03794     89
   0.03286    0.05109    0.04833    0.07884      2
   0.03634    0.05333    0.02291    0.05920      4
   0.04031    0.05217    0.03882    0.04627     37
   0.04289    0.05227    0.04880    0.03883      3
   0.04943    0.05290    0.05529    0.05155      1
   0.05533    0.05383    0.05446    0.03989     15
   0.06046    0.05066    0.06824    0.04019      3
   0.12954    0.05150   -0.02670   -0.03622      1
  -0.11079    0.05418   -0.12200    0.07476      1
  -0.04254    0.05736   -0.02780    0.05552      1
  -0.03603    0.05406   -0.06771    0.00964      1
  -0.02646    0.05665   -0.05989   -0.02446      2
  -0.02497    0.05767   -0.03829    0.01318      1
  -0.01886    0.05463   -0.03540   -0.04415      2
   0.01676    0.05742    0.02730   -0.05071     10
   0.01928    0.05561    0.03198   -0.05071     20
   0.03071    0.05754    0.02803    0.05339      1
   0.03596    0.05529    0.02366    0.04960      4
   0.04048    0.05421    0.04345    0.02892      6
   0.04826    0.05639    0.04701    0.04487      2
   0.05435    0.05428    0.03320    0.03654      2
  -0.03093    0.05968   -0.06964    0.02701      1
  -0.02794    0.06113   -0.06382    0.02361      4
  -0.02390    0.05883   -0.06127   -0.03208      5
  -0.01851    0.06171   -0.06486   -0.01509      1
  -0.01634    0.05908   -0.03949   -0.04934      4
   0.00529    0.06180    0.01610   -0.07202      5
   0.00863    0.06141    0.02148   -0.06188      7
   0.01307    0.06148    0.02076   -0.05192      2
   0.01572    0.05948    0.03809   -0.04310      4
   0.02340    0.06163    0.01947    0.06369      1
   0.02935    0.06039    0.01818    0.04410      1
   0.03314    0.06018    0.05870    0.04569      4
   0.03456    0.05939    0.05575    0.03882      3
   0.03863    0.05843    0.03008    0.03872      6
   0.04953    0.05818    0.03538    0.04545      1
  -0.10628    0.06225   -0.10820    0.06096      1
  -0.02634    0.06261   -0.05012    0.01977      5
  -0.02468    0.06333   -0.05681    0.01790     24
  -0.02178    0.06529   -0.06706    0.02010      2
  -0.01648    0.06415   -0.06192   -0.01159      1
   0.00033    0.06380    0.00287   -0.07352     34
   0.00356    0.06377    0.01455   -0.07298     17
   0.00783    0.06331    0.02158   -0.06260     35
   0.01208    0.06214    0.02955   -0.05739     14
   0.02501    0.06512    0.05350    0.04043      6
   0.02719    0.06402    0.05404    0.03170      8
   0.03028    0.06209    0.06611    0.04360      1
  -0.10288    0.06739   -0.11283    0.08701      3
  -0.10199    0.06849   -0.09205    0.04530      1
  -0.01970    0.06826   -0.02482    0.10418      1
  -0.01117    0.06965   -0.07998    0.02754      1
  -0.00243    0.06964   -0.02531   -0.07531      4
  -0.00141    0.06739   -0.00871   -0.07945     32
   0.00398    0.06864    0.02747   -0.06463     20
   0.00919    0.06798    0.05301   -0.04625      5
   0.01695    0.06900    0.06304    0.04172      3
   0.02154    0.06705    0.03451    0.01304      1
   0.02263    0.06648    0.06001    0.02672      1
   0.03805    0.06642    0.03798    0.06222      1
  -0.10111    0.07075   -0.11792    0.08725      3
  -0.01065    0.07041   -0.09398    0.00988      1
  -0.00637    0.07147   -0.06349    0.01292      7
  -0.00268    0.07146   -0.02417   -0.02699      4
  -0.00129    0.07069   -0.01360   -0.07804     22
   0.00306    0.07032    0.03442   -0.05992     10
   0.01245    0.07063    0.06480    0.02926      1
   0.04029    0.07014    0.04137    0.06467      3
  -0.09812    0.07418   -0.11292    0.09079      1
  -0.00285    0.07596   -0.01629    0.07442     17
  -0.00123    0.07634   -0.00829    0.06156      2
   0.00443    0.07783    0.01057    0.09748      2
   0.02334    0.07746    0.02025    0.08949      4
   0.11397    0.07725    0.05196    0.01095      1
   0.12018    0.07419    0.09227    0.09099      1
  -0.09268    0.08164   -0.10994    0.08420      2
   0.00559    0.07813   -0.04570    0.06904      1
   0.00828    0.07852    0.01747    0.06706      1
   0.08412    0.08163    0.07986    0.36022      1
  -0.08887    0.08588   -0.13619    0.10189      1
  -0.08784    0.08693   -0.10057    0.08173      1
   0.03200    0.08908    0.01864    0.09080      1
  -0.19858    0.09711   -0.13891    0.07795      1
   0.05667    0.09866    0.05840    0.10033      1
   0.06966    0.10146    0.05628    0.11266      2
   0.07337    0.09860    0.06142    0.08718      2
   0.06704    0.10323    0.05121    0.09200      1
   0.05581    0.10991    0.04892    0.10030      1
  -0.19037    0.11151   -0.16542    0.12739      1
   0.05225    0.11165    0.04475    0.10710      2
   0.02179    0.12162    0.02161    0.11772      1
   0.02352    0.12130    0.01622    0.12212      2
   0.02705    0.12042    0.02529    0.10869      1
   0.03293    0.11890    0.02776    0.11532      4
   0.03427    0.11861    0.01989    0.11188      2
  -0.00977    0.12325   -0.03447    0.11274      1
   0.01677    0.12244    0.00300    0.13226      1
   0.01961    0.12202    0.01135    0.11373      1
   0.09525    0.19934    0.05424    0.16026      1
   0.04176    0.21765    0.06283    0.23285      1
   0.04264    0.21755    0.04016    0.22320      1
   0.04850    0.21590   -0.02128    0.17328      1
   0.03909    0.21815    0.05333    0.22042      1
