  -0.12910   -0.12546   -0.14728   -0.14026      1
  -0.13428   -0.11292   -0.14003   -0.14250      1
  -0.12324   -0.07887    0.23838    0.00707      1
  -0.05262   -0.07843   -0.04630   -0.06864      1
  -0.06236   -0.07439   -0.06503   -0.07223      1
  -0.06161   -0.07476   -0.06445   -0.07789      2
  -0.05749   -0.07665   -0.05134   -0.07171      3
  -0.06694   -0.07088   -0.07267   -0.06572      2
  -0.06393   -0.07300   -0.06555   -0.06639      6
  -0.02834   -0.07026   -0.02474   -0.06486      3
  -0.07036   -0.06838   -0.06277   -0.05119      1
  -0.04395   -0.06631   -0.05380   -0.06411      3
  -0.03986   -0.06892   -0.03839   -0.06407      2
  -0.03605   -0.06930   -0.03957   -0.07062      4
  -0.03042   -0.06875   -0.07516    0.01420      1
  -0.02678   -0.06904   -0.02820   -0.07014      1
  -0.02258   -0.06869   -0.01815   -0.06909      2
  -0.07233   -0.06506   -0.07849   -0.05807      3
  -0.05025   -0.06518   -0.05010   -0.04249      1
  -0.04954   -0.06485   -0.05451   -0.05990      3
  -0.02172   -0.06413   -0.02399   -0.07169      1
   0.02831   -0.06545    0.02390   -0.05828      1
  -0.07484   -0.06013   -0.07705   -0.06067      2
  -0.07365   -0.06193   -0.07344   -0.05355      1
  -0.01844   -0.06136   -0.02095   -0.03037      1
  -0.01622   -0.06064   -0.01335   -0.04327      4
  -0.01070   -0.06019   -0.02185   -0.06746      3
  -0.00740   -0.05937   -0.01139   -0.05422     10
   0.03782   -0.05963    0.03720   -0.04868      7
   0.03818   -0.05933    0.03603   -0.04834      3
  -0.07747   -0.05713   -0.07708   -0.05516      3
  -0.00229   -0.05708   -0.00938   -0.04032      3
  -0.00173   -0.05685    0.00287   -0.03733      4
   0.00577   -0.05753   -0.00789   -0.05614      1
   0.00771   -0.05735   -0.00634   -0.06022      3
   0.01213   -0.05527    0.00746   -0.06146      9
   0.04344   -0.05570    0.06787   -0.02660      1
  -0.07966   -0.05195   -0.07654   -0.03247      2
  -0.01613   -0.05053   -0.01889   -0.05390    132
  -0.01279   -0.05061   -0.01724   -0.05402    197
  -0.00892   -0.05262   -0.00486   -0.05534      3
   0.01611   -0.05353    0.01031   -0.05580      8
   0.02142   -0.05316    0.00701   -0.06148      2
   0.02574   -0.05222    0.01773   -0.06061      3
   0.02608   -0.05197    0.02435   -0.04718      1
   0.04797   -0.05219    0.04873   -0.03818     11
   0.05676   -0.05300    0.06120   -0.03959      1
   0.06060   -0.05019    0.06676   -0.04091      1
  -0.01887   -0.04806   -0.01808   -0.05563      1
  -0.01751   -0.04985   -0.01851   -0.05157     48
  -0.01246   -0.04957   -0.01614   -0.05439    106
   0.02918   -0.04937    0.02090   -0.02883      2
   0.03196   -0.04773    0.02964   -0.03485      4
   0.05181   -0.04878    0.05882   -0.03746      2
   0.05991   -0.04796    0.06616   -0.04182      2
  -0.08449   -0.04547   -0.06642   -0.04313      1
  -0.06889   -0.04485   -0.07299   -0.03476      2
  -0.04798   -0.04221   -0.07843   -0.06040      1
  -0.02322   -0.04441   -0.02623   -0.04040      4
  -0.01815   -0.04208   -0.00680   -0.04721      1
  -0.01721   -0.04386   -0.02144   -0.04650    106
  -0.01147   -0.04333   -0.00674    0.01862      1
   0.03527   -0.04496    0.03209   -0.04998      1
   0.05753   -0.04541    0.06370   -0.03684      2
   0.06120   -0.04250    0.06393   -0.03272      2
   0.06528   -0.04268    0.06190   -0.03676      1
  -0.07036   -0.04152   -0.07098   -0.05081      1
  -0.01742   -0.03915   -0.02274   -0.03987      3
  -0.00990   -0.03887   -0.03870    0.00000      1
   0.00077   -0.03997    0.00449   -0.02571     11
   0.00278   -0.03988    0.00388   -0.02609     49
   0.00897   -0.03896    0.00602   -0.01984     82
   0.01141   -0.03835    0.00593   -0.01031     12
   0.02371   -0.04035    0.00626    0.04523      2
   0.02779   -0.03864    0.00415    0.04842      1
   0.03722   -0.04184    0.03283   -0.03716      2
   0.03829   -0.04084    0.04118   -0.02905      1
   0.05620   -0.03947    0.04154   -0.04440      2
   0.06832   -0.04026    0.06625   -0.03449      1
  -0.02054   -0.03451   -0.01110   -0.00208      6
  -0.01659   -0.03651   -0.00661   -0.01157      7
  -0.01344   -0.03766    0.00000   -0.01170      1
   0.01288   -0.03785    0.00726   -0.01725     99
   0.01698   -0.03622    0.00677   -0.00663      7
   0.02127   -0.03540    0.01959    0.02359      9
   0.02247   -0.03472    0.02465    0.02563      5
   0.03095   -0.03687   -0.00233    0.05124      1
   0.04172   -0.03688    0.04126   -0.04272      1
   0.04240   -0.03508    0.04118   -0.02406      1
   0.05858   -0.03770    0.06577   -0.03541      1
   0.06615   -0.03560    0.07305   -0.03283      1
   0.07103   -0.03587    0.06499   -0.01958      2
  -0.07351   -0.03066   -0.08180   -0.02485      1
  -0.06453   -0.03354   -0.06023   -0.03605      1
  -0.05724   -0.03308   -0.06248   -0.03392      1
  -0.03736   -0.03271   -0.02881   -0.03688      1
  -0.03027   -0.03063   -0.02778   -0.02290      1
  -0.02889   -0.03014   -0.03103   -0.02549      5
  -0.02354   -0.03298   -0.00536    0.01859      2
   0.02167   -0.03360    0.01736   -0.01431      1
   0.02514   -0.03297    0.02413    0.01715     20
   0.02629   -0.03213    0.02669    0.02138      1
   0.04350   -0.03309    0.04169   -0.01783      7
   0.06530   -0.03271    0.05864   -0.02538      1
   0.06927   -0.03245    0.06698   -0.02099      5
   0.07283   -0.03159    0.05514   -0.03734      1
  -0.07422   -0.02600   -0.05588   -0.00955      1
  -0.04270   -0.02697   -0.04949   -0.00373     16
  -0.03852   -0.02619   -0.04184   -0.00655    170
  -0.03607   -0.02735   -0.03619   -0.01301    293
  -0.03364   -0.02798   -0.02957   -0.02620     44
  -0.02978   -0.02931   -0.04935    0.00251      2
   0.02545   -0.02753    0.02876   -0.02978      1
   0.03110   -0.02728    0.03180    0.00224      7
   0.04391   -0.02751    0.04241   -0.00894     10
   0.07032   -0.02904    0.05355   -0.01207      1
   0.07477   -0.02624    0.07465   -0.02644      1
  -0.07422   -0.02582   -0.08292   -0.01672      1
  -0.04637   -0.02281   -0.04814   -0.01287     29
  -0.04473   -0.02418   -0.04750   -0.01182    140
  -0.03900   -0.02545   -0.04223   -0.00624    208
  -0.03456   -0.02313   -0.04201    0.02560      7
  -0.03348   -0.02459   -0.04238    0.01810      8
   0.03298   -0.02482    0.03631   -0.00742      2
   0.03499   -0.02308    0.03647    0.00415      6
   0.04026   -0.02499    0.04142   -0.01299      3
   0.04288   -0.02504    0.03046   -0.02563      5
   0.04783   -0.02346    0.03575   -0.00919      7
  -0.07536   -0.02042   -0.07380   -0.01636      1
  -0.06208   -0.01942   -0.04723   -0.01480      1
  -0.04648   -0.02027   -0.04631   -0.01351     72
  -0.04541   -0.02139   -0.04561   -0.01360     92
  -0.03562   -0.02054   -0.04200    0.01128      6
  -0.03355   -0.02175   -0.01048   -0.00260      2
   0.03561   -0.02122    0.04216    0.00119      2
   0.05103   -0.01987    0.03413   -0.01208     12
  -0.07586   -0.01703   -0.07378   -0.00484      3
  -0.04738   -0.01659   -0.04242   -0.00915     32
  -0.04573   -0.01518   -0.04312   -0.00937     13
  -0.03824   -0.01663   -0.05026    0.01711      1
  -0.03670   -0.01586   -0.01370   -0.00329      2
   0.03773   -0.01664    0.03327    0.00145      3
   0.03931   -0.01488    0.05007    0.01157      2
   0.05355   -0.01762    0.01320   -0.01476      1
   0.05407   -0.01437    0.05333   -0.01335      3
  -0.04835   -0.01237   -0.04051   -0.00625     13
  -0.04541   -0.01285   -0.04010   -0.00517     81
  -0.03975   -0.01239   -0.03219   -0.00663      4
  -0.00655   -0.01256   -0.02461   -0.06478      1
  -0.00421   -0.01334   -0.02041   -0.03250      3
  -0.00003   -0.01016    0.00115   -0.02610     29
   0.03754   -0.01376    0.01968   -0.00221      1
   0.04012   -0.01150    0.03985    0.00185      9
   0.04771   -0.01381   -0.00692    0.05718      1
   0.05496   -0.01049    0.05394   -0.00582      2
  -0.07666   -0.00752   -0.07739    0.00143      5
  -0.04873   -0.00909   -0.04754    0.00331      9
  -0.04538   -0.00796   -0.03846   -0.00393     10
  -0.03988   -0.00895   -0.03279    0.01453      2
  -0.01153   -0.00834   -0.06148   -0.04701      3
  -0.00035   -0.00849   -0.00128   -0.02771    265
   0.01346   -0.00854    0.01196    0.01906      1
   0.04102   -0.00914    0.03224    0.00669      3
   0.04323   -0.00655    0.02675    0.02409      1
   0.05573   -0.00881    0.05626   -0.00910      4
  -0.07453   -0.00372   -0.08063    0.00762      3
  -0.04842   -0.00319   -0.05176    0.01185     15
  -0.04537   -0.00531   -0.04237    0.00839      3
  -0.04142   -0.00364   -0.03651   -0.00557      2
  -0.01414   -0.00296   -0.04778    0.00657      2
  -0.01310   -0.00506   -0.07587   -0.01688     10
  -0.00213   -0.00383   -0.01099    0.00230     21
  -0.00009   -0.00382   -0.00242   -0.00885    193
   0.00568   -0.00481    0.00352    0.00000    137
   0.00677   -0.00264    0.00618    0.00088    157
   0.03989   -0.00287    0.01429    0.00650     88
   0.04339   -0.00519    0.03200    0.02902      3
   0.05772   -0.00448    0.04820   -0.00617      1
   0.05919   -0.00281    0.05580   -0.01004      1
  -0.05054    0.00137   -0.04963    0.01208     10
  -0.04737   -0.00049   -0.04695    0.00985      6
  -0.04231   -0.00185   -0.17156    0.02766      2
  -0.04114    0.00167   -0.03884   -0.03751      1
  -0.01450   -0.00070   -0.06197    0.01132      2
  -0.00262   -0.00143   -0.01166    0.00094    112
  -0.00051   -0.00161   -0.00634   -0.00582     17
   0.00566   -0.00055    0.00933   -0.00173      7
   0.00800    0.00071    0.00525    0.00566    252
   0.01007    0.00097    0.00618    0.00686      5
   0.01637    0.00017    0.00078    0.00696      5
   0.03998   -0.00016    0.02065    0.00407    174
   0.04356    0.00038    0.03764    0.02626      3
   0.06315   -0.00014    0.03282    0.01022      2
  -0.07210    0.00277   -0.06647    0.01293      3
  -0.05964    0.00580   -0.05421    0.01626      7
  -0.05274    0.00329   -0.05355    0.01312     29
  -0.04645    0.00369   -0.04200    0.01000      7
  -0.04246    0.00482   -0.04750    0.02165      5
  -0.04081    0.00214   -0.07685   -0.00916      1
  -0.01518    0.00435   -0.05113    0.02707      4
   0.01339    0.00211    0.01020    0.01859      3
   0.01592    0.00267    0.01917    0.01064      4
   0.03966    0.00504    0.01882    0.00772    193
   0.04252    0.00436    0.04139    0.00294     24
   0.04630    0.00515    0.01932    0.03559      1
   0.06469    0.00268    0.06113    0.00680      7
   0.07375    0.00423    0.05690   -0.00073     23
   0.07423    0.00394    0.06298   -0.00051      3
  -0.07074    0.00948   -0.06444    0.01679      1
  -0.06327    0.00773   -0.05274    0.01150      2
  -0.06026    0.00798   -0.05884    0.01951      2
  -0.05473    0.00660   -0.05697    0.01445      6
  -0.05321    0.00708   -0.05826    0.01573      2
  -0.04623    0.00669   -0.05075    0.01561      3
  -0.04347    0.00770   -0.03783    0.01445     14
  -0.04071    0.00914   -0.03800    0.01829     15
   0.01242    0.00720    0.06015    0.03388      2
   0.03927    0.00752    0.01766    0.00792   1110
   0.04256    0.00738    0.03584    0.00655     27
   0.06567    0.00965    0.06026    0.00757      7
   0.06948    0.00751    0.06639    0.00409     24
   0.07120    0.00653    0.05593    0.01374      1
  -0.06939    0.01251   -0.07415    0.02689      2
  -0.06025    0.01094   -0.05543    0.01188     13
  -0.05632    0.01397   -0.04948    0.00130      1
  -0.04734    0.01011   -0.04824    0.02619      1
  -0.04419    0.01176   -0.03732    0.01457      4
  -0.04004    0.01110   -0.03832    0.01860     43
  -0.00955    0.01214    0.24235   -0.07828      1
   0.00443    0.01363    0.13065   -0.02587      1
   0.01257    0.01132    0.00844    0.00312      3
   0.03758    0.01364    0.01431    0.00846     25
   0.03859    0.01052    0.01434    0.00721    141
   0.04288    0.01207    0.03870    0.01222      3
   0.04813    0.01399    0.00029    0.05489      1
   0.05405    0.01327    0.03956    0.00180      1
   0.06595    0.01007    0.06385    0.00234      3
   0.06662    0.01003    0.07701   -0.00246      2
   0.07442    0.01051    0.06657    0.00186      5
  -0.06909    0.01427   -0.05454    0.04560      1
  -0.05864    0.01457   -0.05614    0.01836      6
  -0.05618    0.01531   -0.05326    0.01941     20
  -0.05231    0.01447   -0.04575    0.01337     36
  -0.04719    0.01513   -0.04605    0.00027      7
  -0.04338    0.01418   -0.04465    0.01388      5
  -0.04187    0.01719   -0.03861   -0.00257      1
  -0.03692    0.01541   -0.01840    0.01844      2
   0.00064    0.01727   -0.00159   -0.02064      3
   0.00708    0.01575   -0.02353   -0.04659      1
   0.02326    0.01652    0.01452    0.02263      3
   0.02621    0.01578    0.02843    0.02883      1
   0.03739    0.01417    0.01468    0.01131     62
   0.04033    0.01527    0.03564    0.00955     11
   0.04634    0.01660    0.02732   -0.00909      1
  -0.06806    0.02026   -0.06637    0.02776      2
  -0.04039    0.02039   -0.02034    0.00381      1
   0.02372    0.02044    0.01558    0.02448      9
   0.03379    0.02138    0.01021    0.01468     10
   0.03464    0.02062    0.01706    0.01292     15
   0.04085    0.02044    0.03541    0.02573     10
   0.04417    0.02186    0.03191    0.01860      7
   0.05460    0.01997    0.04911    0.01483      1
   0.05834    0.02083    0.05388    0.02867      3
   0.07445    0.01910    0.06818    0.01710      4
  -0.06719    0.02358   -0.06388    0.03106      2
  -0.06589    0.02548   -0.07229    0.02888      2
  -0.03758    0.02399   -0.05703   -0.00251      2
  -0.03229    0.02502   -0.05057    0.03198      2
   0.02577    0.02376    0.01481    0.02983      1
   0.02727    0.02487    0.00000   -0.35997      1
   0.03192    0.02410    0.01115    0.01299     44
   0.03489    0.02238    0.02724    0.01743     52
   0.04006    0.02349    0.02834    0.02510      6
   0.04430    0.02251    0.03340    0.02262     94
   0.04639    0.02453    0.03072    0.01783      2
   0.05593    0.02481    0.04968    0.03369     30
   0.05913    0.02408    0.05074    0.03094      4
  -0.06546    0.02746   -0.05483    0.04238      5
  -0.03204    0.02670   -0.01627   -0.01280      1
  -0.02893    0.02975   -0.01144    0.01271      3
   0.02717    0.02933    0.00707    0.01282    111
   0.03028    0.02615    0.00760    0.01471     12
   0.03792    0.02806    0.02728    0.01575      1
   0.04151    0.02679    0.03011    0.02913     21
   0.04347    0.02922    0.03325    0.03225     23
   0.04751    0.02908    0.03813    0.03485      8
   0.05206    0.02779    0.04347    0.02807     15
   0.05697    0.02656    0.04966    0.03091     13
   0.06000    0.02796    0.05626    0.03039     81
   0.06218    0.02922    0.05785    0.03853      4
  -0.06382    0.03283   -0.05373    0.03952      7
  -0.02722    0.03233   -0.03178   -0.02390     10
   0.02172    0.03357    0.00682    0.01468     79
   0.02303    0.03268    0.00571    0.01517    277
   0.02621    0.03019    0.00361    0.01190      6
   0.03197    0.03131    0.02650    0.02568      1
   0.03709    0.03338    0.03186    0.03655      4
   0.03905    0.03384    0.02870    0.03362      5
   0.04553    0.03345    0.03682    0.03328     44
   0.04791    0.03289    0.04020    0.03499    209
   0.05775    0.03188    0.05416    0.03221      7
   0.06142    0.03137    0.06277    0.03722     26
   0.06205    0.03037    0.05690    0.03792      2
  -0.06261    0.03588   -0.05447    0.02609      4
  -0.06194    0.03787   -0.05062    0.03090      2
  -0.03080    0.03433   -0.04926    0.00483      1
  -0.02770    0.03613   -0.03630   -0.00449      4
  -0.02297    0.03744   -0.02749   -0.02921     27
  -0.01836    0.03569    0.00414   -0.01659      3
  -0.01625    0.03653    0.01988   -0.00008      2
   0.01358    0.03760    0.00264    0.01691     49
   0.01466    0.03719    0.00621    0.01454     60
   0.02051    0.03432    0.00617    0.01839     15
   0.02410    0.03509    0.02715    0.01306      2
   0.03079    0.03669    0.02258    0.03420      5
   0.03616    0.03658    0.02876    0.03577      3
   0.04030    0.03520    0.03061    0.03794     10
   0.04478    0.03456    0.03792    0.03426     51
   0.04682    0.03484    0.03855    0.03592     22
   0.05338    0.03604    0.04740    0.03709      4
   0.06007    0.03629    0.06163    0.04073     19
   0.06219    0.03471    0.03494    0.02383      1
  -0.06084    0.04034   -0.05207    0.03154      7
  -0.02656    0.03938   -0.02571    0.02389      1
  -0.02233    0.03839   -0.03722   -0.01150      7
  -0.02082    0.03961   -0.03442   -0.01963     68
  -0.01745    0.04004   -0.01705   -0.02496      2
  -0.01148    0.03835   -0.01534    0.05177      3
  -0.00840    0.03909   -0.01190    0.03540     11
  -0.00393    0.03980   -0.00523    0.01924     14
  -0.00032    0.03996   -0.00432    0.01953     43
   0.00554    0.03960   -0.00242    0.01836      7
   0.00870    0.03905    0.00445    0.02833      9
   0.01148    0.03830    0.00332    0.02153     13
   0.01870    0.04170    0.03726   -0.00138      2
   0.02278    0.03829    0.03764   -0.02755      2
   0.02944    0.03979    0.03228    0.03262      3
   0.03225    0.03871    0.01666    0.02566      1
   0.03441    0.03825    0.02684    0.03833      1
   0.04557    0.04054    0.05159    0.02943      1
   0.04798    0.03982    0.05008    0.04525      1
   0.05254    0.03942    0.03825    0.03449      2
   0.05771    0.04175    0.04733    0.04002      6
   0.05833    0.04086    0.05026    0.03822     12
  -0.05964    0.04280   -0.04580    0.02827      4
  -0.03768    0.04553   -0.04956    0.05222      1
  -0.01836    0.04293   -0.04596   -0.00045      4
  -0.01607    0.04354   -0.04067   -0.00765     91
  -0.01243    0.04576   -0.04011   -0.00928     11
   0.02179    0.04351    0.03381    0.02229      1
   0.02285    0.04310    0.03217    0.03055      3
   0.05115    0.04429    0.05671    0.04086      8
   0.05749    0.04235    0.04992    0.04452     11
  -0.01170    0.04678   -0.04179   -0.00698      6
  -0.00870    0.04765   -0.04550   -0.00609      8
  -0.00418    0.04734   -0.02331   -0.04665     26
   0.00643    0.04752   -0.00176    0.05307      1
   0.01328    0.04761    0.03214    0.02478     24
   0.01513    0.04687    0.03159    0.01831     21
   0.04823    0.04882    0.03899    0.05192      4
   0.05294    0.04844    0.05311    0.04653     63
   0.05738    0.04801    0.04872    0.03553      1
  -0.05574    0.05019   -0.05252    0.04589      2
  -0.02806    0.05228   -0.02156    0.05398      2
  -0.00253    0.05001   -0.04789   -0.00827      1
   0.00172    0.05319   -0.01173    0.06283      3
   0.00311    0.05080    0.00548    0.06228      2
   0.02834    0.05253    0.01425    0.05208      1
   0.05264    0.05211    0.04787    0.04557      6
   0.05591    0.05284    0.04024    0.06293      3
  -0.04974    0.05733   -0.04097    0.05400      4
   0.00031    0.05774   -0.00775    0.05491      6
   0.04416    0.05698    0.03817    0.05166      2
   0.04902    0.05670    0.03403    0.06076      2
   0.05348    0.05758    0.04159    0.06418     18
   0.05495    0.05650    0.04720    0.05981      4
  -0.04847    0.05868   -0.05114    0.05986      3
  -0.04355    0.06076   -0.04276    0.04868      3
  -0.03190    0.06053   -0.02976    0.06305     13
  -0.02932    0.06093   -0.01750    0.06098      2
  -0.01755    0.05947   -0.02984    0.07239      1
   0.00163    0.06068   -0.00333    0.05754      8
   0.00243    0.06128    0.00368    0.06475      2
   0.01499    0.06099    0.00415    0.05654      1
   0.04190    0.06186    0.03481    0.07013      1
   0.04420    0.05993    0.04256    0.06613      2
   0.04982    0.06117    0.04497    0.06627     13
   0.05207    0.05950    0.04414    0.06513    118
   0.05401    0.05827    0.06298    0.07044      1
  -0.03637    0.06401   -0.03512    0.06027      6
  -0.03357    0.06330   -0.03037    0.06209      8
  -0.02613    0.06207   -0.02471    0.05203      1
  -0.02287    0.06302   -0.02436    0.06108      3
  -0.01998    0.06364   -0.02485    0.06276      1
  -0.01634    0.06418   -0.01868    0.07584      2
  -0.01168    0.06524   -0.02227    0.05850      7
  -0.00765    0.06278   -0.01211    0.06055     18
  -0.00445    0.06264   -0.00389    0.05579      3
   0.00034    0.06228   -0.00372    0.06024      5
   0.00780    0.06470    0.00767    0.07468      2
   0.03684    0.06555    0.03468    0.07716      1
   0.04510    0.06543    0.04563    0.06762     22
   0.04850    0.06281    0.04560    0.06281     24
   0.05006    0.06210    0.05770    0.06430      1
  -0.09124    0.06963   -0.06917    0.07819      1
   0.00152    0.06975   -0.01434    0.07971      1
   0.03562    0.06677    0.03397    0.06963     10
   0.04022    0.06814    0.04278    0.06891     66
   0.04246    0.06699    0.04250    0.06852     22
  -0.09212    0.07261   -0.07899    0.07430      2
   0.01798    0.07250    0.01253    0.07077      3
   0.01807    0.07248    0.01291    0.07513      6
   0.02214    0.07161    0.03207    0.06846      1
   0.02923    0.07313    0.02566    0.07661      6
   0.03105    0.07313    0.02500    0.08176      7
   0.03532    0.07054    0.03482    0.07599      7
   0.03824    0.07275    0.03582    0.08647      1
  -0.09049    0.07462   -0.08485    0.06534      3
  -0.03239    0.07511   -0.03408    0.06747      1
  -0.02741    0.07642   -0.02559    0.07720      2
   0.01017    0.07799    0.00127    0.08098      1
   0.01415    0.07719    0.01035    0.07761      1
   0.02012    0.07644    0.02258    0.07097      6
   0.02290    0.07595    0.02409    0.07491     10
   0.02927    0.07509    0.02431    0.08084      5
   0.03093    0.07454    0.02235    0.07785      2
  -0.01512    0.08064   -0.02119    0.08375      1
  -0.00735    0.08142   -0.01313    0.07445      1
  -0.00354    0.08109   -0.02238    0.07360      2
   0.01333    0.08120    0.00693    0.09258      6
   0.01782    0.08026    0.02487    0.08085      1
   0.01896    0.07998    0.03783    0.07967      1
  -0.02647    0.09197   -0.03381    0.09495      1
  -0.02266    0.09302   -0.02490    0.07896      1
  -0.01876    0.09346   -0.02329    0.09134      7
   0.01234    0.09363    0.00650    0.08254      1
  -0.02226    0.09549   -0.01771    0.09282      1
  -0.01383    0.09434   -0.02927    0.09456      1
  -0.00567    0.09512   -0.00365    0.08361      1
   0.00722    0.09476    0.00077    0.08949      2
   0.08382    0.11348    0.02674    0.06685      1
   0.08030    0.11632   -0.36014   -0.20045      1
  -0.17323    0.13312   -0.13443    0.10950      2
  -0.17056    0.13694   -0.14243    0.14392      1
  -0.16945    0.13820   -0.21336    0.14555      1
  -0.04083    0.17518   -0.03950    0.16081      1
