  -0.00470   -0.21710   -0.13431   -0.17824      1
   0.11747   -0.18432    0.21991    0.11351      1
   0.12302   -0.18013    0.19232    0.03391      1
   0.12680   -0.17698    0.18253   -0.26657      1
   0.13063   -0.17411    0.12015   -0.15051      1
  -0.13930   -0.17208   -0.12992   -0.18147      1
  -0.14712   -0.16553   -0.17726   -0.15683      1
  -0.15414   -0.15895   -0.12271   -0.13533      1
  -0.15187   -0.16110   -0.13097   -0.18844      1
   0.14619   -0.16032    0.14180    0.05500      1
  -0.15538   -0.15772    0.06838    0.01120      1
  -0.16026   -0.15278   -0.14581   -0.15464      2
  -0.16606   -0.14650   -0.14462   -0.16029      3
  -0.16416   -0.14854   -0.12894   -0.17065      3
  -0.16762   -0.14473   -0.16787   -0.12625      3
  -0.17024   -0.14164   -0.15741   -0.14123      1
  -0.17503   -0.13567   -0.16960   -0.15325      1
   0.17117   -0.13330    0.14678   -0.01543      1
   0.12355   -0.12736    0.03539   -0.23129      1
  -0.18382   -0.12354   -0.12478   -0.11653      4
  -0.01009   -0.12253   -0.00304   -0.10545      2
  -0.00781   -0.12286   -0.01008   -0.11882      7
  -0.00386   -0.12307    0.00027   -0.09030      2
   0.00118   -0.12264   -0.00239   -0.10526      1
   0.00513   -0.12301    0.00346   -0.12414      4
   0.00842   -0.12281   -0.00033   -0.09539      1
   0.01076   -0.12261    0.00207   -0.11381      2
   0.12348   -0.12339    0.01855   -0.04609      3
  -0.18547   -0.12105   -0.14723   -0.11702      4
  -0.03146   -0.11901   -0.02135   -0.12234      1
  -0.02828   -0.11979   -0.02790   -0.11865      2
  -0.01941   -0.12147   -0.01624   -0.11858      1
   0.01688   -0.12180    0.00996   -0.12108      1
   0.01901   -0.12159    0.02461   -0.11851      4
   0.02407   -0.12057    0.01617   -0.11274     10
   0.03243   -0.11857    0.04155   -0.11416      5
  -0.04606   -0.11417   -0.05780   -0.11296      1
   0.03479   -0.11783    0.04002   -0.12975      8
   0.03924   -0.11636    0.04552   -0.11757      6
   0.04428   -0.11449    0.03896   -0.11676     10
  -0.19014   -0.11357   -0.16976   -0.11364      1
  -0.05447   -0.11035   -0.03627   -0.08628      1
  -0.05035   -0.11235   -0.04888   -0.11515      1
  -0.04952   -0.11271   -0.05325   -0.10316      1
   0.04594   -0.11383    0.05230   -0.12186      6
   0.04757   -0.11318    0.03507   -0.11258      6
   0.05159   -0.11144    0.05390   -0.11980      2
  -0.05898   -0.10805   -0.04892   -0.11415      3
  -0.05672   -0.10937   -0.04630   -0.12534      3
   0.05188   -0.10614    0.05150   -0.11301      1
   0.05658   -0.10873    0.04901   -0.10424      2
   0.14413   -0.10785    0.09660   -0.07570      2
   0.05715   -0.10323    0.04748   -0.10133     10
   0.06686   -0.10281    0.02842   -0.08349      1
  -0.00243   -0.09861   -0.00055   -0.09584      2
   0.05962   -0.10028    0.06444   -0.10983      4
   0.06325   -0.09868    0.05147   -0.10054     39
   0.06903   -0.10138    0.06225   -0.09675      7
   0.07258   -0.09881    0.05774   -0.09960      7
   0.09255   -0.10139    0.02378   -0.03166      1
   0.10607   -0.09950   -0.11129   -0.27825      1
  -0.07768   -0.09596   -0.05183   -0.14011      1
  -0.00269   -0.09701   -0.00350   -0.11154      1
  -0.00077   -0.09743   -0.00438   -0.09305      2
   0.00250   -0.09729   -0.02151   -0.11957      1
   0.06125   -0.09669    0.05126   -0.10221     22
   0.06278   -0.09583    0.05077   -0.09749     61
   0.06791   -0.09491    0.05674   -0.09113      4
   0.07411   -0.09764    0.06960   -0.10717      1
   0.15146   -0.09527    0.12918   -0.04498      1
  -0.08203   -0.09230   -0.08216   -0.09552      1
   0.05556   -0.09094    0.01622   -0.08119      1
   0.06166   -0.09301    0.04513   -0.09012      1
   0.06406   -0.09135    0.05746   -0.09032     34
   0.06690   -0.09214    0.06198   -0.09030     14
   0.07221   -0.09318    0.06839   -0.10491      2
   0.20147   -0.09267    0.03567   -0.08653      1
  -0.08665   -0.08796   -0.08631   -0.08162      1
  -0.08564   -0.08905   -0.07978   -0.10212      3
   0.06546   -0.08968    0.04944   -0.07311      7
   0.06816   -0.08761    0.04939   -0.08926     15
   0.07121   -0.08791    0.04143   -0.09484      3
   0.15371   -0.08725    0.13204    0.00808      1
  -0.09155   -0.08283   -0.08674   -0.08888      5
  -0.08917   -0.08540   -0.07767   -0.09403      3
   0.07204   -0.08422    0.05002   -0.09663      3
   0.08897   -0.08577    0.08085   -0.10128      1
   0.15460   -0.08316    0.18860   -0.10964      2
  -0.20659   -0.07922   -0.16772   -0.10521      1
  -0.09492   -0.07898   -0.08825   -0.08086      1
  -0.09334   -0.08088   -0.08566   -0.08445      6
   0.00173   -0.07853   -0.00560   -0.07809      1
   0.00505   -0.08134   -0.00563   -0.08711      1
   0.00645   -0.08056    0.00501   -0.09017      4
   0.01874   -0.07841    0.03340   -0.09700      1
   0.05745   -0.08025    0.02986   -0.09453      2
   0.05949   -0.07897    0.04778   -0.08691     37
   0.07514   -0.08083    0.05783   -0.07244      1
  -0.09760   -0.07565   -0.08764   -0.08672      1
  -0.01076   -0.07491   -0.01013   -0.08699     11
  -0.00739   -0.07696   -0.02026   -0.08813      3
   0.02497   -0.07659    0.03239   -0.09354      3
   0.02821   -0.07544    0.03626   -0.09597      1
   0.06130   -0.07740    0.05306   -0.10056     24
   0.06287   -0.07522    0.05093   -0.08762     25
  -0.09898   -0.07383   -0.08965   -0.07683      3
  -0.01468   -0.07122   -0.01522   -0.07032      4
   0.03550   -0.07101    0.03471   -0.07402      2
   0.06497   -0.07220    0.05701   -0.07527     23
   0.06644   -0.07079    0.05745   -0.07352     14
  -0.10316   -0.06789   -0.09340   -0.08282      7
  -0.10189   -0.06979   -0.08739   -0.08439      1
  -0.01975   -0.06976   -0.02920   -0.10116      1
  -0.01336   -0.06600   -0.01634   -0.09763      1
   0.06562   -0.06941    0.06012   -0.06460      7
   0.06724   -0.06827    0.05708   -0.06523     39
  -0.10602   -0.06333   -0.09156   -0.07848      1
  -0.01512   -0.06388   -0.02219   -0.07295      8
  -0.01111   -0.06416    0.00000   -0.06660      5
   0.04782   -0.06255    0.04494   -0.08142      3
   0.06845   -0.06570    0.05595   -0.06574      6
   0.07026   -0.06527    0.06137   -0.06333      1
  -0.10730   -0.06073   -0.09307   -0.07949      1
  -0.00731   -0.05859   -0.00839   -0.09502      4
  -0.00356   -0.05887   -0.00987   -0.08358      7
  -0.00019   -0.05860   -0.00242   -0.06918      6
   0.00354   -0.05820    0.00478   -0.07824      2
   0.04142   -0.05899    0.03852   -0.06335      7
   0.04383   -0.05991    0.04094   -0.06364      8
   0.04971   -0.06137    0.04980   -0.08109      3
   0.05356   -0.05807    0.04942   -0.06293      2
   0.05732   -0.05863    0.06290   -0.06411     17
   0.05810   -0.05815    0.05937   -0.06938      2
   0.07661   -0.06084    0.06917   -0.05138      2
   0.07870   -0.05837    0.06888   -0.05848      3
  -0.01468   -0.05631    0.00541    0.03586      4
  -0.01176   -0.05701   -0.00018    0.02915      6
  -0.00913   -0.05755    0.00184    0.02688      2
   0.00499   -0.05789    0.00563   -0.06568      3
   0.00830   -0.05610    0.01338   -0.07305     25
   0.01017   -0.05526    0.01214   -0.06365      1
   0.03787   -0.05481    0.04218   -0.06596      1
   0.03933   -0.05557    0.03924   -0.06634     31
   0.04373   -0.05481    0.04364   -0.06858      6
   0.04826   -0.05506    0.04410   -0.06779     10
   0.05156   -0.05478    0.04516   -0.06368     17
   0.05750   -0.05739    0.05355   -0.06652     17
   0.05912   -0.05624    0.05833   -0.06544     27
   0.07727   -0.05563    0.06544   -0.04772      1
   0.08036   -0.05597    0.07306   -0.05702      4
   0.13647   -0.05489    0.16254   -0.08140      1
  -0.02841   -0.05066    0.00292    0.02412      1
  -0.02210   -0.05368   -0.00565    0.03828      1
  -0.00957   -0.05319   -0.01290   -0.09179      1
   0.00992   -0.05358    0.01303   -0.07172      1
   0.01214   -0.05270    0.02184   -0.07519      3
   0.01417   -0.05086    0.01846   -0.06475      4
   0.02446   -0.05002    0.03199   -0.06635      2
   0.02802   -0.05022    0.03460   -0.06489     38
   0.03066   -0.05007    0.03555   -0.05893      6
   0.03764   -0.05028    0.04109   -0.06506    142
   0.03893   -0.05171    0.03834   -0.06397    276
   0.04410   -0.05279    0.03812   -0.06642      8
   0.04788   -0.05285    0.04215   -0.06266      6
   0.05135   -0.05351    0.05330   -0.06702      4
   0.05696   -0.05280    0.04901   -0.06217      4
   0.05926   -0.05382    0.06608   -0.05704      5
   0.08245   -0.05179    0.07759   -0.05772      2
  -0.00636   -0.04867   -0.00560   -0.07629      1
   0.01397   -0.04898    0.01355   -0.07529      1
   0.01612   -0.04685    0.03510   -0.05606      6
   0.02128   -0.04870    0.03382   -0.06719     28
   0.02413   -0.04903    0.03373   -0.06748    349
   0.02785   -0.04954    0.03361   -0.06489    328
   0.03132   -0.04886    0.03478   -0.06211     56
   0.03656   -0.04825    0.03678   -0.06350    121
   0.03876   -0.04871    0.03903   -0.06528     98
   0.04233   -0.04956    0.03950   -0.06607     12
   0.04671   -0.04927    0.02546   -0.07004      7
   0.05749   -0.04969    0.05225   -0.04688      1
   0.06045   -0.04809    0.06546   -0.04046      7
   0.06266   -0.04623    0.05592   -0.04633      2
   0.08189   -0.04809    0.06564   -0.07290      1
   0.08415   -0.04667    0.05767   -0.05687      5
  -0.11523   -0.04419   -0.11332   -0.04857      1
  -0.01045   -0.04298   -0.01016   -0.05989      6
  -0.00851   -0.04342   -0.00685   -0.04811      3
   0.01593   -0.04573    0.01237   -0.05625      1
   0.03170   -0.04527    0.03352   -0.05802      2
   0.03555   -0.04424    0.03278   -0.06024      8
   0.04129   -0.04408    0.04036   -0.05184      3
   0.04227   -0.04356    0.04308   -0.06358      5
   0.06363   -0.04490    0.05755   -0.04527      8
   0.06819   -0.04425    0.06067   -0.05501      7
   0.08478   -0.04528    0.08467   -0.05607      9
  -0.04446   -0.03978   -0.02149   -0.09939      1
  -0.03942   -0.04135    0.00564    0.04010      3
  -0.01601   -0.03878   -0.01354    0.01591      2
  -0.01276   -0.04072   -0.01010   -0.06726      3
  -0.00948   -0.03884   -0.01011   -0.00700      5
  -0.00266   -0.03989   -0.00217    0.01375      6
  -0.00031   -0.03998    0.00086   -0.00379      4
   0.00307   -0.03986    0.02237    0.02704      1
   0.00845   -0.03908    0.02904    0.01716      2
   0.01346   -0.03942    0.02888   -0.05577      2
   0.06537   -0.04029    0.06600   -0.04764     73
   0.06630   -0.03840    0.05671   -0.04587      5
   0.08597   -0.03974    0.07363   -0.04855      1
  -0.04725   -0.03620   -0.03744   -0.03098      1
  -0.04183   -0.03770    0.00592    0.03915      1
  -0.02313   -0.03422   -0.02507    0.01221      2
  -0.01973   -0.03550   -0.02136   -0.00327      9
  -0.01632   -0.03650   -0.02085    0.00250      9
  -0.01315   -0.03776   -0.02807    0.01612      4
   0.01728   -0.03658    0.02588   -0.04523      3
   0.02053   -0.03556    0.03174    0.01592     15
   0.06786   -0.03570    0.06310   -0.04635      3
   0.07059   -0.03506    0.06745   -0.06745      1
   0.08829   -0.03468    0.07703   -0.03947     10
  -0.11951   -0.03082   -0.10703   -0.04259      1
  -0.04214   -0.03307   -0.00388    0.03760      1
  -0.03119   -0.03001   -0.02482    0.00806      1
  -0.02801   -0.03028   -0.01948    0.01227     78
  -0.02443   -0.03274   -0.02193    0.00813     58
  -0.02104   -0.03400   -0.02375   -0.02460      1
   0.02142   -0.03376    0.01336   -0.00532      4
   0.02300   -0.03247    0.02497   -0.02445     17
   0.02693   -0.03197    0.03583    0.02527      8
   0.03430   -0.03077    0.03302    0.02497      3
   0.04171   -0.03143    0.01709    0.04065      1
   0.04954   -0.03276    0.00897    0.02451      1
   0.06948   -0.03227    0.06480   -0.03100      4
   0.07035   -0.03345    0.05955   -0.04344      2
   0.08852   -0.03365    0.07597   -0.03773      7
  -0.04794   -0.02676   -0.00684    0.04993      1
  -0.03455   -0.02624   -0.02529    0.01528     46
  -0.03192   -0.02759   -0.02390    0.01422    315
  -0.02877   -0.02951   -0.02271    0.01122     93
   0.02461   -0.02725    0.05507   -0.01410      2
   0.02727   -0.02920    0.02374   -0.02783     13
   0.03384   -0.02916    0.03649    0.05135      1
   0.03542   -0.02740    0.02938    0.01660      2
   0.03981   -0.02797    0.04594   -0.00893      1
   0.07081   -0.02904    0.07425   -0.04907      4
   0.07718   -0.02843    0.08736   -0.04652      2
  -0.12124   -0.02330   -0.10564   -0.04593      1
  -0.04918   -0.02456    0.00242    0.02508      1
  -0.03854   -0.02390   -0.02946    0.01479     28
  -0.03524   -0.02463   -0.02755    0.00972    167
  -0.03191   -0.02494   -0.02274   -0.03165     14
   0.03230   -0.02356    0.02699   -0.03019      3
   0.03906   -0.02412    0.04407    0.02961      1
   0.04706   -0.02592    0.06209   -0.02408      1
   0.05423   -0.02590    0.05422   -0.03548      1
   0.06911   -0.02412    0.08234   -0.03632      1
   0.07784   -0.02582    0.06495   -0.03673      3
  -0.12182   -0.01994   -0.10959   -0.04207      2
  -0.04414   -0.01921   -0.03299   -0.03404    173
  -0.03984   -0.01944   -0.03282   -0.04591     92
  -0.03728   -0.01894   -0.03164   -0.04805     78
  -0.03363   -0.02162   -0.01941   -0.03814      5
   0.03357   -0.02172    0.03057   -0.03302      6
   0.03525   -0.01885    0.01814   -0.02246      2
   0.03822   -0.02182    0.04333    0.00819      1
   0.06989   -0.02135    0.07672   -0.03437      9
   0.07003   -0.02132    0.06917   -0.03834      2
   0.07713   -0.01956    0.06851   -0.03043     36
   0.07851   -0.02057    0.05189   -0.02170      2
  -0.12258   -0.01451   -0.09950   -0.03445      1
  -0.04626   -0.01449   -0.03216    0.01617      2
  -0.04370   -0.01701   -0.03181   -0.02277     54
  -0.04106   -0.01703   -0.03278   -0.04147    234
  -0.03732   -0.01758   -0.03067   -0.03289     15
   0.00698   -0.01478   -0.03373   -0.03373      1
   0.03635   -0.01664    0.02768   -0.03560      2
   0.07751   -0.01506    0.06907   -0.01931      9
  -0.12269   -0.01095   -0.11431   -0.02492      1
  -0.05266   -0.01329    0.00892    0.04960      1
  -0.04691   -0.01254   -0.03289    0.01828     14
  -0.04597   -0.01388   -0.03076    0.01457      2
  -0.03912   -0.01100   -0.03162   -0.03182     69
  -0.03798   -0.01315    0.04179   -0.00654      1
   0.03864   -0.01028    0.01520   -0.02442      4
   0.06957   -0.01284    0.06414   -0.02209      2
   0.07255   -0.01256    0.06197   -0.02948     18
   0.07615   -0.01145    0.08128   -0.03185     19
   0.07858   -0.01304    0.09162   -0.03244      1
  -0.04911   -0.00776   -0.03284    0.01887     12
  -0.04002   -0.00805   -0.03204   -0.02834    289
  -0.01247   -0.00857   -0.03263    0.04074      5
  -0.00169   -0.00613   -0.00735   -0.06166      1
   0.03513   -0.00654    0.04170   -0.02124      1
   0.03932   -0.00776    0.01815   -0.03034     16
   0.07354   -0.00924    0.06950   -0.02980      2
   0.07599   -0.00828    0.07721   -0.03020     10
  -0.05025   -0.00316   -0.03385    0.02020     51
  -0.04992   -0.00447   -0.03375    0.01990     28
  -0.04058   -0.00354   -0.02911   -0.02293     39
  -0.01562   -0.00472   -0.03968   -0.03439      2
  -0.01352   -0.00576   -0.02045    0.01138      5
  -0.00071   -0.00304   -0.00517   -0.01470      2
   0.00853   -0.00313    0.01257   -0.00984      3
   0.04107   -0.00479    0.04834   -0.02249     12
   0.04799   -0.00270    0.03810    0.02028      2
   0.05296   -0.00506    0.05648   -0.02249      9
   0.05695   -0.00415    0.04940    0.00975     10
   0.05923   -0.00505    0.05750   -0.01076      5
   0.06266   -0.00387    0.05540   -0.02244      5
  -0.12337   -0.00106   -0.11094   -0.03048      2
  -0.06981    0.00071   -0.07493   -0.02256      2
  -0.05078    0.00002   -0.03194    0.02017    134
  -0.03997    0.00094   -0.02388   -0.01623     40
  -0.01372    0.00111   -0.01275   -0.00346      2
   0.00406    0.00128    0.02483   -0.00159      7
   0.00687   -0.00062    0.01352   -0.00946      6
   0.03998    0.00064    0.04208   -0.02430      5
   0.04534   -0.00172    0.04866   -0.03245      3
   0.05781    0.00138    0.01896    0.03270      3
   0.05803   -0.00022    0.03507    0.03619      1
   0.06520   -0.00121    0.05740   -0.01684      4
   0.06614    0.00084    0.05845    0.03375      1
  -0.05707    0.00223   -0.00152    0.05127      1
  -0.05115    0.00365   -0.03345    0.02062    135
  -0.03986    0.00346   -0.01256   -0.01174     12
  -0.01632    0.00435    0.00843   -0.00879      2
  -0.01321    0.00335    0.01239    0.07913      1
   0.00416    0.00455    0.01854   -0.00432      8
   0.04298    0.00227    0.04904   -0.02344      4
   0.05674    0.00323    0.02456    0.02508      1
  -0.10150    0.00788   -0.03716    0.04041      1
  -0.05167    0.00711   -0.03546    0.01974     21
  -0.03898    0.00888   -0.00860   -0.01116     86
  -0.03403    0.00808   -0.01684   -0.00294      1
  -0.03187    0.00811   -0.02506   -0.00359      4
  -0.02751    0.00937   -0.02819    0.01583      2
  -0.02516    0.00943   -0.01396   -0.00222      5
  -0.01419    0.00692   -0.00439   -0.00315      3
  -0.01274    0.00812   -0.01009   -0.00196     24
   0.00461    0.00703    0.02520    0.01118     13
   0.03908    0.00837    0.03308   -0.01435      4
   0.04340    0.00814    0.03700   -0.01647      1
   0.05665    0.00626    0.03162    0.03808      1
   0.06645    0.00770    0.07948   -0.01027      3
  -0.12245    0.01272   -0.10342   -0.00397      1
  -0.05159    0.01266   -0.03641    0.02079     22
  -0.03850    0.01139   -0.01024   -0.01298     47
  -0.03766    0.01341   -0.00721   -0.00530     14
  -0.01048    0.01050   -0.00714    0.00163     11
  -0.00885    0.01207   -0.00827    0.00806     13
   0.03864    0.01026    0.03329   -0.00781      1
   0.04605    0.01369    0.04145    0.01751      1
   0.05748    0.01091    0.02651    0.03037      4
   0.06591    0.01008    0.07105   -0.01163      2
   0.06625    0.01209    0.07163   -0.00517      8
  -0.05078    0.01627   -0.03836    0.02309     30
  -0.03832    0.01629   -0.03139   -0.04715     47
  -0.03658    0.01679   -0.00900   -0.00387    179
  -0.00696    0.01411   -0.01543    0.00716      2
  -0.00298    0.01701   -0.00720   -0.04350      1
   0.00379    0.01677    0.05805    0.01632      1
   0.03684    0.01552    0.02793   -0.00657      4
   0.04247    0.01606    0.05200   -0.02865      2
   0.04610    0.01415    0.04577    0.00336      1
   0.05686    0.01516    0.02889    0.04347      1
   0.06477    0.01710    0.06225    0.00834      4
  -0.12150    0.02101   -0.12599   -0.00022      1
  -0.05032    0.02082   -0.04170    0.01932     11
  -0.04988    0.02172   -0.03585    0.01838      2
  -0.03817    0.01979   -0.03291   -0.03814      5
  -0.03556    0.02022   -0.01527   -0.00833    234
  -0.03374    0.02146   -0.00808    0.00483     17
   0.03340    0.02198    0.03255   -0.05706      1
   0.06340    0.01982    0.05732   -0.00109      5
  -0.04924    0.02365   -0.04005    0.02069     15
  -0.03632    0.02462   -0.03250   -0.04046    228
  -0.03149    0.02488   -0.01003    0.00399    220
  -0.01095    0.02347   -0.01299    0.01128      5
   0.03241    0.02341    0.03387   -0.05635      6
   0.04564    0.02490    0.04648    0.02266      3
   0.05503    0.02229    0.02425    0.03016      1
   0.06098    0.02426    0.06659   -0.00108      5
   0.06231    0.02203    0.06964    0.02701      1
  -0.11971    0.02892   -0.10684    0.00728      1
  -0.04790    0.02700   -0.03809    0.02153     24
  -0.03601    0.02650   -0.03373   -0.04273     70
  -0.03098    0.02862   -0.02375    0.01344    476
  -0.02874    0.02798   -0.00936    0.00227    320
  -0.02151    0.02858   -0.11034    0.04866      1
  -0.01131    0.02610    0.04875    0.01279      1
   0.02723    0.02973    0.01242   -0.00124     18
   0.03175    0.02717    0.03496   -0.02636      2
   0.05685    0.02793    0.06249    0.00268      6
   0.05879    0.02614    0.05484   -0.00239      1
  -0.11893    0.03184   -0.11092    0.01225      1
  -0.04682    0.03003   -0.02375    0.03280      1
  -0.04541    0.03238   -0.04072    0.02018      4
  -0.03465    0.03130   -0.03039   -0.03104      4
  -0.03135    0.03204   -0.02934    0.01298     99
  -0.02879    0.03177   -0.02254    0.00926     19
  -0.02437    0.03178   -0.01141    0.00000     90
  -0.02156    0.03367   -0.00317   -0.00101     18
   0.02132    0.03382    0.02042    0.01884      2
   0.02392    0.03270    0.02538    0.01151     25
   0.02647    0.03153    0.03500    0.01833     16
   0.03754    0.03151    0.04980   -0.04004      1
   0.05222    0.03230    0.06040    0.02213     11
  -0.11729    0.03752   -0.12365    0.02617      3
  -0.04251    0.03682   -0.03565    0.01970      7
  -0.03833    0.03509   -0.03251    0.03366      1
  -0.03586    0.03609   -0.03233    0.02090    191
  -0.03079    0.03710   -0.03276   -0.03366     85
  -0.02990    0.03760   -0.05026   -0.03867      2
  -0.01938    0.03497   -0.00187    0.00150    328
  -0.01684    0.03626   -0.00051   -0.00042    341
  -0.01352    0.03762    0.00234    0.00887     15
   0.01278    0.03788    0.01243    0.01338     19
   0.01591    0.03668    0.01175    0.00854     22
   0.01895    0.03520    0.01318    0.00000     18
   0.04643    0.03777    0.02040    0.03379      3
   0.05101    0.03476    0.05659    0.01578      7
  -0.11656    0.03985   -0.11288    0.02950     20
  -0.03859    0.04170   -0.03668    0.02058     41
  -0.03632    0.03976   -0.03642    0.02051     59
  -0.03260    0.04103   -0.03704    0.01859     12
  -0.02946    0.03880   -0.03193   -0.04495     10
  -0.01666    0.03819    0.00341   -0.01480      2
  -0.01093    0.03846    0.00048   -0.00191      5
  -0.00696    0.03937    0.00186    0.00419     62
  -0.00518    0.03966    0.00943    0.01763     14
   0.00188    0.03994    0.00321   -0.00460     32
   0.00336    0.03984    0.00729    0.00677     20
   0.00794    0.03918    0.00554   -0.00899     19
   0.01157    0.03827    0.00810    0.00000     35
   0.01634    0.03812    0.01030   -0.04195      1
   0.02540    0.03851    0.02982    0.03398      4
   0.03297    0.03873    0.05738   -0.03165      3
   0.04479    0.04097    0.02331    0.03231      5
   0.04650    0.04045    0.05910    0.02266      5
  -0.11530    0.04318   -0.11157    0.03596      7
  -0.11395    0.04539   -0.10108    0.01116      1
  -0.04623    0.04562   -0.03617    0.01611      1
  -0.04276    0.04430   -0.03871    0.02435    212
  -0.03834    0.04242   -0.03651    0.02424     47
  -0.03685    0.04370   -0.03881    0.02350     27
  -0.03187    0.04226   -0.03110    0.02200      8
  -0.01087    0.04260   -0.03272   -0.04520      1
  -0.00933    0.04278   -0.01308   -0.07902      1
  -0.00563    0.04519   -0.03081   -0.10538      1
   0.02712    0.04570    0.05598   -0.02239      3
   0.04503    0.04385    0.05888    0.02743      6
  -0.10743    0.04989   -0.11029    0.05096      1
  -0.04631    0.04795   -0.04232    0.02451     50
  -0.04576    0.04813   -0.04199    0.02373    104
  -0.03506    0.04691   -0.03581    0.02415     27
  -0.03370    0.04754   -0.03559    0.02353     21
  -0.00448    0.04637   -0.00676   -0.07890      1
   0.00784    0.04889    0.02371   -0.06986      3
   0.02496    0.04777    0.07958    0.03362      1
   0.02651    0.04630    0.06759   -0.03385      1
   0.03428    0.04988    0.02250    0.00000      1
   0.04401    0.04847    0.05394    0.02708     22
  -0.11086    0.05318   -0.10403    0.04151      2
  -0.04627    0.05135   -0.04310    0.02717     50
  -0.04563    0.05345   -0.04174    0.03019     47
  -0.03176    0.05328   -0.02421    0.05816      1
  -0.02629    0.05274   -0.03861    0.02644      1
  -0.02541    0.05327   -0.03444    0.02039      2
  -0.02052    0.05026   -0.00111    0.07919      1
   0.00558    0.05330    0.02586   -0.05666      7
   0.00647    0.05342    0.03491   -0.06849     22
   0.01770    0.05353    0.04802   -0.00743      1
   0.01906    0.05264    0.05302    0.00278      1
   0.02913    0.05368    0.02940    0.01245      2
   0.03339    0.05044    0.01380    0.01543      1
   0.03663    0.05226    0.04176    0.02820      2
   0.04089    0.05083    0.04158    0.04542      5
   0.06213    0.05373    0.05821    0.04680      1
  -0.11035    0.05434   -0.10415    0.04001      2
  -0.10365    0.05449   -0.10146    0.02455      1
  -0.07743    0.05736   -0.05590    0.03273      2
  -0.05966    0.05617   -0.05576    0.03638     18
  -0.04604    0.05471   -0.03982    0.04882      1
  -0.04528    0.05478   -0.04034    0.03151    105
  -0.04104    0.05761   -0.03969    0.04903      2
  -0.02361    0.05514   -0.02116    0.03347      1
  -0.02126    0.05535   -0.03870    0.02630      1
  -0.00827    0.05598    0.00300    0.03497      1
   0.00498    0.05627    0.03324   -0.06527     45
   0.00625    0.05418    0.03479   -0.06711     11
   0.01681    0.05713    0.04205    0.02045      2
   0.02051    0.05675    0.03333    0.03286     22
   0.02542    0.05463    0.03378    0.02243      9
   0.05817    0.05584    0.05875    0.03502      1
  -0.10695    0.06041   -0.10356    0.03647      3
  -0.09811    0.05893   -0.05118    0.01985      1
  -0.09300    0.06148   -0.10007    0.04730      1
  -0.07575    0.05957   -0.06749    0.03385     18
  -0.07319    0.06148   -0.08286    0.04726      1
  -0.04400    0.05895   -0.03162    0.03559     52
  -0.03896    0.06003   -0.03076    0.04265     15
  -0.03647    0.06165   -0.02951    0.04809      7
  -0.03103    0.05939   -0.03231    0.04323      2
  -0.02769    0.06146   -0.02369    0.04622     31
  -0.00800    0.05998   -0.03137    0.02416      1
   0.00031    0.05874    0.00158   -0.06477      3
   0.00249    0.05938    0.03898   -0.05357      3
   0.00788    0.05937    0.03316    0.00317      2
   0.02863    0.05898    0.04050    0.00000      1
  -0.10415    0.06508   -0.10695    0.04379     36
  -0.08912    0.06470   -0.07230    0.03636      6
  -0.07478    0.06277   -0.06495    0.03309      1
  -0.06900    0.06507   -0.06094    0.03611      7
  -0.05117    0.06296   -0.04413    0.04034      3
  -0.04699    0.06457   -0.04591    0.05575     14
  -0.04446    0.06562   -0.03273    0.05661    178
  -0.03565    0.06262   -0.02816    0.04481     29
  -0.03180    0.06473   -0.03165    0.05536     49
  -0.02938    0.06237   -0.02141    0.02876      5
  -0.02448    0.06593   -0.01500    0.04906      1
   0.03648    0.06296    0.03475    0.04480      1
  -0.20936    0.06981   -0.17537   -0.04049      1
  -0.10342    0.06617   -0.10418    0.04844     19
  -0.10135    0.06919   -0.10232    0.05974      2
  -0.04362    0.06616   -0.03597    0.05459     25
  -0.04063    0.06644   -0.03038    0.04820     15
  -0.03188    0.06625   -0.04358    0.05568      5
  -0.02630    0.06674   -0.01668    0.05651      2
  -0.02219    0.06694   -0.00906    0.06005      8
  -0.00913    0.06658    0.00000    0.04860      1
   0.10102    0.06971    0.09518    0.05473      1
  -0.20900    0.07078   -0.14562    0.04066      1
  -0.08306    0.07370   -0.06668    0.04242      3
  -0.06409    0.07121   -0.05606    0.05846      1
  -0.02369    0.07051   -0.00179    0.06838      4
   0.09206    0.07324    0.07764    0.05429      2
  -0.20650    0.07733   -0.14552    0.07319      1
  -0.09565    0.07718   -0.07122    0.06481      1
  -0.08279    0.07410   -0.06014    0.04226      2
  -0.05591    0.07798   -0.04541    0.01132      1
  -0.02672    0.07504   -0.00991    0.06991      2
  -0.08051    0.07868   -0.06328    0.05198      1
  -0.05394    0.08033   -0.01461    0.05198      1
  -0.08970    0.08471   -0.09939    0.11393      1
  -0.04495    0.08415   -0.02824    0.06818      1
  -0.08752    0.08670   -0.11645    0.08154      2
  -0.06942    0.08727   -0.06914    0.10854      1
  -0.03211    0.09342   -0.01602    0.04609      2
   0.03615    0.09125    0.02828    0.09487      1
   0.08167    0.09244    0.08819    0.08487      1
   0.07669    0.09660    0.07266    0.07228      4
   0.07830    0.09531    0.07248    0.07290      4
  -0.04934    0.10068   -0.01438    0.08470      2
   0.07279    0.09953    0.06999    0.07062      5
  -0.06348    0.10536   -0.03640    0.05141      1
   0.01196    0.10337    0.02782   -0.04094      1
   0.06492    0.10483    0.05876    0.07480      3
   0.06686    0.10362    0.05089    0.07747      1
  -0.05996    0.10732   -0.03898    0.11029      2
  -0.03616    0.10870   -0.01874    0.06014      2
   0.05738    0.10922    0.05416    0.07847      2
   0.06013    0.10772    0.06239    0.07830      7
   0.06266    0.10620    0.05915    0.07598      1
  -0.13682    0.11111    0.05598   -0.02239      1
  -0.04830    0.11269   -0.03978    0.09524     37
  -0.03836    0.11133   -0.02998    0.11515      2
  -0.03657    0.11167   -0.03290    0.08570      1
  -0.18617    0.11656   -0.07622    0.02462      1
  -0.04210    0.11536   -0.03819    0.15093      1
  -0.03975    0.11649   -0.03166    0.10042      1
   0.04487    0.11461    0.04916    0.08280      1
  -0.02307    0.12151   -0.02415    0.13556      1
   0.03124    0.11867    0.06980    0.12697      1
  -0.18123    0.12372   -0.25535    0.27867      1
  -0.01515    0.12248   -0.00105    0.09989      3
  -0.01027    0.12220   -0.00270    0.09560     12
  -0.00919    0.12228   -0.00728    0.09252      5
   0.17234    0.13489    0.02440    0.06100      1
   0.14024    0.17088    0.07106    0.07892      3
   0.13566    0.17445    0.10600    0.10526      1
   0.12789    0.18029    0.12333    0.17290      1
   0.10768    0.19291    0.06550    0.13024      1
   0.10319    0.19564    0.04750    0.12636      1
   0.08034    0.20521    0.05782    0.11396      1
  -0.01938    0.21847   -0.00810    0.15998      1
