  -0.04136   -0.21479    0.01414   -0.20740      1
  -0.04574   -0.21355   -0.03502   -0.15539      1
   0.08161   -0.20642    0.07924   -0.12982      1
   0.09022   -0.20215   -0.06220   -0.12586      1
   0.08472   -0.20086    0.02958   -0.03855      1
   0.09405   -0.19647    0.06889   -0.12848      1
   0.09969   -0.19736    0.07420   -0.20953      1
   0.13304   -0.17655    0.14392   -0.14243      1
   0.13518   -0.17490    0.15683   -0.16876      1
  -0.23313   -0.17081   -0.04962   -0.01302      1
   0.07152   -0.16543    0.13915    0.05679      1
   0.15516   -0.15685   -0.00803   -0.02102      1
   0.08209   -0.15309    0.09227   -0.09099      1
   0.16640   -0.14604   -0.18246    0.19160      1
  -0.02227   -0.13766    0.00391    0.05205      1
  -0.01976   -0.13494   -0.00683   -0.13031      1
   0.17347   -0.13661    0.07089   -0.05246      1
   0.17523   -0.13436    0.08053   -0.10382      1
  -0.06484   -0.13211   -0.05497   -0.09917      1
  -0.05472   -0.13082   -0.03127   -0.22825      1
  -0.03224   -0.13222   -0.03120   -0.08113      2
  -0.01158   -0.12249   -0.01851   -0.11675     20
  -0.00841   -0.12276   -0.00601   -0.10983     14
  -0.00399   -0.12332    0.00073   -0.07919      2
   0.00064   -0.12290    0.00253   -0.09453      2
   0.00378   -0.12308    0.02406   -0.12734      3
   0.18086   -0.12570    0.22471   -0.06190      1
   0.18423   -0.12254    0.23892   -0.09076      1
  -0.02551   -0.12011   -0.02206   -0.10203      3
  -0.02107   -0.12087   -0.02597   -0.10575      1
   0.03016   -0.11980    0.02721   -0.08955      1
   0.03516   -0.11840    0.03323   -0.09701      3
   0.18567   -0.12080    0.20346   -0.11185      1
   0.18619   -0.11857    0.09456   -0.06094      1
  -0.02224   -0.11549   -0.05440   -0.12452      1
  -0.02162   -0.11566   -0.01120   -0.08698      2
  -0.01407   -0.11765    0.00899   -0.08411      1
  -0.01079   -0.11654    0.02159   -0.06490      1
  -0.00905   -0.11766   -0.01009   -0.08218      1
   0.00251   -0.11800    0.01440   -0.08427      1
   0.03706   -0.11772    0.03414   -0.08548      2
   0.03977   -0.11689    0.03165   -0.09569      5
   0.04423   -0.11509    0.04117   -0.08836     10
   0.18720   -0.11643   -0.02494   -0.06171      2
  -0.05057   -0.11210   -0.02712   -0.11842      1
  -0.02438   -0.11149   -0.03059   -0.10106     12
  -0.00974   -0.11153    0.03250   -0.16878      1
   0.04951   -0.11269    0.04810   -0.07899      9
   0.05272   -0.11108    0.03550   -0.09011     10
   0.05519   -0.11020    0.04922   -0.09915      3
   0.18979   -0.11206    0.11732   -0.08833      3
  -0.03054   -0.10854   -0.02380   -0.09170      2
  -0.02759   -0.10935   -0.00671   -0.08162      1
  -0.02513   -0.10740   -0.02058   -0.09130      1
  -0.01847   -0.10839   -0.00654   -0.08131     16
  -0.01778   -0.10868   -0.00551   -0.08644      4
  -0.01060   -0.10953   -0.04356   -0.12301      1
   0.03936   -0.10740    0.02648   -0.08929      2
   0.04302   -0.10691    0.03397   -0.07352      1
   0.04893   -0.10704    0.05685   -0.07363      5
   0.05674   -0.10934    0.05484   -0.09967      6
   0.06001   -0.10758    0.04822   -0.09713      2
   0.06246   -0.10613    0.04154   -0.07780      1
   0.19157   -0.10953    0.13113   -0.12977      1
  -0.03538   -0.10471   -0.01350   -0.07895      1
  -0.03329   -0.10518   -0.00865   -0.08234      1
   0.04376   -0.10383    0.02890   -0.07478      6
   0.04744   -0.10326    0.05013   -0.07282      6
   0.06538   -0.10467    0.07028   -0.08899      1
   0.06763   -0.10289    0.06359   -0.08839      2
  -0.13907   -0.10189   -0.01333    0.00214      1
   0.04557   -0.10057    0.01815   -0.08411      7
   0.04841   -0.10038    0.03764   -0.06929      8
   0.05095   -0.10090    0.05264   -0.06273      1
   0.06395   -0.09911    0.05584   -0.08110      2
   0.06955   -0.10093    0.06770   -0.08293      2
   0.07270   -0.09909    0.06792   -0.09018      8
   0.07440   -0.09824    0.07408   -0.08809      4
   0.19783   -0.09829    0.19847   -0.05207      1
  -0.07596   -0.09757   -0.06215   -0.08942      5
  -0.02890   -0.09464   -0.02711   -0.09745      7
  -0.02350   -0.09482   -0.05052   -0.08929      1
  -0.01860   -0.09670   -0.01039   -0.08848      1
  -0.01644   -0.09743   -0.00615   -0.08145      5
   0.05322   -0.09661    0.05298   -0.09923      1
   0.05671   -0.09637    0.05493   -0.07061      2
   0.05952   -0.09481    0.06136   -0.08087      9
   0.06841   -0.09578    0.06335   -0.11694      3
   0.07550   -0.09736    0.06865   -0.09023      6
   0.07886   -0.09435    0.06622   -0.08750      6
   0.20057   -0.09421    0.20537   -0.10239      1
  -0.03816   -0.09012   -0.04395   -0.08971      1
  -0.03696   -0.09058   -0.03501   -0.08937      8
  -0.03197   -0.09112   -0.02048   -0.08704      2
  -0.02895   -0.09329   -0.01052   -0.08212      3
   0.03973   -0.09016    0.01636   -0.09260      2
   0.06033   -0.09339    0.06312   -0.08570      4
   0.06337   -0.09360    0.07913   -0.03894      1
   0.06995   -0.09395    0.05556   -0.08084      1
   0.08159   -0.09222    0.07741   -0.08496      8
   0.08296   -0.09096    0.08170   -0.07642     12
  -0.04242   -0.08670   -0.03357   -0.07353     12
  -0.03965   -0.08811   -0.03396   -0.08499     17
  -0.03784   -0.08878   -0.03067   -0.07535      5
   0.04131   -0.08846    0.04031   -0.07553      9
   0.04879   -0.08611    0.07913   -0.07996      1
   0.08542   -0.08880    0.07858   -0.08493     17
   0.08671   -0.08729    0.08071   -0.07963     25
  -0.04219   -0.08543   -0.04476   -0.07755      6
  -0.04161   -0.08568   -0.02526   -0.07251      8
   0.04163   -0.08478    0.04485   -0.05973      1
   0.04513   -0.08417    0.02736   -0.08225     11
   0.04601   -0.08599    0.03358   -0.07072      1
   0.05279   -0.08307    0.04887   -0.08428    147
   0.05408   -0.08211    0.04212   -0.07335      2
   0.06089   -0.08396   -0.07647    0.27764      1
   0.08896   -0.08511    0.08378   -0.07154     30
   0.09090   -0.08303    0.09207   -0.07000     46
   0.20386   -0.08595    0.21663   -0.02239      1
  -0.09481   -0.07857   -0.10217   -0.04917      1
   0.05417   -0.08196    0.07571   -0.09267      2
   0.09288   -0.08085    0.09477   -0.06359     43
   0.09455   -0.07899    0.09463   -0.06497     21
  -0.03455   -0.07402   -0.05880   -0.07104      2
  -0.03127   -0.07475   -0.03797   -0.07352      5
  -0.02920   -0.07505   -0.01320   -0.07073      2
  -0.02360   -0.07465   -0.03333   -0.07671      3
  -0.01939   -0.07667   -0.01265   -0.06447      5
  -0.01525   -0.07603   -0.01271   -0.06656     13
  -0.01236   -0.07694   -0.00931   -0.07046    120
  -0.00958   -0.07500   -0.00649   -0.06845      8
   0.00611   -0.07660    0.00941   -0.07773      1
   0.01329   -0.07571   -0.01164   -0.03879      1
   0.02157   -0.07572    0.01092   -0.06387      1
   0.02374   -0.07502    0.01686   -0.07635      3
   0.02628   -0.07426    0.00934   -0.07955      1
   0.09702   -0.07596    0.10539   -0.06479     82
   0.09823   -0.07439    0.10965   -0.06074     21
  -0.03560   -0.07332   -0.04500   -0.02060      1
  -0.03205   -0.07247   -0.02635   -0.06651      8
  -0.02861   -0.07376   -0.02031   -0.05581      5
  -0.02227   -0.07399   -0.03044   -0.06325      3
  -0.01856   -0.07194   -0.01475   -0.05647     10
  -0.01721   -0.07179   -0.01410   -0.06281     27
  -0.01066   -0.07357   -0.01099   -0.06474    113
  -0.00824   -0.07323   -0.00545   -0.06876     32
  -0.00513   -0.07021   -0.01746   -0.08039      5
   0.00150   -0.07193    0.00584   -0.06807     12
   0.00244   -0.07176    0.00358   -0.07092     11
   0.00790   -0.07024    0.00592   -0.08098      5
   0.02789   -0.07375    0.03232   -0.07806      3
   0.03307   -0.07148    0.02803   -0.05499      4
   0.03569   -0.07390    0.03718   -0.07275     11
   0.03860   -0.07080    0.04808   -0.06740     13
   0.10014   -0.07156    0.10387   -0.06583     83
  -0.10258   -0.06862   -0.10151   -0.09302      1
  -0.02083   -0.06795   -0.01522   -0.05813     49
  -0.01669   -0.06960   -0.01772   -0.06724      6
  -0.01100   -0.06735   -0.01291   -0.06058      6
  -0.00682   -0.06695   -0.00883   -0.06091     26
  -0.00407   -0.06774   -0.00563   -0.06466     43
  -0.00166   -0.06822   -0.00549   -0.05828      7
   0.00283   -0.06865    0.00198   -0.06656      1
   0.01108   -0.06939    0.00257   -0.06854     26
   0.01590   -0.06640    0.01629   -0.06735     11
   0.01815   -0.06711    0.01312   -0.07079      1
   0.02778   -0.06966    0.00134   -0.08548      1
   0.03697   -0.06976    0.03158   -0.05698      2
   0.04026   -0.06906    0.04004   -0.07852      9
   0.04358   -0.06889    0.04409   -0.06971      3
   0.10167   -0.06955    0.11085   -0.05387     26
   0.10318   -0.06734    0.10795   -0.05712     94
  -0.02102   -0.06217   -0.01167   -0.06110     32
  -0.01540   -0.06412   -0.01143   -0.06272     14
  -0.01169   -0.06460   -0.01226   -0.05801     17
  -0.00724   -0.06524   -0.00034   -0.06569      1
   0.01667   -0.06535    0.01138   -0.06917     45
   0.02116   -0.06383    0.00789   -0.05822     20
   0.02302   -0.06305    0.01902   -0.06337     15
   0.02778   -0.06202    0.01033   -0.06305      3
   0.10485   -0.06464    0.10953   -0.05235    161
   0.10622   -0.06222    0.10636   -0.05237     22
   0.21107   -0.06598    0.14384   -0.05958      1
  -0.03043   -0.05871   -0.00628   -0.04409      2
  -0.02689   -0.05834   -0.01928   -0.04883      6
  -0.02334   -0.05925   -0.01046   -0.05034     11
  -0.02145   -0.06188   -0.01157   -0.05870      5
   0.02534   -0.06158    0.01951   -0.06600     16
   0.02837   -0.06029    0.01852   -0.06814     43
   0.03059   -0.05886    0.01431   -0.05491     41
   0.10722   -0.06059    0.11279   -0.04795     96
  -0.03508   -0.05479   -0.01372   -0.04606      2
  -0.03264   -0.05508   -0.01662   -0.05597     10
  -0.02831   -0.05750   -0.02067   -0.04002     11
   0.03100   -0.05726    0.02723   -0.05739     72
   0.10943   -0.05676    0.11364   -0.04045     41
   0.11042   -0.05458    0.11970   -0.02757     16
  -0.04225   -0.05022   -0.03633   -0.04584      1
  -0.03926   -0.05124   -0.03402   -0.04150     32
  -0.03564   -0.05340   -0.02581   -0.04522     17
  -0.03343   -0.05371   -0.02571   -0.03244      1
   0.03387   -0.05087    0.03584   -0.04508     43
   0.03418   -0.05038    0.03061   -0.04637     41
   0.11182   -0.05177    0.11888   -0.02705     43
  -0.11339   -0.04865   -0.09446   -0.04445      1
  -0.04776   -0.04627   -0.03748   -0.03265     17
  -0.04406   -0.04912   -0.03633   -0.03512     39
  -0.04173   -0.04961   -0.03792   -0.03967     24
   0.03633   -0.04750    0.03794   -0.03907    239
   0.11313   -0.04901    0.11725   -0.03340     12
   0.11404   -0.04647    0.10211   -0.08269      1
   0.21625   -0.04612    0.21452   -0.04248      1
  -0.05088   -0.04296   -0.05243   -0.03075      7
  -0.04874   -0.04558   -0.04038   -0.03426      9
  -0.04431   -0.04370   -0.04673   -0.03463      3
   0.00645   -0.04536   -0.01644   -0.02581      1
   0.03189   -0.04384    0.03338   -0.03041    106
   0.03503   -0.04544    0.03113   -0.03703     27
   0.11465   -0.04532    0.12363   -0.02277      7
   0.21644   -0.04573    0.25287   -0.25111      1
  -0.07167   -0.03948   -0.06346   -0.05176      1
  -0.06637   -0.03974   -0.04963   -0.04194      4
  -0.05929   -0.03970   -0.05505   -0.03433      5
  -0.05731   -0.03865   -0.06181   -0.04260      5
  -0.05114   -0.04039   -0.03584   -0.01727     28
  -0.04984   -0.04104   -0.03757   -0.02477      5
  -0.00350   -0.03846   -0.01934   -0.08611      2
  -0.00173   -0.03867   -0.01110   -0.05764      2
   0.00251   -0.03990    0.00335    0.01677      1
   0.03081   -0.04107    0.02823   -0.02811     92
   0.03640   -0.04012    0.04803   -0.05103      2
   0.11681   -0.03991    0.12465   -0.02214      8
  -0.07189   -0.03676   -0.07200   -0.02234      8
  -0.06912   -0.03732   -0.08413   -0.06180      1
  -0.06245   -0.03526   -0.06204   -0.02160      3
  -0.05937   -0.03600   -0.07284   -0.03743      1
  -0.05667   -0.03790   -0.04659   -0.02353      1
  -0.05249   -0.03771   -0.04953   -0.01721      9
  -0.02043   -0.03437   -0.01575   -0.01036      6
  -0.01099   -0.03563   -0.07667   -0.09884      1
  -0.00868   -0.03429   -0.03079   -0.03366      4
  -0.00521   -0.03488   -0.03316   -0.06289      1
   0.00094   -0.03692   -0.01287   -0.01669      2
   0.00866   -0.03707    0.06666   -0.04532      2
   0.01243   -0.03692    0.03234   -0.07229      3
   0.01630   -0.03615    0.00308   -0.03266      4
   0.02061   -0.03588    0.05180   -0.02072      1
   0.03316   -0.03464    0.02296   -0.02855     13
   0.03728   -0.03473    0.02125   -0.02324     21
   0.03852   -0.03488    0.03879   -0.03394      3
   0.11775   -0.03681    0.11958   -0.02339      7
   0.11826   -0.03539    0.12210   -0.02323      6
   0.21854   -0.03512    0.23467   -0.10350      1
  -0.07184   -0.03298   -0.05670   -0.02912      8
  -0.06916   -0.03089   -0.05822   -0.01174      1
  -0.02540   -0.03041   -0.01566   -0.03444      3
  -0.02117   -0.03392   -0.00507   -0.01215      2
   0.02114   -0.03393    0.05400    0.03245      1
   0.02452   -0.03299    0.09425   -0.06676      8
   0.02941   -0.03217    0.02256   -0.02216     50
   0.03050   -0.03186    0.02284   -0.02256     42
   0.03596   -0.03308    0.02868   -0.01705     43
   0.03821   -0.03334    0.03313   -0.01617     28
   0.11896   -0.03243    0.10994   -0.01291      3
  -0.07658   -0.02857   -0.07650   -0.01715      6
  -0.07049   -0.02892   -0.09616   -0.02945      3
  -0.06829   -0.02725   -0.03925   -0.00524      1
  -0.02725   -0.02922   -0.06362   -0.14265      3
   0.04068   -0.02933    0.03993   -0.01300     48
   0.12021   -0.02801    0.12959   -0.00808      5
  -0.13927   -0.02386   -0.06368    0.00524      1
  -0.13374   -0.02361   -0.09978   -0.03890      1
  -0.12049   -0.02322   -0.10217   -0.04917      1
  -0.07443   -0.02467   -0.06493   -0.02667      2
  -0.07259   -0.02529   -0.05197   -0.01086      1
  -0.03735   -0.02208   -0.05223   -0.03523      1
  -0.03177   -0.02427   -0.02441   -0.01341      5
   0.03315   -0.02536    0.07078    0.04119      1
   0.12073   -0.02552    0.12853   -0.01275      6
  -0.07625   -0.02096   -0.06591   -0.02276      2
  -0.07105   -0.01804   -0.08060   -0.01450      1
  -0.04939   -0.01858   -0.03924   -0.01936      4
  -0.04442   -0.02023   -0.04276   -0.00649      2
  -0.04100   -0.02149   -0.07714   -0.04635      1
   0.04010   -0.02001    0.11176    0.03460      1
   0.04304   -0.01888    0.04366    0.00507      3
   0.12186   -0.01968    0.13341   -0.00703      8
   0.12210   -0.01816    0.11347   -0.00041      2
   0.04759   -0.01419    0.03643    0.01769      9
   0.12236   -0.01618    0.13329   -0.00699      4
  -0.14515   -0.01196   -0.06231   -0.02594      1
  -0.07852   -0.01341   -0.06304   -0.01544      3
  -0.07449   -0.01131   -0.06716   -0.01277      6
  -0.07383   -0.01066   -0.07332   -0.01339     47
  -0.05046   -0.01154   -0.03412    0.01771      2
  -0.04869   -0.01208   -0.04231    0.01532      9
   0.04783   -0.01385    0.05136    0.03098      2
   0.12298   -0.01145    0.12356   -0.00938      2
   0.22131   -0.01020    0.22126   -0.00734      1
  -0.08190   -0.00670   -0.07893   -0.01809      2
  -0.07573   -0.00820   -0.04935   -0.01816      5
  -0.07380   -0.00929   -0.07125   -0.01155     19
  -0.05061   -0.00688   -0.03591    0.01715      8
  -0.04974   -0.00940   -0.03837    0.01830      4
  -0.00623   -0.00772   -0.02441   -0.01771      8
  -0.00578   -0.00809   -0.01451   -0.01600      9
  -0.00037   -0.00830   -0.00171   -0.03437      5
   0.01058   -0.00907   -0.00148   -0.00505      3
   0.03946   -0.00642    0.02514   -0.01076      2
   0.12303   -0.00764    0.13899    0.00402      4
  -0.07866   -0.00364   -0.11365   -0.04294      1
  -0.07587   -0.00363   -0.06066   -0.01721      5
  -0.05198   -0.00384   -0.04686    0.01103     10
  -0.03467   -0.00503   -0.05938   -0.00145      1
   0.03973   -0.00448    0.03207   -0.00685     20
   0.05273   -0.00583    0.08299    0.05164      2
   0.12339   -0.00285    0.11878   -0.00038      5
   0.22173   -0.00511    0.13934    0.01711      1
  -0.07974   -0.00177   -0.06927   -0.01599      1
  -0.07671   -0.00043   -0.06807   -0.02860      2
  -0.05533    0.00157   -0.05700   -0.02295      2
  -0.05322   -0.00096   -0.04400    0.02014      2
   0.00971    0.00014    0.04637   -0.00585      2
   0.01009    0.00147    0.03855    0.00121      5
   0.12328    0.00095    0.12505    0.01535      3
  -0.07415    0.00581   -0.04818   -0.06511      1
  -0.05177    0.00543   -0.06382   -0.00695      3
   0.00821    0.00553    0.03137    0.02062      2
   0.03969    0.00475    0.01296    0.00001      2
   0.05480    0.00523    0.00442    0.01276      1
   0.12340    0.00501    0.12019    0.00976      6
   0.22125    0.00490    0.33304    0.23667      1
  -0.07814    0.00881   -0.06202    0.01105      1
  -0.07499    0.00707   -0.06731   -0.03433      2
  -0.07325    0.00925   -0.05365    0.00611      1
  -0.06756    0.00699   -0.05240   -0.01918      1
  -0.06458    0.00701   -0.05076    0.00884      8
  -0.04775    0.00860   -0.04048    0.01119      4
  -0.03902    0.00606   -0.06234   -0.00909      1
   0.00673    0.00734   -0.00724    0.00094      3
   0.03919    0.00792    0.04022   -0.00661      4
   0.05509    0.00839    0.02405    0.01892      1
   0.12272    0.00886    0.11339    0.00079      5
  -0.07141    0.01171   -0.05931    0.00321      1
  -0.06820    0.01320   -0.07952    0.02369      2
  -0.06063    0.01228   -0.06114    0.00132      2
  -0.04845    0.01018   -0.05876    0.00868      1
   0.00943    0.01194    0.00375    0.00069     10
   0.03777    0.01312    0.02210    0.00691      5
   0.03817    0.01189    0.03258    0.01974      7
   0.05575    0.01088    0.03337    0.02777      2
   0.12233    0.01216    0.11743    0.01492      4
  -0.07027    0.01717   -0.06166    0.00702     17
  -0.06879    0.01590   -0.06136    0.00405     14
  -0.05764    0.01560   -0.05744    0.00510      4
  -0.05313    0.01633   -0.03270    0.02721      3
   0.03612    0.01714    0.01878   -0.00318     19
   0.12183    0.01759    0.12043    0.01289      4
   0.12219    0.01508    0.11671    0.00954     10
  -0.09654    0.01869   -0.11514    0.03875      1
  -0.07580    0.02161   -0.04513    0.05494      1
  -0.07018    0.01937   -0.07373    0.00309      1
  -0.06863    0.01945   -0.07877   -0.00883      2
  -0.05544    0.02114   -0.08139   -0.03239      2
  -0.05294    0.01968   -0.03967    0.02261     15
   0.02134    0.01944    0.02082    0.02599      1
   0.03350    0.02182    0.01023    0.01388      6
   0.03526    0.01884    0.01331    0.01067      6
   0.12099    0.02036    0.12484    0.02231      3
  -0.09130    0.02375   -0.08098    0.01721      1
  -0.07038    0.02250   -0.07969    0.02559      1
  -0.06828    0.02341   -0.08940    0.02846      3
  -0.06017    0.02441   -0.02594    0.03454      1
  -0.05146    0.02455   -0.03744    0.02401     25
  -0.04933    0.02552   -0.04114    0.00973      2
  -0.03232    0.02354    0.00523    0.01438      1
   0.02150    0.02558    0.02050    0.02391      1
   0.02828    0.02339    0.02727    0.03115      1
   0.03171    0.02491    0.04010    0.01052     12
   0.12033    0.02407    0.11174    0.00925      7
  -0.12001    0.02948   -0.11028    0.01707      1
  -0.06704    0.02644   -0.05633    0.04338      1
  -0.06291    0.02612   -0.04902    0.01168      1
  -0.05858    0.02744   -0.07618   -0.03881      1
  -0.05126    0.02910   -0.03962    0.01022      4
  -0.04920    0.02724   -0.03708    0.02480     12
  -0.04317    0.02868   -0.04499    0.01584      7
  -0.04139    0.02934   -0.03778    0.02001      9
  -0.03586    0.02839   -0.04562   -0.02724      3
  -0.03004    0.02835   -0.29023    0.03615      1
  -0.02983    0.02662   -0.02359   -0.01313      1
   0.02859    0.02794    0.00714    0.01065    149
   0.03746    0.02852    0.03244    0.03676      2
   0.05389    0.02990    0.05552    0.02780      1
   0.11373    0.02948    0.11279    0.03107      1
   0.11467    0.02968    0.10870    0.01547      1
   0.11964    0.02773    0.10396    0.00668      5
   0.21929    0.02731    0.11454   -0.07961      1
  -0.05108    0.03059   -0.04963    0.00735     17
  -0.04307    0.03311   -0.05125   -0.00663      2
  -0.03918    0.03229   -0.03070    0.02047      1
   0.02136    0.03379    0.00506   -0.00632      5
   0.02565    0.03128    0.01101    0.00321     15
   0.02733    0.03341    0.02230   -0.02029     43
   0.03904    0.03091    0.02597    0.01527      5
   0.04476    0.03258    0.06001    0.04569      2
   0.05262    0.03282    0.04133    0.04127     15
   0.10930    0.03394    0.09548    0.02937      1
   0.11331    0.03395    0.05667   -0.26212      1
   0.11792    0.03347    0.11574    0.02233      2
   0.11890    0.03163    0.10636    0.03662      5
   0.21861    0.03002    0.16128   -0.29336      1
  -0.05006    0.03452   -0.04978    0.01570      1
  -0.04544    0.03773   -0.03261   -0.01028      1
  -0.03594    0.03491   -0.04927    0.01399      2
  -0.01771    0.03551   -0.27905    0.07113      1
   0.01761    0.03589   -0.00316    0.01551      2
   0.01905    0.03649   -0.01566    0.01739      1
   0.02313    0.03429    0.01891   -0.03406      5
   0.02745    0.03456    0.02416   -0.02248     62
   0.03187    0.03644    0.01590    0.01878      2
   0.03490    0.03701   -0.00066    0.00167      1
   0.04481    0.03461    0.03089    0.02179      1
   0.05182    0.03434    0.03939    0.03232      2
   0.06656    0.03800    0.12174    0.03885      1
   0.10846    0.03539    0.11115    0.02907      8
   0.11732    0.03612    0.10802    0.03218     13
  -0.13472    0.03840   -0.08988    0.02611      1
  -0.04485    0.03912   -0.05240    0.00428      2
  -0.03464    0.03986   -0.03864    0.00975      2
  -0.01059    0.04182    0.03613    0.05160      1
   0.00811    0.03914    0.13248   -0.02074      1
   0.02564    0.04054    0.02315   -0.02267     17
   0.02807    0.04085    0.03446   -0.01989     38
   0.03019    0.03933    0.04162   -0.00937      2
   0.04547    0.04167    0.04774    0.04707      6
   0.04632    0.04148    0.04293    0.03969      9
   0.06560    0.04028    0.06969    0.04623     14
   0.06761    0.04017    0.06837    0.04336     39
   0.08964    0.04190    0.10482    0.04175      2
   0.10949    0.04198    0.10344    0.03401      1
   0.11154    0.03952    0.11151    0.03537      3
   0.11642    0.03966    0.09826    0.04899      3
  -0.06875    0.04200   -0.06022    0.03243      1
  -0.04518    0.04272   -0.05428   -0.00099      2
  -0.04113    0.04337   -0.05210    0.00310      1
   0.02547    0.04403    0.03149   -0.02059      7
   0.02618    0.04338    0.03111   -0.02077     23
   0.04715    0.04317    0.04098    0.04360      4
   0.05595    0.04572    0.06391    0.03805      8
   0.06131    0.04300    0.07843    0.05740      1
   0.06219    0.04293    0.05958    0.02448      4
   0.06732    0.04403    0.05747    0.02030      4
   0.08829    0.04408    0.10388    0.03822      1
   0.10078    0.04472    0.07037    0.03432      1
   0.10570    0.04386    0.11722    0.06233      2
   0.10765    0.04321    0.08729    0.04573      2
   0.11515    0.04285    0.09867    0.04658      6
   0.01790    0.04962    0.03110   -0.04467      2
   0.01932    0.04763    0.02703   -0.03242     64
   0.02222    0.04744    0.05290   -0.04614      1
   0.04880    0.04854    0.05540    0.03695      5
   0.05361    0.04711    0.06491    0.03879     11
   0.05483    0.04663    0.05645    0.03987     10
   0.06513    0.04851    0.06500    0.03785      9
   0.06622    0.04725    0.06521    0.04245      2
   0.10128    0.04925    0.08671    0.03276      3
   0.10292    0.04735    0.11784    0.05173      3
   0.10819    0.04709    0.09679    0.03024      3
   0.11263    0.04911    0.08345    0.03120      3
  -0.11248    0.05001   -0.13308    0.05953      1
  -0.03335    0.05273   -0.04729    0.00941      2
   0.01660    0.05239    0.02838   -0.03338     29
   0.01818    0.05024    0.01431   -0.02602      1
   0.04155    0.05193    0.05401    0.05915      1
   0.04599    0.05377    0.05620    0.04920      1
   0.04702    0.05301    0.07502    0.06731      5
   0.06388    0.05183    0.06627    0.06498      3
   0.08153    0.05339    0.07037    0.04296      3
   0.08303    0.05156    0.10666    0.03667      3
   0.09771    0.05078    0.09733    0.06484      5
   0.10012    0.05152    0.09478    0.03926      1
   0.10559    0.05177    0.09634    0.04249      1
   0.11089    0.05336    0.10536    0.04890      3
  -0.09642    0.05680   -0.07432   -0.02159      1
  -0.02841    0.05698   -0.05391    0.00301      1
   0.00599    0.05789    0.02766   -0.03995      1
   0.01357    0.05770    0.04292   -0.03778     11
   0.01476    0.05550    0.03432   -0.03732      6
   0.04392    0.05482    0.05301    0.04952      7
   0.06118    0.05503    0.07196    0.04781      3
   0.07997    0.05565    0.08121    0.05522     11
   0.09489    0.05598    0.08170    0.01815      4
   0.10974    0.05613    0.09318    0.04707      1
   0.21238    0.05584    0.08197   -0.02089      1
  -0.02307    0.06072   -0.05908    0.00541      2
   0.00989    0.06058    0.03160   -0.04946      9
   0.01227    0.05877    0.03806   -0.03905     60
   0.03940    0.05855    0.06891    0.04424      1
   0.07362    0.05904    0.07686    0.05278      7
   0.07593    0.06073    0.08965    0.07299      7
   0.07938    0.05900    0.07730    0.06327      1
   0.21316    0.05915    0.22447    0.08572      1
  -0.01840    0.06209   -0.07104   -0.02308      1
  -0.01077    0.06369   -0.03576   -0.02579      3
  -0.00789    0.06467   -0.03312   -0.03257     13
  -0.00491    0.06369   -0.01451   -0.05386      8
   0.00529    0.06490    0.03977   -0.05564     10
   0.02188    0.06502    0.04469    0.03188      1
   0.02264    0.06535    0.05312    0.06467      1
   0.03873    0.06328    0.03945    0.05384      3
   0.07065    0.06356    0.08511    0.05194      6
   0.07456    0.06264    0.07705    0.06463      2
   0.10669    0.06259    0.13945    0.06922      1
   0.20852    0.06475    0.07547    0.01715      1
  -0.00663    0.06641   -0.04996   -0.01433      2
  -0.00249    0.06624   -0.01180   -0.06325      2
   0.00036    0.06729    0.00516   -0.06887      8
   0.00354    0.06654    0.01082   -0.06501      6
   0.00893    0.06967    0.05727    0.05727      1
   0.01911    0.06619    0.05312    0.06467      1
   0.06896    0.06650    0.10497    0.05165      1
   0.09533    0.06817    0.07422    0.04764      1
  -0.00546    0.07291   -0.01368    0.04287      1
   0.00024    0.07024    0.02143   -0.07379      2
   0.00432    0.07059    0.01260    0.00000      1
   0.08710    0.07290    0.06766    0.06903      2
   0.09215    0.07301    0.07597    0.06147      2
   0.09950    0.07256    0.06876    0.04448      1
   0.12031    0.07269   -0.33660   -0.13259      1
  -0.00374    0.07597   -0.01096    0.05746      1
   0.06044    0.07480    0.08150    0.05598      2
   0.08159    0.07766    0.06491    0.06264      3
   0.08290    0.07627    0.06785    0.04423      3
   0.01469    0.08080    0.02168    0.08957      2
   0.07913    0.07904    0.05234    0.04006      4
  -0.08691    0.08764   -0.08180    0.09818      1
  -0.06969    0.08968   -0.12055    0.03663      1
   0.08733    0.08700    0.08873    0.10879      1
   0.08189    0.09208    0.08646    0.10831      1
   0.11329    0.09207    0.05338    0.02604      1
   0.19665    0.10059    0.10536    0.04429      1
  -0.02213    0.12080   -0.03819    0.12571      1
   0.17821    0.12995    0.04007    0.03883      1
   0.17169    0.13579    0.08760    0.05842      1
