  -0.04816   -0.21618   -0.07458   -0.20270      1
  -0.06395   -0.21208   -0.07254   -0.19097      1
   0.05604   -0.21263    0.05761   -0.19627      2
   0.06005   -0.21142    0.05838   -0.20278      2
   0.06708   -0.20980    0.04398   -0.21054      1
  -0.09576   -0.19969   -0.08950   -0.19459      1
   0.09657   -0.19933    0.13645   -0.19559      1
   0.11954   -0.18500    0.11897   -0.16496      1
  -0.12968   -0.17948   -0.11771   -0.16142      1
   0.05381   -0.16951    0.06657   -0.20736      1
   0.14651   -0.16473    0.16033   -0.15004      1
  -0.04393   -0.13873   -0.05989   -0.16291      2
   0.05315   -0.12484    0.11213   -0.17398      1
  -0.03566   -0.11825   -0.03364   -0.12048      1
  -0.02686   -0.12054   -0.02713   -0.11750      1
   0.03160   -0.11876    0.03083   -0.11016      3
   0.06755   -0.11945    0.28331   -0.12026      1
   0.03491   -0.11774    0.02692   -0.11199      4
   0.07254   -0.11559    0.05481   -0.09305      1
  -0.05339   -0.11134   -0.05095   -0.11128      1
   0.08504   -0.10745    0.07068   -0.08635      1
   0.08671   -0.10620    0.04244   -0.10612      1
  -0.19530   -0.10499   -0.18033   -0.10943      2
   0.06677   -0.10333    0.06986   -0.09271      1
   0.08733   -0.10576    0.22300   -0.09420      1
  -0.19646   -0.10162   -0.19103   -0.15305      1
  -0.14339   -0.10160   -0.17953   -0.09748      1
  -0.07232   -0.10008   -0.08664   -0.09758      1
   0.20046   -0.09437    0.16545   -0.09133      1
   0.03493   -0.09015    0.03481   -0.08201      1
   0.08182   -0.09199    0.07076   -0.09090      1
  -0.02434   -0.07848   -0.02973   -0.08637      8
  -0.01461   -0.07822   -0.01879   -0.07219      4
  -0.01299   -0.07840   -0.01622   -0.07592      3
   0.00465   -0.07900    0.00513   -0.06820      1
   0.00838   -0.07869    0.00722   -0.06966      9
   0.01065   -0.07835    0.00989   -0.07222      1
   0.05734   -0.07895    0.05340   -0.07243      1
  -0.20739   -0.07651   -0.18844   -0.07652      1
  -0.02609   -0.07794   -0.02735   -0.08242      4
  -0.02298   -0.07611   -0.02586   -0.07960      3
  -0.01881   -0.07733   -0.02185   -0.06757      3
  -0.01610   -0.07787   -0.01801   -0.07064      1
   0.00942   -0.07774    0.01010   -0.06764      2
   0.01554   -0.07492    0.01713   -0.06543      3
  -0.03053   -0.07179   -0.03050   -0.07129      3
  -0.02835   -0.07352   -0.03254   -0.08387      2
   0.01271   -0.07089    0.01262   -0.06396      2
   0.01634   -0.07038    0.01894   -0.06137      5
  -0.03834   -0.06701   -0.03587   -0.06552      1
  -0.03492   -0.06917   -0.03646   -0.07777      4
  -0.01325   -0.06730   -0.01475   -0.05892      2
   0.01619   -0.06969    0.01482   -0.06075      2
   0.02190   -0.06724    0.01789   -0.05475      1
   0.02255   -0.06630    0.02190   -0.05808      2
   0.02892   -0.06947    0.02519   -0.05989      4
   0.03082   -0.06902    0.03275   -0.05859      3
   0.03756   -0.06660    0.04002   -0.05982     18
   0.03849   -0.06647    0.04392   -0.06198      6
  -0.03977   -0.06530   -0.04009   -0.06971      8
  -0.03741   -0.06381   -0.03790   -0.06332      1
   0.02385   -0.06238    0.02196   -0.05518      6
   0.04062   -0.06422    0.04573   -0.05667     26
   0.04462   -0.06207    0.04493   -0.05509      1
  -0.10886   -0.05852   -0.09002   -0.05685      2
  -0.07828   -0.06050   -0.09235   -0.07035      1
  -0.04542   -0.06010   -0.05048   -0.07065      2
   0.02415   -0.06191    0.01923   -0.04895      3
   0.04477   -0.06194    0.04614   -0.05290      1
   0.04728   -0.06024    0.04840   -0.05266    122
  -0.10959   -0.05668   -0.10220   -0.05877      1
  -0.07860   -0.05570   -0.08196   -0.06020      1
  -0.05055   -0.05500   -0.05145   -0.05406      3
  -0.04905   -0.05572   -0.04757   -0.05283      1
  -0.00542   -0.05429   -0.03898   -0.02590      1
   0.00076   -0.05408    0.01908    0.05243      1
   0.05033   -0.05705    0.05079   -0.05163      3
  -0.01202   -0.05251   -0.03637   -0.02945      1
  -0.00694   -0.05003   -0.02170    0.04944      1
  -0.00508   -0.05103   -0.01814    0.05404      3
   0.00138   -0.05259    0.01577    0.05372      6
   0.00246   -0.05124    0.01657    0.05138      2
   0.02868   -0.05313    0.02299   -0.04785      4
   0.05276   -0.05345    0.04946   -0.04853     51
   0.05466   -0.05092    0.05693   -0.04564    116
   0.11176   -0.05262    0.09550   -0.04845      1
  -0.01468   -0.04671   -0.02936    0.03642      2
  -0.01352   -0.04717   -0.02802    0.03770     58
  -0.00932   -0.04715   -0.01724    0.04823     17
   0.00456   -0.04910    0.02099    0.04898     16
   0.00815   -0.04770    0.02720    0.04510     28
   0.02908   -0.04613    0.03030   -0.04139      1
   0.03219   -0.04766    0.02730   -0.04347      5
   0.05557   -0.04984    0.06009   -0.04468     76
  -0.11571   -0.04269   -0.10339   -0.02790      1
  -0.05489   -0.04419   -0.10236    0.19832      1
  -0.05309   -0.04508   -0.05345   -0.04267      3
  -0.01835   -0.04320   -0.02670    0.03494     22
  -0.01663   -0.04434   -0.02582    0.03617     52
  -0.01168   -0.04420   -0.01647    0.04380      1
   0.00200   -0.04333    0.00279    0.04311      1
   0.00714   -0.04490    0.01167    0.04770     14
   0.01218   -0.04453    0.02695    0.04312      9
   0.01932   -0.04509    0.04578    0.02106      1
   0.03230   -0.04531    0.02916   -0.04085      5
   0.03509   -0.04459    0.02743   -0.04280      2
   0.05998   -0.04376    0.05415   -0.03803     28
  -0.05436   -0.03959   -0.05409   -0.03882      2
  -0.02762   -0.03855   -0.03448    0.01757      1
  -0.02556   -0.03993   -0.03126    0.02409      5
  -0.01972   -0.04166   -0.02390    0.03260      4
  -0.01062   -0.03909   -0.00993   -0.03316      2
  -0.00737   -0.03932   -0.00962   -0.03602     54
  -0.00559   -0.03959   -0.00729   -0.03617      7
  -0.00015   -0.03998   -0.00201   -0.03771     32
   0.00414   -0.04036    0.00218   -0.03690      5
   0.00726   -0.03932    0.00487   -0.03586      3
   0.01722   -0.04010    0.03058    0.04445     23
   0.01891   -0.03860    0.02853    0.04296      3
   0.02775   -0.03875    0.02433   -0.03349      1
   0.06026   -0.04079    0.05952   -0.03561    146
   0.06263   -0.03868    0.06013   -0.03347      7
  -0.05736   -0.03558   -0.05495   -0.03432      4
  -0.03076   -0.03463   -0.01701   -0.03070      1
  -0.02672   -0.03713   -0.02806    0.02596      4
  -0.02428   -0.03599   -0.01156   -0.02475      7
  -0.01519   -0.03772   -0.01354   -0.03042      1
  -0.01322   -0.03773   -0.01138   -0.02045      1
   0.01378   -0.03753    0.00353   -0.01400      7
   0.01724   -0.03607    0.00546   -0.01412    465
   0.01876   -0.03531    0.00632   -0.01425    350
   0.02318   -0.03470    0.02901    0.04282      4
   0.02649   -0.03521    0.02409   -0.03255      3
   0.03556   -0.03767    0.02737   -0.03796      1
   0.03829   -0.03449    0.02483   -0.03752      1
   0.06170   -0.03718    0.06477   -0.03343      1
   0.06355   -0.03506    0.06083   -0.03200     69
  -0.05988   -0.03075   -0.05908   -0.02847      6
  -0.04441   -0.03043   -0.03597   -0.02851      1
  -0.03999   -0.03108   -0.03166   -0.02950      6
  -0.03437   -0.03261   -0.01950   -0.02753      2
  -0.03155   -0.03077   -0.02792    0.02250      8
  -0.02976   -0.03328   -0.02322    0.02867      1
   0.02174   -0.03355    0.00767   -0.01425    110
   0.02393   -0.03203    0.00919   -0.01314    273
   0.02629   -0.03029    0.01378   -0.01148     22
   0.06427   -0.03299    0.06357   -0.02907    188
   0.06636   -0.03106    0.06680   -0.02615     16
  -0.06041   -0.02811   -0.05824   -0.02154      3
  -0.05026   -0.02623   -0.04231   -0.02202      1
  -0.04792   -0.02798   -0.03820   -0.02314      4
  -0.04520   -0.02964   -0.03755   -0.02868      2
  -0.04065   -0.02896   -0.02808   -0.02980      2
  -0.03499   -0.02812   -0.03230    0.01582      3
  -0.03322   -0.02670   -0.02634    0.02753      4
  -0.02691   -0.02957   -0.01656   -0.01125     10
   0.01343   -0.02730    0.01210   -0.02432      8
   0.01466   -0.02891    0.01594   -0.02859     10
   0.02825   -0.02850    0.01053   -0.01045     85
   0.03090   -0.02666    0.02910    0.03432     11
   0.06582   -0.02799    0.06621   -0.02445    107
   0.06629   -0.02763    0.06625   -0.02432    225
   0.13599   -0.02805    0.13243   -0.02097      6
  -0.06044   -0.02417   -0.06255   -0.02008      5
  -0.05506   -0.02235   -0.04893   -0.02062      4
  -0.05223   -0.02430   -0.04696   -0.02109     10
  -0.03538   -0.02279   -0.02780    0.02425      9
  -0.03227   -0.02360   -0.01961   -0.01280      6
  -0.02339   -0.02600   -0.09024   -0.08269      1
   0.01377   -0.02400    0.00933   -0.02146      1
   0.01550   -0.02404    0.01323   -0.02061     13
   0.01867   -0.02238    0.01158   -0.01192      2
   0.02561   -0.02390    0.08163   -0.09121      5
   0.02608   -0.02345    0.04920   -0.04217      1
   0.03195   -0.02421    0.01543   -0.00927     31
   0.06595   -0.02591    0.05315   -0.01696      1
   0.06710   -0.02541    0.06621   -0.02198     86
   0.07056   -0.02250    0.06485   -0.01573      3
   0.12044   -0.02418    0.11012   -0.01803      1
   0.13758   -0.02434    0.11756   -0.02470      4
  -0.12146   -0.01895   -0.12978   -0.01364      1
  -0.05939   -0.02071   -0.06164   -0.01774     12
  -0.05727   -0.02130   -0.05694   -0.01988     14
  -0.03880   -0.01894   -0.03278    0.01780      2
  -0.03557   -0.02008   -0.02317   -0.01135      6
  -0.03358   -0.02152   -0.02269   -0.01093      4
   0.01569   -0.02140    0.01274   -0.01783      5
   0.02965   -0.02051    0.10194   -0.06715      4
   0.03133   -0.02052    0.08624   -0.04952     11
   0.03453   -0.02015    0.01755   -0.00815     22
   0.04668   -0.01942    0.02996   -0.03916      3
   0.06870   -0.01989    0.06956   -0.01557     38
   0.07073   -0.01942    0.06986   -0.01246     81
   0.07555   -0.01803    0.07360   -0.01726      1
   0.13832   -0.02071    0.12791   -0.01412      3
  -0.07184   -0.01467   -0.07448   -0.00560      1
  -0.05925   -0.01497   -0.05634   -0.01197      3
  -0.04613   -0.01658   -0.02420   -0.02542      1
  -0.03965   -0.01582   -0.02947    0.01696     14
  -0.03791   -0.01741   -0.03689    0.01879      1
  -0.00287   -0.01528   -0.01045   -0.01933      2
  -0.00013   -0.01530    0.00998    0.00433      2
   0.00409   -0.01525    0.01193    0.01057      2
   0.00704   -0.01541   -0.00987    0.05125      1
   0.03269   -0.01624    0.11822   -0.04556     32
   0.03700   -0.01515    0.02315   -0.00743    115
   0.06599   -0.01723    0.07101   -0.01188      1
   0.06840   -0.01642    0.07259   -0.01305     70
   0.07111   -0.01697    0.07287   -0.00790    105
   0.07643   -0.01609    0.07430   -0.01039    490
   0.13910   -0.01554    0.13760   -0.00223      2
  -0.05885   -0.01387   -0.05421   -0.01325      5
  -0.05778   -0.01372   -0.05394   -0.00803      5
  -0.04392   -0.01166   -0.03479   -0.00428      3
  -0.03983   -0.01232   -0.02805    0.02381      7
  -0.03760   -0.01360   -0.01709   -0.00042      1
  -0.00375   -0.01382   -0.05229    0.06990      1
   0.01034   -0.01149    0.01516   -0.01614      4
   0.03379   -0.01214    0.11883   -0.03261      4
   0.03687   -0.01317    0.04856   -0.00907     40
   0.03824   -0.01168    0.02340   -0.00553     13
   0.04877   -0.01000    0.02633   -0.04085      1
   0.05171   -0.01257    0.05039   -0.00961      1
   0.06845   -0.01235    0.06791   -0.00752     87
   0.07100   -0.01192    0.06798   -0.00777    168
   0.07765   -0.01318    0.07350   -0.00975    204
   0.07812   -0.01144    0.07491   -0.00927     29
   0.13948   -0.01116    0.13811   -0.00159      6
  -0.05872   -0.00826   -0.05310   -0.00123     17
  -0.05790   -0.00732   -0.05309   -0.00093      2
  -0.04261   -0.00961   -0.02659   -0.00843      1
  -0.04062   -0.00869   -0.02820    0.01577     10
  -0.01459   -0.00616   -0.07613   -0.04272      1
  -0.01391   -0.00704   -0.03690    0.03163      1
  -0.00560   -0.00629   -0.00886   -0.00158      1
   0.03537   -0.00835    0.12203   -0.01918    110
   0.03910   -0.00835    0.02248   -0.00169     21
   0.04906   -0.00687    0.02244   -0.03789      2
   0.06823   -0.00709    0.06428   -0.00668    111
   0.07133   -0.00742    0.06386   -0.00629    439
   0.07471   -0.00794    0.07737   -0.00374     12
   0.07868   -0.00735    0.07523    0.00151    104
   0.12261   -0.00877    0.10527   -0.00220      1
   0.13969   -0.00984    0.13134   -0.00367      1
   0.21972   -0.00990    0.19706   -0.03795      1
  -0.05829   -0.00598   -0.05309    0.00093      1
  -0.05791   -0.00413   -0.05119    0.00327      6
  -0.04374   -0.00468   -0.02556   -0.00869      2
  -0.04133   -0.00349   -0.02480    0.00778      4
  -0.00078   -0.00402   -0.01110   -0.00286      2
   0.00826   -0.00422    0.00615   -0.00063      7
   0.01536   -0.00229    0.02160   -0.00007      1
   0.03676   -0.00397    0.11773   -0.01270     89
   0.03982   -0.00325    0.02246   -0.00066     74
   0.04915   -0.00332    0.02781   -0.03651      1
   0.06822   -0.00461    0.06209   -0.00150    240
   0.07126   -0.00498    0.06475   -0.00450     83
   0.07458   -0.00283    0.07829   -0.00090      6
   0.07908   -0.00280    0.07227    0.00350    174
   0.12279   -0.00553    0.11065   -0.00290      1
   0.14033   -0.00350    0.12034   -0.00778      3
  -0.05847   -0.00022   -0.06287    0.00923      8
  -0.04759   -0.00091   -0.02077   -0.02717      1
  -0.04163    0.00101   -0.02879    0.01486      1
   0.00007    0.00112   -0.00496    0.00856      1
   0.00784   -0.00137    0.00865    0.00146      6
   0.01013    0.00025    0.00812    0.00243      2
   0.01569   -0.00104    0.02383    0.00076      2
   0.02574   -0.00117    0.02289    0.00039      4
   0.02721   -0.00005    0.02700    0.00142      3
   0.03739   -0.00123    0.12134   -0.00594      3
   0.03996    0.00101    0.02062    0.00113    189
   0.07214   -0.00098    0.06654   -0.00006      4
   0.07636    0.00137    0.07917    0.00173      2
   0.07912   -0.00163    0.07821    0.00219     84
  -0.05815    0.00344   -0.05456    0.01321      4
  -0.05722    0.00534   -0.05322    0.01347     19
  -0.04132    0.00468   -0.02721    0.01399      3
  -0.00080    0.00418   -0.00862    0.03309      1
   0.03183    0.00213    0.06584   -0.01484      1
   0.03985    0.00318    0.02156    0.00194     90
   0.07714    0.00519    0.07556    0.00567     11
   0.07898    0.00486    0.07796    0.00697     62
   0.13622    0.00449    0.13312   -0.00442      1
  -0.12294    0.00758   -0.11157   -0.00214      1
  -0.05728    0.00673   -0.05115    0.01569     18
  -0.05340    0.00952   -0.04482    0.01571      3
  -0.04931    0.00981   -0.03877    0.01563      2
  -0.04046    0.00844   -0.02866    0.01496     21
  -0.03454    0.00949   -0.11995    0.01240      1
  -0.01470    0.00833   -0.02283    0.01756      2
  -0.01057    0.00974   -0.07121    0.06751      4
  -0.00305    0.00710   -0.00728    0.01447      3
   0.03941    0.00670    0.01986    0.00398     17
   0.04758    0.00829    0.02562   -0.03699      1
   0.07743    0.00845    0.07782    0.00805      7
   0.07879    0.00731    0.08069    0.00715     56
   0.13781    0.00877    0.11397    0.00857      3
   0.13819    0.00942    0.13317    0.00209      1
  -0.04635    0.01083   -0.03365    0.01721      3
  -0.04385    0.01317   -0.03385    0.01705     19
  -0.03986    0.01086   -0.03265    0.01592      3
  -0.03190    0.01377   -0.13822    0.05166      2
  -0.01049    0.01021   -0.02242    0.05038      2
  -0.00738    0.01225   -0.02933    0.02633      2
   0.00348    0.01355    0.02292    0.09260      3
   0.00813    0.01328    0.00753    0.02497      6
   0.03781    0.01298    0.01819    0.00451      2
   0.03816    0.01193    0.01839    0.00734      8
   0.07788    0.01384    0.08108    0.01052     15
   0.07825    0.01165    0.07975    0.00988     76
   0.13994    0.01122    0.12785    0.01494      6
  -0.03597    0.01779   -0.02645    0.02572      1
  -0.03261    0.01637   -0.13218    0.05867     30
   0.00400    0.01446    0.00897    0.05142      1
   0.00801    0.01452    0.02921    0.02399      1
   0.03635    0.01657    0.01777    0.00971      2
   0.04394    0.01667    0.02492   -0.03417      1
   0.07758    0.01616    0.08047    0.01380    541
   0.07810    0.01526    0.08060    0.01496     91
   0.13858    0.01589    0.12005    0.00429      2
  -0.07717    0.02012   -0.08824    0.02530      1
  -0.07084    0.02004   -0.07760    0.02387      8
  -0.04111    0.02048   -0.01926   -0.03034      2
  -0.03533    0.02007   -0.02519    0.02357     46
  -0.03349    0.02049   -0.11343    0.05996     17
   0.03384    0.02129    0.01569    0.00679      1
   0.03494    0.01943    0.01676    0.00938     17
   0.07779    0.02110    0.08148    0.02005    108
   0.07814    0.01880    0.08301    0.01824     86
   0.13886    0.02035    0.12764    0.00624      3
  -0.07665    0.02494   -0.09424    0.02835     87
  -0.07329    0.02567   -0.08546    0.03154      5
  -0.06636    0.02523   -0.06968    0.03353     23
  -0.06468    0.02567   -0.06873    0.03511     58
  -0.04904    0.02559   -0.04206    0.03089      2
  -0.04230    0.02327   -0.02549    0.02912      1
  -0.04013    0.02559   -0.02796    0.02898     22
  -0.03707    0.02250   -0.02654    0.02495      7
  -0.03256    0.02287   -0.01817    0.01799     46
   0.03123    0.02496    0.01292    0.01167      7
   0.03868    0.02411    0.02296   -0.03115      1
   0.07736    0.02292    0.08098    0.02156     81
   0.13827    0.02478    0.22551    0.03733      1
  -0.07585    0.02726   -0.09350    0.03199    127
  -0.07145    0.02847   -0.06890    0.04272    256
  -0.06954    0.02962   -0.06914    0.04211     56
  -0.06487    0.02789   -0.06827    0.03734    150
  -0.05654    0.02814   -0.05247    0.03954      1
  -0.04383    0.02690   -0.04327    0.03418      2
  -0.03937    0.02847   -0.02991    0.03429     10
  -0.03702    0.02791   -0.02935    0.03170      3
  -0.03235    0.02922   -0.01880    0.00160      2
  -0.02966    0.02681   -0.01350    0.01417      3
   0.02930    0.02846    0.01554    0.01168      3
   0.03333    0.02826    0.02550   -0.03029      1
   0.07664    0.02723    0.08303    0.02877     28
   0.13767    0.02930    0.16352    0.03091      6
  -0.09094    0.03200   -0.09321    0.03453      4
  -0.08966    0.03256   -0.09410    0.03416      3
  -0.07535    0.03194   -0.09519    0.04028     20
  -0.07081    0.03042   -0.06739    0.04376     44
  -0.06721    0.03142   -0.06935    0.04292    212
  -0.06413    0.03211   -0.06997    0.04232    385
  -0.06051    0.03325   -0.06611    0.04379    218
  -0.03817    0.03032   -0.03108    0.03611      8
  -0.03601    0.03304   -0.02727    0.03631    306
  -0.03320    0.03367   -0.02540    0.03594     53
  -0.02928    0.03200   -0.01680   -0.02630      6
  -0.01182    0.03322   -0.04177    0.12931      3
   0.00985    0.03361    0.03671    0.12803      1
   0.01162    0.03255    0.01244    0.04043      3
   0.02160    0.03364    0.01387    0.02524      1
   0.02308    0.03264    0.01591    0.02125      6
   0.07520    0.03203    0.07838    0.03395     84
   0.13765    0.03103    0.13209    0.02336      4
  -0.09036    0.03700   -0.09735    0.04012      3
  -0.08948    0.03570   -0.09459    0.03497     15
  -0.07437    0.03498   -0.09384    0.04632      5
  -0.07199    0.03611   -0.07939    0.04297      6
  -0.06703    0.03521   -0.06945    0.04340      3
  -0.06339    0.03484   -0.07024    0.04352     64
  -0.05909    0.03527   -0.06535    0.04452    230
  -0.05673    0.03673   -0.06355    0.04447     97
  -0.04770    0.03591   -0.03514    0.04563      1
  -0.04276    0.03772   -0.03404    0.04534      1
  -0.03992    0.03692   -0.03444    0.04336     17
  -0.03561    0.03449   -0.02979    0.04108     49
  -0.03275    0.03450   -0.02658    0.03725     52
  -0.02975    0.03721   -0.02469    0.02950      2
  -0.01988    0.03460   -0.05147    0.10322      6
  -0.01587    0.03669   -0.01246    0.02206      7
  -0.01200    0.03533   -0.03997    0.11697     16
  -0.00786    0.03678   -0.02602    0.12447      2
  -0.00518    0.03729   -0.02689    0.12168      2
   0.00477    0.03760    0.01204    0.12472      6
   0.00730    0.03539    0.02918    0.12441      9
   0.01028    0.03435    0.02518    0.12161      1
   0.01549    0.03686    0.00537    0.04377      1
   0.02014    0.03547    0.02856    0.03746     10
   0.02219    0.03745    0.02965    0.04255     54
   0.07310    0.03722    0.07603    0.03952     90
   0.07447    0.03428    0.07843    0.03624      9
   0.08763    0.03774    0.07866    0.03785      1
   0.13679    0.03709   -0.04272    0.05109      3
  -0.09054    0.03908   -0.12490    0.04003      2
  -0.08771    0.03971   -0.09819    0.04433     11
  -0.07119    0.03853   -0.06733    0.04579      3
  -0.05469    0.03892   -0.06071    0.04453     64
  -0.05364    0.03950   -0.05797    0.04520     48
  -0.04847    0.04097   -0.05004    0.03585      2
  -0.04430    0.03912   -0.03747    0.04864      6
  -0.04156    0.03956   -0.03528    0.04653    266
  -0.03671    0.04156   -0.03345    0.04385     39
  -0.03026    0.04034   -0.02626    0.04362      8
  -0.02805    0.04055   -0.02142    0.04058      6
  -0.02477    0.04148   -0.01765    0.04672      2
  -0.02008    0.04173   -0.02849    0.05314      1
  -0.01091    0.03846   -0.00841    0.01834     10
  -0.00781    0.03921   -0.00885    0.02835     27
  -0.00265    0.03990   -0.00948   -0.03616     11
   0.00007    0.03998   -0.00431   -0.03603     10
   0.00500    0.03943    0.01252    0.11234     30
   0.00635    0.03927    0.00710    0.10686      5
   0.02181    0.04164    0.03000    0.04475      8
   0.02259    0.04053    0.02843    0.04378     31
   0.07162    0.04037    0.07442    0.04321    274
   0.08564    0.04195    0.07600    0.04109      1
   0.08760    0.03935    0.08009    0.03792      8
  -0.13470    0.04377   -0.14138    0.01511      1
  -0.08689    0.04376   -0.09631    0.04195      4
  -0.08567    0.04484   -0.09576    0.04691      2
  -0.05415    0.04241   -0.05742    0.03547      1
  -0.05072    0.04270   -0.05170    0.04478      3
  -0.04681    0.04385   -0.04432    0.05109     14
  -0.04377    0.04481   -0.04072    0.05253     41
  -0.04109    0.04398   -0.03526    0.05130      5
  -0.03570    0.04473   -0.03199    0.04833     20
  -0.03347    0.04447   -0.02565    0.04763      9
  -0.02798    0.04217   -0.01955    0.04170     18
  -0.02287    0.04234   -0.01725    0.04831     40
  -0.02089    0.04451   -0.01595    0.05297      6
   0.01188    0.04403    0.01239    0.04654     16
   0.01696    0.04554    0.02400    0.04926     15
   0.02121    0.04323    0.02837    0.04567    105
   0.02204    0.04200    0.02710    0.04355      2
   0.06930    0.04419    0.07300    0.04789     94
   0.07037    0.04245    0.07178    0.04690     41
   0.08274    0.04585    0.07175    0.04214      2
   0.13418    0.04597    0.12647    0.05213      1
  -0.13011    0.04826   -0.13631    0.04640      3
  -0.12853    0.04959   -0.12457    0.04981      5
  -0.10004    0.04918   -0.10503    0.06173      2
  -0.08410    0.04932   -0.09371    0.05344      9
  -0.04439    0.04956   -0.03900    0.05756     14
  -0.04000    0.04759   -0.03744    0.05654     14
  -0.03589    0.04729   -0.03537    0.05679     18
  -0.03206    0.04938   -0.02416    0.05606     49
  -0.02766    0.04953   -0.01761    0.05484      3
  -0.02320    0.04829   -0.01796    0.05187      1
  -0.02192    0.04861   -0.01625    0.05900      1
  -0.01510    0.04909   -0.01215    0.05306      2
  -0.01142    0.04904   -0.01039    0.05581      8
  -0.00830    0.04951   -0.00850    0.05969      1
   0.01363    0.04821    0.01709    0.05105     58
   0.01476    0.04712    0.02036    0.04989     56
   0.06561    0.04934    0.07141    0.05302     26
   0.06704    0.04752    0.07217    0.05160     81
   0.08130    0.04816    0.07311    0.04694     40
   0.08220    0.04645    0.07429    0.04384     14
  -0.13241    0.05145   -0.18721    0.04874      2
  -0.12704    0.05219   -0.12979    0.05473     35
  -0.12530    0.05329   -0.13050    0.05695     17
  -0.11203    0.05082   -0.10762    0.04814      1
  -0.09959    0.05248   -0.10614    0.04983      5
  -0.08302    0.05125   -0.09394    0.05486     68
  -0.04415    0.05379   -0.04355    0.06289      1
  -0.03943    0.05070   -0.03560    0.05944     32
  -0.03599    0.05211   -0.03467    0.06139     17
  -0.03200    0.05371   -0.02629    0.06328    170
  -0.02776    0.05126   -0.02148    0.05859      8
  -0.02415    0.05370   -0.01999    0.05938      5
  -0.02105    0.05126   -0.01722    0.05966      1
   0.01345    0.05261    0.01629    0.05430     77
   0.01490    0.05368    0.02062    0.05618    205
   0.06163    0.05392    0.07657    0.05223      1
   0.06399    0.05161    0.06899    0.05472     48
   0.07791    0.05375    0.07337    0.05019      5
   0.07915    0.05182    0.07405    0.04681     34
   0.13291    0.05204    0.15899    0.08660      2
  -0.16618    0.05677   -0.20461    0.06022      1
  -0.16453    0.05611   -0.21700    0.08989      1
  -0.13241    0.05661   -0.14940    0.05261      1
  -0.12633    0.05421   -0.13084    0.05228      4
  -0.12439    0.05466   -0.13313    0.05461      9
  -0.09591    0.05655   -0.10529    0.05580      6
  -0.08230    0.05426   -0.09324    0.05928      3
  -0.08110    0.05571   -0.09342    0.05922     18
  -0.04394    0.05440   -0.03940    0.06662      1
  -0.03840    0.05406   -0.03670    0.06608      2
  -0.03568    0.05479   -0.03254    0.06232      3
  -0.03083    0.05439   -0.02504    0.06429    155
  -0.02978    0.05481   -0.02333    0.06308     29
  -0.02502    0.05433   -0.01680    0.05978      1
  -0.02094    0.05607   -0.01578    0.06516      5
  -0.01213    0.05446   -0.00864    0.06149      1
  -0.00736    0.05638   -0.01285    0.06258      2
  -0.00150    0.05505   -0.01068    0.06117      1
   0.00523    0.05479    0.00414    0.05911      5
   0.00873    0.05670    0.00926    0.05879     18
   0.01331    0.05483    0.01664    0.05813    148
   0.01457    0.05451    0.01947    0.05752    162
   0.06069    0.05527    0.07006    0.06069      1
   0.07665    0.05720    0.07215    0.05287    101
   0.07823    0.05647    0.07542    0.05455     18
   0.13217    0.05662    0.12770    0.04773      2
  -0.16668    0.06113   -0.17522    0.06586      1
  -0.16568    0.06001   -0.20168    0.04656      1
  -0.13190    0.06136   -0.14910    0.03556      2
  -0.12830    0.05957   -0.13278    0.06766      2
  -0.12269    0.05802   -0.13337    0.05661      1
  -0.09993    0.05931   -0.10380    0.06483      2
  -0.09620    0.05957   -0.10048    0.06230     12
  -0.09312    0.06057   -0.09820    0.05946      5
  -0.07926    0.05857   -0.09141    0.06184      8
  -0.07779    0.06071   -0.09326    0.06290      3
  -0.05573    0.06048   -0.05189    0.05373      1
  -0.03019    0.05822   -0.02359    0.06516      1
  -0.01913    0.05863   -0.01320    0.06986      1
  -0.01468    0.05918   -0.01288    0.05380      2
  -0.01317    0.06090   -0.00766    0.06797      3
  -0.00486    0.06083   -0.00775    0.06611     10
  -0.00054    0.06041   -0.00396    0.06299      3
   0.00516    0.06032    0.00331    0.06209     25
   0.00862    0.06137    0.00833    0.06232    454
   0.01034    0.06171    0.01259    0.06351     48
   0.07306    0.06085    0.06894    0.05578     18
   0.07584    0.05949    0.07254    0.05571    185
   0.07835    0.05887    0.07476    0.05881      4
   0.09532    0.05846    0.07721    0.05130      1
  -0.16387    0.06438   -0.21319    0.06826      4
  -0.12639    0.06312   -0.13072    0.05820      1
  -0.10478    0.06369   -0.10677    0.05797      1
  -0.09709    0.06384   -0.10279    0.05347      4
  -0.09158    0.06396   -0.09760    0.06273      4
  -0.08937    0.06408   -0.09637    0.05975      1
  -0.07601    0.06322   -0.06821    0.06142      5
  -0.05038    0.06480   -0.05007    0.07642     52
  -0.04962    0.06537   -0.04865    0.07598     19
  -0.02952    0.06344   -0.02672    0.07071      1
  -0.02474    0.06576   -0.02257    0.07872      1
  -0.01439    0.06297   -0.00928    0.06958      1
  -0.00987    0.06543   -0.00940    0.06774      1
   0.00107    0.06394   -0.00435    0.06817     29
   0.00456    0.06452    0.00050    0.06749     91
   0.00835    0.06283    0.00777    0.06512   1224
   0.01027    0.06242    0.01141    0.06428     75
   0.06883    0.06582    0.06318    0.05892      1
   0.07295    0.06422    0.07174    0.05968     33
   0.07458    0.06256    0.07532    0.06012     25
  -0.12498    0.06698   -0.14069    0.06656      3
  -0.09459    0.06956   -0.10670    0.07667      1
  -0.09175    0.06712   -0.10558    0.04365      2
  -0.08793    0.06690   -0.09210    0.06379     14
  -0.07350    0.06630   -0.05405    0.06152      1
  -0.04755    0.06663   -0.04595    0.07720      8
  -0.04466    0.06906   -0.05152    0.07809      7
  -0.03191    0.06950   -0.03833    0.07842     16
  -0.02811    0.06928   -0.02935    0.07647     17
  -0.02487    0.06868   -0.02435    0.07705     70
  -0.02007    0.06860   -0.01972    0.07559    142
  -0.01709    0.06899   -0.01728    0.07565     74
  -0.01255    0.06935   -0.01019    0.07523     40
  -0.00815    0.06874   -0.00899    0.07344     71
  -0.00438    0.06655   -0.00688    0.07174    135
   0.00108    0.06615   -0.00095    0.06839      4
   0.00351    0.06638    0.00030    0.06929    106
   0.00856    0.06798    0.00610    0.06888    142
   0.01331    0.06857    0.01556    0.07465    273
   0.01418    0.06855    0.01639    0.07393     32
   0.02476    0.06984    0.02695    0.07253      4
   0.02608    0.06989    0.02620    0.06899      1
   0.06868    0.06730    0.06909    0.06481      5
   0.07095    0.06857    0.07477    0.06266     30
   0.08767    0.06878    0.08258    0.06008      2
   0.12693    0.06960    0.08464    0.05554      2
  -0.16481    0.07144   -0.21064    0.07898      2
  -0.15991    0.07273   -0.20166    0.06879      4
  -0.12434    0.07351   -0.13915    0.06137      1
  -0.09180    0.07326   -0.09607    0.07139      2
  -0.08687    0.07231   -0.08128    0.06474      2
  -0.08489    0.07250   -0.07861    0.06792      4
  -0.07865    0.07384   -0.07829    0.06150      2
  -0.06631    0.07081   -0.06683    0.08136      1
  -0.06434    0.07115   -0.06099    0.06963      2
  -0.05992    0.07372   -0.06231    0.07541     20
  -0.04238    0.07032   -0.03746    0.07822      6
  -0.04139    0.07097   -0.04710    0.07916     19
  -0.03638    0.07290   -0.03695    0.07886     17
  -0.03107    0.07219   -0.03441    0.07918     68
  -0.02893    0.07096   -0.02904    0.07838     19
  -0.02488    0.07094   -0.02517    0.07817     28
  -0.02150    0.07044   -0.02313    0.07808      6
  -0.01504    0.07024   -0.01815    0.07821     10
  -0.01117    0.07084   -0.01157    0.07636     15
  -0.00878    0.07042   -0.00895    0.07575     85
  -0.00534    0.07002   -0.00738    0.07523      1
   0.00975    0.07043    0.00827    0.07152      1
   0.01117    0.07048    0.01197    0.07626     27
   0.01548    0.07141    0.01876    0.07660     93
   0.02121    0.07155    0.02143    0.07568     84
   0.02366    0.07175    0.02783    0.07524     78
   0.02744    0.07219    0.03244    0.07865     49
   0.03299    0.07306    0.03559    0.07834      3
   0.06531    0.07384    0.06449    0.06405      3
   0.06793    0.07181    0.07259    0.07473     46
   0.08519    0.07225    0.07904    0.06109      3
   0.12550    0.07340    0.11682    0.06582      3
   0.12707    0.07084    0.09714    0.06271      4
  -0.09591    0.07660   -0.10317    0.07387      7
  -0.09076    0.07605   -0.08344    0.08200      1
  -0.08908    0.07640   -0.10247    0.07016      1
  -0.08236    0.07476   -0.07032    0.06839      5
  -0.08152    0.07695   -0.08174    0.07596     19
  -0.05914    0.07449   -0.05917    0.07698     39
  -0.05762    0.07552   -0.05400    0.07834      9
  -0.03559    0.07418   -0.03742    0.08234      2
  -0.03059    0.07472   -0.03630    0.08475     40
  -0.02686    0.07724   -0.03382    0.08677    142
  -0.02444    0.07742   -0.02701    0.08770    196
  -0.02008    0.07673   -0.02152    0.08188    184
  -0.01770    0.07719   -0.02077    0.08188      2
   0.01698    0.07721    0.01622    0.08418     11
   0.02034    0.07569    0.02318    0.08229     25
   0.02301    0.07496    0.02929    0.08182     31
   0.02627    0.07407    0.03189    0.07932      1
   0.06029    0.07601    0.06370    0.07683      8
   0.06470    0.07457    0.06755    0.07941      7
   0.07971    0.07756    0.07539    0.06723      5
   0.08250    0.07600    0.07539    0.07011      2
   0.12392    0.07608    0.11898    0.07488      7
  -0.15875    0.07943    0.15716    0.12909      1
  -0.09448    0.07831   -0.09127    0.08064      2
  -0.09257    0.08072   -0.10169    0.07818     19
  -0.08674    0.07958   -0.08252    0.07378      5
  -0.08318    0.08034   -0.08305    0.08047      2
  -0.08067    0.07989   -0.07933    0.07777     23
  -0.07700    0.07877   -0.07619    0.07780      3
  -0.05561    0.08065   -0.07418    0.08653      7
  -0.05064    0.07985   -0.05373    0.07931     18
  -0.04926    0.08155   -0.04785    0.08023     14
  -0.02335    0.07831   -0.02664    0.08778     47
  -0.02146    0.07869   -0.02536    0.08909     38
  -0.00577    0.08197   -0.00211    0.08637      1
   0.00104    0.08068   -0.00082    0.09449      1
   0.00448    0.08090   -0.00016    0.09359      1
   0.00756    0.08026    0.00663    0.09245      1
   0.01092    0.07901    0.01501    0.08666      7
   0.05344    0.07928    0.05093    0.08278      1
   0.05531    0.08167    0.06115    0.07748      8
   0.05918    0.07854    0.06246    0.08427      4
   0.07381    0.08143    0.06885    0.07727      1
   0.07639    0.08025    0.07239    0.07507     14
   0.07834    0.08031    0.07225    0.07507      5
   0.12127    0.07980    0.11691    0.08108      3
  -0.15851    0.08315   -0.18658    0.06062      1
  -0.15705    0.08235   -0.19269    0.07051      1
  -0.09052    0.08294   -0.10406    0.06604      4
  -0.08889    0.08477   -0.09498    0.07815      5
  -0.08326    0.08298   -0.07336    0.08528      3
  -0.08060    0.08236   -0.07639    0.08135      3
  -0.07494    0.08561   -0.09123    0.07467      1
  -0.07226    0.08521   -0.07510    0.08254      3
  -0.05513    0.08211   -0.06316    0.08536      1
  -0.04743    0.08298   -0.04045    0.07980     19
  -0.04470    0.08437   -0.04153    0.08246     26
  -0.04082    0.08550   -0.03666    0.08317      5
   0.04329    0.08522    0.05089    0.07747      1
   0.04929    0.08569    0.04740    0.08254      8
   0.05076    0.08472    0.05066    0.08660      9
   0.06989    0.08587    0.06540    0.08252      1
   0.07231    0.08506    0.06762    0.08042     10
   0.07480    0.08235    0.06763    0.07728      6
   0.11891    0.08340    0.10275    0.09317      2
  -0.08662    0.08682   -0.08314    0.09104      3
  -0.08517    0.08818   -0.08549    0.08691      8
  -0.07946    0.08751   -0.09110    0.08588      5
  -0.07018    0.08811   -0.07443    0.07574      1
  -0.06749    0.08807   -0.07254    0.08832      2
  -0.06487    0.08958   -0.08495    0.08175      1
  -0.04605    0.08665   -0.04228    0.09150      1
  -0.04217    0.08703   -0.04180    0.08846      4
  -0.04029    0.08741   -0.04092    0.09014     29
  -0.03554    0.08896   -0.03642    0.09133    140
  -0.03243    0.08930   -0.03466    0.09197     56
  -0.02965    0.08956   -0.02793    0.09309      1
   0.04191    0.08964    0.04504    0.10308      1
   0.04490    0.08816    0.04895    0.09400      4
   0.04732    0.08664    0.04639    0.08938     25
   0.06475    0.08902    0.06708    0.08645      5
   0.06796    0.08694    0.06180    0.08186      2
   0.07291    0.08652    0.06514    0.08613      3
   0.07541    0.08656    0.06295    0.10074      1
   0.11393    0.08802    0.09984    0.09085      1
   0.11613    0.08804    0.11624    0.09292     16
  -0.20056    0.09098   -0.19469    0.08709      1
  -0.15232    0.09300   -0.17074    0.08039     13
  -0.08279    0.09051   -0.07622    0.09345      1
  -0.07993    0.09296   -0.08266    0.08298      9
  -0.07059    0.09122   -0.06939    0.08039      3
  -0.06360    0.09047   -0.07151    0.08800      5
  -0.05954    0.09303   -0.07249    0.08778      2
  -0.03911    0.09085   -0.03873    0.10017      2
  -0.03579    0.09069   -0.03533    0.09169     10
  -0.03102    0.09046   -0.03409    0.09157     38
  -0.02865    0.09112   -0.02929    0.08947     27
  -0.02464    0.09177   -0.02541    0.08854     34
   0.03267    0.09332    0.03817    0.10486      3
   0.03510    0.09250    0.04564    0.09787      1
   0.04023    0.09039    0.04220    0.10038      1
   0.06197    0.09163    0.06163    0.08868      1
   0.06283    0.09079    0.06057    0.08835      5
   0.06767    0.09252    0.05589    0.09450      3
   0.07331    0.09184    0.06280    0.09681      3
   0.11352    0.09157    0.12494    0.09796      3
   0.11448    0.09051    0.12251    0.08746      4
  -0.19548    0.09632   -0.21368    0.08117      1
  -0.15203    0.09453   -0.16730    0.09741      6
  -0.07857    0.09430   -0.07564    0.08981      6
  -0.07551    0.09660   -0.07862    0.08669     14
  -0.07078    0.09442   -0.06854    0.08220      2
  -0.06888    0.09549   -0.05250    0.07701      8
  -0.06465    0.09516   -0.04183    0.05297      1
  -0.06178    0.09624   -0.02933    0.09360      1
  -0.05249    0.09705   -0.00672    0.04722      1
  -0.02881    0.09440   -0.03261    0.10633      4
  -0.02584    0.09419   -0.02670    0.08027      1
  -0.02041    0.09580   -0.01752    0.09788      2
  -0.01528    0.09731   -0.01738    0.09744      3
  -0.01132    0.09780   -0.01320    0.09869      9
  -0.00857    0.09795   -0.01059    0.10034     12
   0.01604    0.09732    0.01673    0.09767      3
   0.02374    0.09601    0.02875    0.10449      4
   0.02687    0.09522    0.02368    0.10021      2
   0.05353    0.09786    0.03623    0.10173      1
   0.05679    0.09553    0.05390    0.09150      5
   0.05917    0.09660    0.05911    0.10493      2
   0.06513    0.09700    0.05904    0.10147     33
   0.06646    0.09587    0.05506    0.10459     15
   0.10978    0.09500    0.06922    0.07934      1
   0.11145    0.09492    0.05613   -0.02937      2
  -0.15001    0.09922   -0.15174    0.06629      1
  -0.14887    0.09949   -0.13951    0.10680      2
  -0.07405    0.09816   -0.10085    0.09241      1
  -0.07195    0.09925   -0.07356    0.08293      2
  -0.06458    0.09814   -0.03371    0.07643      2
  -0.06043    0.10178   -0.03376    0.07952      1
  -0.05159    0.09958   -0.04298    0.09674      4
  -0.04619    0.10118   -0.03775    0.09733      3
  -0.04468    0.10147   -0.03604    0.09938      2
  -0.00733    0.09816   -0.00826    0.10193     29
  -0.00439    0.09845   -0.00801    0.10346     20
   0.00101    0.09875   -0.00030    0.10528      2
   0.00221    0.09893    0.00397    0.10342      1
   0.00787    0.09816    0.00376    0.10293      4
   0.01079    0.09812    0.01259    0.10361      2
   0.02881    0.09975   -0.03686    0.03437      1
   0.04458    0.10110    0.04110    0.10605      4
   0.04957    0.09844    0.04744    0.09901      5
   0.05090    0.09959    0.04756    0.10128      3
   0.05759    0.09989    0.05115    0.10513      3
   0.06047    0.09987    0.05769    0.10405     20
   0.06307    0.09858    0.05936    0.09534     16
   0.10830    0.09921    0.09244    0.08294      1
   0.14095    0.10184    0.12077    0.09538      1
  -0.19247    0.10230   -0.18609    0.11993      1
  -0.06716    0.10264   -0.06469    0.08662      6
  -0.06380    0.10470   -0.06013    0.09467      6
  -0.06007    0.10427   -0.05818    0.08389      2
  -0.05163    0.10417   -0.06263    0.09427      2
  -0.04797    0.10278   -0.03922    0.08893      1
  -0.04373    0.10374   -0.03588    0.09952      4
  -0.03921    0.10522   -0.03323    0.10475     12
  -0.03585    0.10544   -0.03193    0.10316      3
  -0.03384    0.10566   -0.02903    0.10661      4
   0.01642    0.10597    0.02027    0.09873      1
   0.03335    0.10551    0.03406    0.10161      3
   0.03665    0.10417    0.03697    0.10074     12
   0.03948    0.10431    0.03911    0.10410      8
   0.04220    0.10359    0.04501    0.10014      3
   0.04976    0.10267    0.04259    0.09432      1
   0.05534    0.10382    0.06183    0.10666      1
   0.10562    0.10218    0.12753    0.12445      1
   0.13798    0.10553    0.12097    0.08828      2
   0.13947    0.10468    0.12137    0.09171      6
  -0.18913    0.10858   -0.18047    0.06155      3
  -0.05914    0.10752   -0.05681    0.09539     21
  -0.05610    0.10916   -0.06608    0.09879     27
  -0.05085    0.10667   -0.04208    0.08861      3
  -0.04923    0.10759   -0.04016    0.09011      4
  -0.04380    0.10820   -0.03635    0.10069      2
  -0.03816    0.10694   -0.03789    0.11132      3
  -0.03517    0.10879   -0.02969    0.11140      9
  -0.03234    0.10727   -0.02982    0.10593     19
  -0.02850    0.10849   -0.02499    0.10697      8
  -0.02529    0.10979   -0.03663    0.11206      1
   0.00000    0.10997   -0.00072    0.10615      3
   0.01287    0.10954    0.01575    0.10865      2
   0.01602    0.10607    0.01953    0.10438      1
   0.02102    0.10706   -0.01304    0.04212      1
   0.02429    0.10816    0.02823    0.10647     32
   0.02729    0.10821    0.03197    0.10592     82
   0.03145    0.10740    0.03356    0.10548     16
   0.03528    0.10652    0.03632    0.10900      5
   0.13684    0.10830    0.13383    0.09684     14
   0.14000    0.10700    0.13770    0.09829     12
  -0.18641    0.11264   -0.20811    0.07420      3
  -0.18550    0.11399   -0.19650    0.11854      1
  -0.05200    0.11118   -0.04385    0.10577     40
  -0.04767    0.11309   -0.04135    0.10570     43
  -0.04580    0.11390   -0.04255    0.10733      6
  -0.03871    0.11175   -0.03040    0.11082      3
  -0.03637    0.11222   -0.03369    0.10403      6
  -0.03128    0.11072   -0.02099    0.11709      2
  -0.02716    0.11103   -0.01749    0.11428      5
  -0.02366    0.11142   -0.01912    0.11295     10
  -0.02133    0.11201   -0.01541    0.10821      2
  -0.01128    0.11217   -0.00663    0.11500      1
  -0.00677    0.11210   -0.00826    0.11066      4
  -0.00341    0.11083   -0.00092    0.10394     22
  -0.00061    0.11051   -0.00054    0.10349     33
   0.00272    0.11314    0.00553    0.10525      5
   0.01288    0.11035    0.01696    0.11117      7
   0.01487    0.11071    0.01611    0.10996      7
   0.01932    0.11083    0.02384    0.10543      3
   0.02859    0.11178    0.03176    0.10791      2
   0.03045    0.11303    0.02724    0.11007      1
   0.03529    0.11162    0.03244    0.11102      3
   0.13650    0.11208    0.12540    0.10794      6
   0.13863    0.11156    0.13936    0.10810      6
  -0.18529    0.11503   -0.18459    0.09163      5
  -0.08852    0.11473   -0.10880    0.08644      2
  -0.04389    0.11463   -0.03661    0.10785     37
  -0.03941    0.11624   -0.03377    0.11062     50
  -0.03618    0.11724   -0.03020    0.11227     40
  -0.03336    0.11799   -0.02259    0.11220      2
  -0.02854    0.11448   -0.03111    0.11520      4
  -0.02554    0.11503   -0.01866    0.11914      1
  -0.02022    0.11553   -0.01366    0.11891      2
  -0.01707    0.11579   -0.02534    0.11893      2
  -0.00829    0.11772    0.00232    0.11601      2
  -0.00350    0.11755   -0.00551    0.11686      5
   0.00097    0.11765    0.00819    0.11342      8
   0.00431    0.11707    0.00852    0.11579     18
   0.00802    0.11658    0.00894    0.11740     20
   0.01211    0.11465    0.00877    0.11404      5
   0.01621    0.11585    0.01601    0.11705      4
   0.02717    0.11432    0.03518    0.11158      1
   0.13394    0.11672    0.13774    0.09825      1
   0.13594    0.11542    0.12900    0.12029      7
   0.13886    0.11406    0.15302    0.12704      1
  -0.18225    0.11903   -0.17983    0.09005      4
  -0.18126    0.12038   -0.17331    0.11751      4
  -0.03269    0.11830   -0.02753    0.11523     13
  -0.02808    0.11950   -0.02220    0.11665     10
  -0.02408    0.12028   -0.01863    0.11955      4
  -0.02107    0.12083   -0.01588    0.11770      4
  -0.01582    0.12167   -0.01095    0.11814      3
   0.00328    0.11811    0.00531    0.11687      1
   0.12907    0.12068    0.06279    0.11435      2
   0.13314    0.12034    0.12449    0.12804      5
   0.13484    0.11828    0.14337    0.12281      3
  -0.17888    0.12344   -0.16110    0.12639      6
  -0.17785    0.12448   -0.17646    0.10645      1
  -0.08136    0.12218   -0.06233    0.12780      1
  -0.07578    0.12421   -0.06781    0.12505      4
  -0.06849    0.12498   -0.05785    0.12590      2
  -0.05718    0.12487   -0.05819    0.13100      2
  -0.01108    0.12220   -0.00877    0.11856      3
  -0.00635    0.12244   -0.00667    0.11298      3
  -0.00453    0.12252   -0.00659    0.11639      8
  -0.00068    0.12262   -0.01004    0.11475      1
   0.12967    0.12530    0.13158    0.11482      3
   0.13185    0.12257    0.17701    0.12533      1
   0.17911    0.12319    0.15423    0.09451      1
  -0.17531    0.12843   -0.15058    0.11534      4
  -0.07449    0.12696   -0.05360    0.13267      1
  -0.06843    0.12838   -0.05027    0.12240      2
  -0.06406    0.12652   -0.05827    0.12293      6
  -0.06131    0.12788   -0.05687    0.12681      2
  -0.05581    0.12808   -0.06272    0.12526      2
  -0.05379    0.12673   -0.04528    0.12717      1
   0.04379    0.12898    0.03058    0.13099      2
  -0.17409    0.13054   -0.17528    0.10608      2
  -0.17302    0.13198   -0.16394    0.11459      9
  -0.06373    0.13154   -0.06276    0.13159      3
  -0.06127    0.13312   -0.06666    0.14311      2
  -0.05496    0.13051   -0.05784    0.12360     10
  -0.05265    0.13133   -0.05316    0.12408      6
  -0.04795    0.13348   -0.05234    0.11756      1
   0.04198    0.13035    0.00838    0.03778      1
   0.04278    0.13159    0.04493    0.13585      1
   0.05138    0.13043    0.05035    0.21466      1
  -0.17143    0.13641   -0.17920    0.12371      5
  -0.16926    0.13657   -0.22160    0.12183      1
  -0.05476    0.13588   -0.05121    0.14348      3
  -0.05275    0.13734   -0.06593    0.15296     13
  -0.04734    0.13727   -0.04448    0.15155     13
  -0.04490    0.13591   -0.05218    0.13709     12
  -0.03909    0.13642   -0.03810    0.13817      8
  -0.03714    0.13614   -0.03792    0.12366      2
   0.17137    0.13467    0.15343    0.12513      1
  -0.16782    0.13992   -0.18068    0.08734      5
  -0.16586    0.14106   -0.16526    0.07529      2
  -0.04745    0.13823   -0.05588    0.14192      8
  -0.04457    0.13837   -0.04211    0.15082      3
  -0.03953    0.14061   -0.03879    0.13799      7
  -0.03614    0.14026   -0.05014    0.14644      3
   0.16642    0.14058    0.14294    0.12479      2
  -0.16705    0.14270   -0.16606    0.10759      4
  -0.16533    0.14441   -0.17082    0.12550     11
   0.16136    0.14509    0.13824    0.13537      1
   0.16269    0.14424    0.14097    0.14428      2
  -0.16240    0.14757   -0.17568    0.10281      3
  -0.16078    0.14859   -0.16392    0.14536      6
   0.15748    0.14940    0.11641    0.13357      3
   0.15881    0.14869    0.14071    0.14175      2
  -0.15911    0.15052   -0.16415    0.13829      3
  -0.15684    0.15221   -0.14260    0.16934      1
  -0.08654    0.15104   -0.07067    0.12854      3
  -0.08378    0.15294   -0.05573    0.12687      2
   0.15609    0.15122    0.14770    0.13300      8
  -0.15454    0.15465   -0.14896    0.13412      3
  -0.15265    0.15686   -0.14808    0.12482      4
  -0.08145    0.15521   -0.05615    0.14038      1
  -0.07217    0.15792   -0.06113    0.13730      1
   0.14962    0.15750    0.11690    0.14154      2
   0.15085    0.15655    0.12534    0.13776     10
  -0.15161    0.15838   -0.15621    0.16811      1
  -0.14802    0.16182   -0.14592    0.15058      1
  -0.08451    0.15901   -0.06650    0.17978      1
  -0.07624    0.15895   -0.07019    0.12742      3
  -0.07179    0.15944   -0.06320    0.14130      1
  -0.06649    0.16125   -0.06680    0.16581      5
  -0.06315    0.16171   -0.06541    0.13531      5
   0.14722    0.15971    0.11784    0.13926     15
  -0.14685    0.16252   -0.13253    0.16531      2
  -0.14470    0.16419   -0.13248    0.12839      1
  -0.06761    0.16306   -0.05283    0.14358      1
  -0.06385    0.16253   -0.05821    0.13195     16
  -0.05974    0.16364   -0.05768    0.14210      4
  -0.05551    0.16471   -0.05243    0.14415      4
  -0.05335    0.16517   -0.05531    0.15244      4
   0.14389    0.16294    0.11478    0.13955      5
  -0.14255    0.16632   -0.10820    0.16472      1
  -0.14064    0.16846   -0.16185    0.14007      8
  -0.06658    0.16680   -0.05343    0.19531      1
  -0.04857    0.16730   -0.03624    0.15696      1
  -0.13497    0.17201   -0.14049    0.15441      8
  -0.13366    0.17281   -0.09127    0.11598      1
   0.13687    0.17041    0.10135    0.17841      1
  -0.13253    0.17520   -0.11914    0.15925      7
  -0.12846    0.17656   -0.12817    0.12248      3
  -0.12563    0.17770   -0.15202    0.15469      1
  -0.03458    0.17676   -0.02073    0.20413      1
   0.12568    0.17783    0.11395    0.14850      1
   0.12762    0.17624    0.12646    0.17329      3
  -0.12411    0.18010   -0.08709    0.12863      5
  -0.12119    0.18049   -0.12828    0.15898      1
   0.12105    0.18199    0.12101    0.18808      3
   0.12292    0.18026    0.10128    0.16842      6
  -0.12005    0.18342   -0.14024    0.14652      7
  -0.11759    0.18521   -0.10326    0.15720      3
   0.11610    0.18519    0.10190    0.18792      4
   0.11835    0.18378    0.10720    0.18126      3
  -0.11526    0.18633   -0.08901    0.16671      1
  -0.11179    0.18842   -0.09505    0.13337      5
   0.10845    0.18901    0.08416    0.18731      4
   0.11222    0.18717    0.09262    0.18177      4
  -0.10682    0.19175   -0.10426    0.17148      5
  -0.10378    0.19334   -0.10432    0.17590     12
   0.09978    0.19323    0.07065    0.18206      2
   0.10407    0.19110    0.07576    0.17847      5
  -0.10267    0.19424   -0.10996    0.18117      4
  -0.09999    0.19548   -0.10072    0.17295      9
  -0.09633    0.19726   -0.09305    0.16674     10
   0.09726    0.19457    0.07457    0.17916      4
   0.09915    0.19401    0.06876    0.16438      1
  -0.09489    0.19824   -0.07732    0.18128      1
  -0.09231    0.19903   -0.09322    0.17251     21
  -0.08826    0.20093   -0.08156    0.17536     17
  -0.08375    0.20169   -0.06927    0.17987      5
   0.08507    0.20035    0.05045    0.19446      3
   0.08812    0.19913    0.04471    0.19841      1
  -0.08601    0.20214   -0.09152    0.17972      3
  -0.08339    0.20306   -0.08781    0.17845     17
  -0.08000    0.20439   -0.08267    0.17775     24
  -0.07622    0.20531   -0.08655    0.18113     12
  -0.07308    0.20556   -0.06083    0.20536      1
   0.07207    0.20531    0.07176    0.18929      4
   0.07553    0.20447    0.06353    0.18723      4
   0.08064    0.20255    0.05126    0.21352      1
  -0.07469    0.20638   -0.08897    0.19492      6
  -0.07163    0.20728   -0.08026    0.18078     14
  -0.06703    0.20867   -0.06965    0.18410     21
  -0.06440    0.20893   -0.05913    0.18911     19
  -0.06030    0.20934   -0.06464    0.21041      3
   0.05712    0.20992    0.04605    0.19545      4
   0.05992    0.20951    0.03863    0.19531      5
   0.06362    0.20856    0.04648    0.19404      6
   0.06802    0.20704    0.03686    0.19814      6
   0.07117    0.20634    0.05926    0.18796      1
  -0.06353    0.21017   -0.05603    0.18482      4
  -0.06002    0.21085   -0.07851    0.18136     11
  -0.05649    0.21116   -0.06348    0.18753      5
  -0.05330    0.21231   -0.05023    0.18993     10
  -0.04700    0.21321   -0.01949    0.20245      3
  -0.04422    0.21380   -0.05414    0.19195      2
   0.04377    0.21325    0.02278    0.19395      1
   0.04792    0.21242    0.03707    0.19745      6
   0.05281    0.21136    0.03539    0.19433     28
   0.05597    0.21087    0.03413    0.19254      8
  -0.04705    0.21421   -0.04829    0.20192      3
  -0.04307    0.21523   -0.02935    0.20625      2
  -0.03988    0.21498   -0.05615    0.20109      1
  -0.03749    0.21587   -0.00886    0.20367      4
  -0.03187    0.21622   -0.00820    0.20949      2
  -0.02707    0.21754   -0.02931    0.20908      3
  -0.02434    0.21567   -0.02391    0.20364      4
  -0.01914    0.21635   -0.01168    0.20643      4
  -0.01672    0.21664   -0.00952    0.20553     10
  -0.01132    0.21684   -0.01667    0.20721      3
  -0.00929    0.21757   -0.00549    0.20999      8
  -0.00363    0.21759   -0.00202    0.20860     12
  -0.00122    0.21759   -0.00928    0.20856      4
   0.00244    0.21799   -0.00860    0.21401      1
   0.01699    0.21785    0.02746    0.20150      5
   0.01859    0.21772    0.00751    0.21495      3
   0.02523    0.21660    0.02560    0.20651      4
   0.02900    0.21597    0.02212    0.20037      5
   0.03069    0.21645    0.03330    0.20338      1
   0.03625    0.21499    0.01491    0.19832      1
   0.04061    0.21409    0.04610    0.19809      1
  -0.01981    0.21871   -0.02321    0.20387      2
  -0.01538    0.21830   -0.00284    0.21169      2
  -0.01094    0.21886   -0.01525    0.21481      3
  -0.00769    0.21872   -0.01020    0.20853      7
  -0.00364    0.21892    0.00325    0.20696      3
   0.00059    0.21851   -0.00720    0.20313      4
   0.00484    0.21852    0.02010    0.20012      5
   0.00851    0.21854    0.02538    0.19837      7
   0.01175    0.21828    0.02821    0.19757      7
   0.01658    0.21803    0.05276    0.20851      1
