  -0.00161   -0.22000    0.03216   -0.21266      1
   0.01975   -0.21784    0.03234   -0.21901      1
  -0.10663   -0.19404   -0.07813   -0.20039      1
  -0.10715   -0.19374    0.12031   -0.04305      2
  -0.14000   -0.17166   -0.10977   -0.16152      1
  -0.14778   -0.16190   -0.05475   -0.17051      1
  -0.06826   -0.16034   -0.06136   -0.16153      1
  -0.16528   -0.14454   -0.12825   -0.15669      1
  -0.03351   -0.14332    0.05063   -0.21089      1
  -0.16962   -0.13928   -0.12601   -0.04314      1
  -0.01349   -0.14116   -0.19174   -0.20634      1
  -0.05768   -0.13463   -0.19391   -0.13883      1
  -0.17439   -0.13348   -0.13814   -0.14557      1
  -0.00266   -0.12293   -0.00182   -0.11608      1
  -0.00135   -0.12291   -0.00673   -0.11722      2
  -0.02876   -0.11924   -0.02532   -0.11330      1
   0.01092   -0.11707   -0.02220   -0.10250      2
  -0.00239   -0.11025   -0.00374   -0.10703      1
   0.00120   -0.11108    0.00206   -0.10707      3
   0.01555   -0.11282    0.01449   -0.11155      1
  -0.05953   -0.10816   -0.06599   -0.11035      3
  -0.03593   -0.10758   -0.02939   -0.09735      1
   0.01639   -0.10984    0.00722   -0.10945      3
   0.03646   -0.10662    0.03835   -0.10756      2
   0.03454   -0.10549    0.03319   -0.10910      4
  -0.04548   -0.09925   -0.00056   -0.11537      2
  -0.19806   -0.09553   -0.18879   -0.12401      1
  -0.07806   -0.09571   -0.07540   -0.08828      1
  -0.06853   -0.09505   -0.06122   -0.08185      4
  -0.06457   -0.09409   -0.05202   -0.08422      1
  -0.01762   -0.09425   -0.01485   -0.08876      1
  -0.00096   -0.09683   -0.00091   -0.09269      4
   0.01171   -0.09731    0.01646   -0.09008      8
   0.01724   -0.09564    0.01939   -0.09422      7
  -0.08280   -0.09043   -0.06739   -0.08323      7
  -0.08074   -0.09226   -0.06878   -0.07800      4
  -0.07231   -0.09268   -0.06286   -0.09305      5
  -0.06630   -0.09313   -0.05767   -0.08485      1
  -0.06480   -0.09279   -0.05749   -0.08059      3
  -0.03747   -0.09131   -0.03292   -0.10568      1
  -0.03259   -0.09009   -0.02658   -0.08974      1
  -0.02171   -0.09291   -0.02034   -0.08865      5
   0.01217   -0.09380    0.01863   -0.07419      1
   0.02064   -0.09278    0.01748   -0.08369      1
   0.03392   -0.09215    0.03753   -0.08672      3
   0.03468   -0.09203    0.03817   -0.09611     41
  -0.08484   -0.08851   -0.07675   -0.07208      1
  -0.04609   -0.08617   -0.04478   -0.08423      1
  -0.04417   -0.08706   -0.03905   -0.08473      6
  -0.03830   -0.08714   -0.04031   -0.08734     11
  -0.03750   -0.08800   -0.02787   -0.08769      8
  -0.03210   -0.08946   -0.03153   -0.09003      1
  -0.08849   -0.08498   -0.07325   -0.07551      2
  -0.05228   -0.08282   -0.04863   -0.07900      6
  -0.04941   -0.08438   -0.04868   -0.08928      1
  -0.04083   -0.08594   -0.03800   -0.08455      3
   0.00582   -0.08204    0.00030   -0.08459      1
  -0.09441   -0.07843   -0.08336   -0.07466     23
  -0.09329   -0.07979   -0.08254   -0.07563     19
  -0.02216   -0.07905   -0.02101   -0.09397      1
  -0.02192   -0.07911   -0.01232   -0.08551      1
  -0.01117   -0.08135   -0.00538   -0.08803      1
  -0.00794   -0.08070   -0.01019   -0.08026     47
  -0.00279   -0.07956    0.00000   -0.08279      5
  -0.00153   -0.07950    0.00028   -0.07918     13
   0.00311   -0.08144    0.00274   -0.07367      3
   0.05190   -0.08122    0.05109   -0.07518      1
   0.06825   -0.07966   -0.06391    0.19213      1
  -0.09612   -0.07635   -0.08213   -0.07471     88
  -0.00156   -0.07780    0.00587   -0.07988      1
   0.00547   -0.07719    0.00706   -0.08069      1
   0.00963   -0.07581    0.00412   -0.07302      8
   0.01042   -0.07506    0.01115   -0.07015     11
   0.02534   -0.07740    0.03935   -0.05260      1
  -0.09816   -0.07370   -0.07703   -0.07892      3
  -0.09795   -0.07395   -0.07556   -0.07716      1
   0.00946   -0.07223    0.00823   -0.07048      4
   0.01366   -0.07076    0.01134   -0.06298      3
   0.01564   -0.07179    0.01845   -0.07065      2
   0.03771   -0.07119    0.04642   -0.06856      1
   0.03828   -0.07081    0.04676   -0.06724      4
   0.01723   -0.06818    0.01735   -0.06530      7
   0.02142   -0.06759    0.02392   -0.06434     28
   0.02332   -0.06684    0.02248   -0.06334     19
   0.02771   -0.06811    0.03033   -0.06425      2
   0.04058   -0.06892    0.04895   -0.06402      6
  -0.04790   -0.06283   -0.00715    0.07706      1
  -0.04485   -0.06506   -0.00653    0.08163      2
   0.01505   -0.06374    0.01751   -0.06600      6
   0.02539   -0.06514    0.02497   -0.06139     24
   0.02856   -0.06313    0.02972   -0.05980     25
   0.03036   -0.06257    0.03011   -0.05822     20
   0.04433   -0.06582    0.00525    0.06819      1
   0.07476   -0.06409    0.07673   -0.06810      2
  -0.05041   -0.06085   -0.00751    0.07479      6
  -0.04939   -0.06167   -0.00665    0.07169      1
   0.01588   -0.05905    0.01818   -0.05477      4
   0.02985   -0.06183    0.02993   -0.05848      3
   0.03159   -0.06021    0.03183   -0.05818    122
   0.03457   -0.05820    0.03383   -0.05631      3
  -0.11015   -0.05451   -0.09566   -0.05479      2
  -0.10930   -0.05623   -0.10105   -0.04551      2
  -0.05642   -0.05534   -0.00363    0.07596      4
  -0.02530   -0.05464   -0.01557    0.06290      1
  -0.00207   -0.05518   -0.00166    0.05937      1
   0.00559   -0.05409    0.00461   -0.05221      8
   0.00822   -0.05554    0.01260   -0.05250      1
   0.01249   -0.05584    0.01437   -0.05763      1
   0.02283   -0.05633    0.02874   -0.05293      2
   0.03392   -0.05784    0.03201   -0.06449      1
   0.03564   -0.05606    0.04226   -0.05259     78
   0.03985   -0.05545    0.04532   -0.05242     12
  -0.11188   -0.05088   -0.09586   -0.04893     10
  -0.02956   -0.05097   -0.01996    0.05927      2
  -0.02399   -0.05234   -0.02033    0.05691      7
  -0.02096   -0.05213   -0.02175    0.05960      2
  -0.01527   -0.05172   -0.01481    0.05281      2
  -0.01201   -0.05071   -0.01185    0.05097      4
  -0.00901   -0.05072   -0.01018    0.05165      2
  -0.00349   -0.05076   -0.00578    0.05506      6
  -0.00019   -0.05169    0.00191   -0.05216      1
   0.00295   -0.05148    0.00315   -0.04840      3
   0.02709   -0.05266    0.02996   -0.05232      1
   0.03689   -0.05310    0.04510   -0.05016     22
   0.03853   -0.05092    0.04289   -0.04795      2
   0.04410   -0.05221    0.05126   -0.04910     13
   0.04706   -0.05019    0.05456   -0.05033      2
  -0.11258   -0.04932   -0.09613   -0.04920     11
  -0.03368   -0.04895   -0.02260    0.05298      1
  -0.02545   -0.04916   -0.01902    0.05094      2
  -0.01988   -0.04909   -0.02066    0.04863     11
  -0.01536   -0.04940   -0.01421    0.04741      2
  -0.01057   -0.04899   -0.01248    0.04883     15
  -0.00656   -0.04856   -0.00977    0.04789    109
  -0.00500   -0.04755   -0.00852    0.04758    162
   0.00097   -0.04602    0.00474   -0.04927      1
   0.00569   -0.04668    0.00450    0.05471      1
   0.00908   -0.04913    0.00803    0.05238      7
   0.01515   -0.04886    0.01067    0.04692      9
   0.01879   -0.04664    0.01202    0.04960      7
   0.03305   -0.04890    0.03927   -0.04568      4
   0.03716   -0.04858    0.04166   -0.04494      8
   0.03831   -0.04946    0.04391   -0.04826      8
   0.04295   -0.04910    0.04502   -0.04872      3
   0.04791   -0.04935    0.04786   -0.04884     10
   0.06224   -0.04924    0.00877    0.07146      1
  -0.06602   -0.04350   -0.01210    0.07553      1
  -0.03283   -0.04502   -0.02000    0.04429      1
  -0.02316   -0.04315   -0.01841    0.04400      3
  -0.02035   -0.04433   -0.01669    0.04485      3
  -0.01621   -0.04357   -0.01852    0.04493     11
  -0.01281   -0.04581   -0.01464    0.04485     22
  -0.00638   -0.04585   -0.01107    0.04528     20
  -0.00308   -0.04299   -0.00743    0.04347      5
  -0.00052   -0.04404    0.00376   -0.04332     20
   0.00375   -0.04237   -0.00308    0.04399      3
   0.00906   -0.04269    0.00544    0.05010      3
   0.01067   -0.04397    0.01004    0.04824      4
   0.01513   -0.04451    0.01189    0.05067      8
   0.02374   -0.04436    0.02137    0.04477    154
   0.02827   -0.04398    0.02489    0.04425      8
   0.03166   -0.04385    0.03248   -0.03701      9
   0.03552   -0.04274    0.03478   -0.04091     17
   0.03975   -0.04308    0.03881   -0.03947      8
   0.04242   -0.04329    0.04830   -0.04182      4
   0.05190   -0.04447    0.05790   -0.04998      3
   0.06699   -0.04244    0.01148    0.08381      1
  -0.05338   -0.04126   -0.05382   -0.04220      3
  -0.03812   -0.04113   -0.02171    0.05625      1
  -0.03602   -0.03868   -0.02157    0.03533      1
  -0.03089   -0.04100   -0.02317    0.04034      8
  -0.02669   -0.04092   -0.02023    0.03924      9
  -0.02311   -0.04093   -0.02401    0.03721      6
  -0.02073   -0.04093   -0.02405    0.04091      6
  -0.01506   -0.04043   -0.01970    0.03932      6
  -0.01334   -0.04047   -0.01513    0.03865     28
  -0.00074   -0.03998   -0.00362    0.01992     12
   0.00411   -0.04175   -0.00073    0.04395     22
   0.00745   -0.04128    0.00559    0.04506     16
   0.01096   -0.03845    0.01171   -0.03783      1
   0.02893   -0.03842    0.03001   -0.04038     13
   0.03206   -0.03913    0.02952    0.03830     33
   0.03547   -0.03984    0.02984   -0.03854      6
   0.03882   -0.04139    0.03227    0.04225     10
   0.04424   -0.03998    0.04372   -0.04122     85
   0.04763   -0.03907    0.05141   -0.03751      6
   0.05293   -0.04079    0.05471   -0.04155     30
   0.05545   -0.03926    0.05359   -0.03642      1
  -0.05181   -0.03690   -0.03189    0.05328      1
  -0.04970   -0.03796   -0.03402    0.06037      1
  -0.04134   -0.03516   -0.03165    0.05026      1
  -0.03408   -0.03492   -0.02410    0.04011      1
  -0.03074   -0.03734   -0.02449    0.03936     68
  -0.02920   -0.03746   -0.02396    0.03967     99
  -0.02482   -0.03692   -0.01668    0.03703      3
  -0.01955   -0.03497   -0.01157    0.01514     23
  -0.01516   -0.03702   -0.01945    0.03089     79
  -0.01288   -0.03785   -0.01138    0.01496      6
   0.00907   -0.03570    0.27566   -0.10803      1
   0.01379   -0.03456    0.05058   -0.10947      1
   0.01570   -0.03699    0.02847   -0.00954      5
   0.02095   -0.03405    0.02248   -0.03038      2
   0.02862   -0.03501    0.03101   -0.03609    102
   0.03282   -0.03718    0.02693    0.03832     21
   0.03571   -0.03685    0.02708    0.04011     22
   0.03923   -0.03589    0.02994    0.04023     22
   0.04387   -0.03520    0.02395    0.05315      2
   0.04803   -0.03698    0.05103   -0.03347      5
   0.05397   -0.03678    0.05768   -0.02532      1
   0.05544   -0.03524    0.05975   -0.02761      7
   0.07026   -0.03672    0.00657    0.08163      1
  -0.05565   -0.03249   -0.02812    0.05232      2
  -0.02429   -0.03175   -0.01308    0.01183     12
  -0.02178   -0.03353   -0.00950    0.01082      1
   0.02165   -0.03354    0.02858   -0.03358     11
   0.02317   -0.03259    0.02471   -0.03200     67
   0.02798   -0.03182    0.03060   -0.03234    329
   0.03059   -0.03327    0.03149   -0.03236     11
   0.04482   -0.03167    0.03231    0.03824      8
   0.04675   -0.03295    0.03298    0.04161      1
   0.05292   -0.03207    0.02982    0.05140     12
   0.05660   -0.03296    0.06262   -0.02512     12
   0.05810   -0.03000    0.07199   -0.04090      1
   0.07476   -0.03344    0.08239   -0.03146      1
  -0.07416   -0.02727   -0.00813    0.08149      1
  -0.05941   -0.02739   -0.02836    0.04700      1
  -0.05192   -0.02998   -0.03625    0.04591      1
  -0.04774   -0.02784   -0.03409    0.03872      2
  -0.04512   -0.02638   -0.03952    0.03938      1
  -0.03841   -0.02624   -0.03030    0.03204      1
  -0.03524   -0.02636   -0.03107    0.02772      9
  -0.03191   -0.02637   -0.03041    0.02506     14
  -0.02967   -0.02680   -0.01560    0.01196      9
   0.02830   -0.02971    0.02848   -0.02485     21
   0.03093   -0.02797    0.03073   -0.02480      7
   0.04494   -0.02918    0.03540    0.03836      1
   0.04878   -0.02963    0.03149    0.04300      4
   0.05154   -0.02916    0.06082   -0.01950      7
   0.05568   -0.02746    0.06411   -0.01958     24
   0.05820   -0.02733    0.06483   -0.02172      2
  -0.06148   -0.02385   -0.03169    0.05445      1
  -0.05664   -0.02404   -0.03583    0.04737      1
  -0.05145   -0.02329   -0.03942    0.03820      1
  -0.04799   -0.02572   -0.03289    0.03454      1
  -0.04371   -0.02243   -0.03798    0.02796     15
  -0.03954   -0.02524   -0.03321    0.02887     64
  -0.03469   -0.02317   -0.03434    0.01642    142
  -0.03262   -0.02355   -0.03293    0.01104    175
   0.01963   -0.02223    0.01577   -0.02068      2
   0.03206   -0.02388    0.01547   -0.01358    262
   0.04991   -0.02286    0.04115    0.03113      4
   0.05461   -0.02423    0.06379   -0.01828      5
   0.07693   -0.02472    0.08706   -0.02444      2
  -0.06427   -0.01985   -0.03533    0.05856      1
  -0.05626   -0.02078   -0.02716    0.04667      1
  -0.05013   -0.01819   -0.04217    0.02415      1
  -0.04714   -0.01952   -0.04128    0.02645     25
  -0.04533   -0.01999   -0.04274    0.02482     45
  -0.03545   -0.02097   -0.03580   -0.01619     92
  -0.03395   -0.02111   -0.02512   -0.01635      7
   0.03369   -0.02153    0.01612   -0.01199     40
   0.03457   -0.02008    0.01884   -0.01340      4
   0.05082   -0.02157    0.04426    0.03245      2
  -0.21688   -0.01625   -0.14790   -0.01707      2
  -0.12185   -0.01683   -0.11174   -0.01886      2
  -0.05643   -0.01619   -0.03975    0.03786      1
  -0.05180   -0.01618   -0.04518    0.02876     61
  -0.04926   -0.01753   -0.04191    0.02634      4
  -0.03822   -0.01565   -0.05008    0.00073      2
  -0.03702   -0.01526   -0.03967   -0.00832     44
  -0.00431   -0.01439   -0.02365    0.04969      2
  -0.00081   -0.01487   -0.00388    0.08882      2
   0.02075   -0.01495    0.01935   -0.01763     17
   0.02319   -0.01490    0.01922   -0.01398     15
   0.03617   -0.01705    0.01674   -0.01244     14
  -0.06670   -0.01030   -0.05024    0.04902      1
  -0.05892   -0.01265   -0.04300    0.03859      3
  -0.05507   -0.01044   -0.04348    0.03496      3
  -0.04245   -0.01048   -0.04465    0.01678      1
  -0.03891   -0.01137   -0.03981   -0.00915     63
  -0.03785   -0.01288   -0.04100   -0.00980     41
  -0.01278   -0.01077   -0.01371    0.00944      2
  -0.00869   -0.01131   -0.04056    0.06953      2
   0.00259   -0.01395   -0.07942    0.06205      1
   0.00925   -0.01070    0.03075    0.04246      5
   0.01027   -0.01090   -0.00985   -0.14157      2
   0.03792   -0.01267    0.02190   -0.00519      8
   0.03810   -0.01211    0.01912   -0.00512     11
   0.05553   -0.01086    0.05411    0.02326      8
   0.07463   -0.01024    0.02107    0.07447      1
  -0.12263   -0.00941   -0.11002   -0.01215      1
  -0.11037   -0.00682   -0.09873   -0.00832     24
  -0.10988   -0.00766   -0.09987   -0.00545      3
  -0.09859   -0.00677   -0.09423   -0.00879     50
  -0.05554   -0.00822   -0.04803    0.02731     25
  -0.05321   -0.00634   -0.04727    0.02346     13
  -0.04643   -0.00605   -0.04596    0.01838      1
  -0.04485   -0.00706   -0.04403    0.01325     32
  -0.04024   -0.00845   -0.04010   -0.00930    255
  -0.01375   -0.00821   -0.02263   -0.02516      5
   0.01258   -0.00950    0.01716   -0.01444     17
   0.03949   -0.00660    0.01091   -0.01273     10
   0.05380   -0.00987    0.05511   -0.00873      1
   0.06099   -0.00735    0.06409   -0.00566      2
   0.06216   -0.00703    0.06186   -0.00924      2
   0.07142   -0.00802    0.04127    0.07062      2
   0.07492   -0.00805    0.05199    0.07565      1
  -0.11040   -0.00557   -0.09718   -0.00551      5
  -0.10989   -0.00581   -0.09794   -0.00445      2
  -0.09862   -0.00547   -0.09225   -0.00792     39
  -0.05840   -0.00282   -0.04945    0.03287     11
  -0.05484   -0.00239   -0.04961    0.02300     56
  -0.05137   -0.00379   -0.04779    0.02092     85
  -0.04795   -0.00291   -0.04603    0.01465     41
  -0.04573   -0.00571   -0.04525    0.01353      4
  -0.04077   -0.00237   -0.04045   -0.00399    719
  -0.01607   -0.00374   -0.02676    0.00357      1
   0.03012   -0.00254    0.02273   -0.02180      1
   0.03977   -0.00426    0.01278   -0.01404     27
   0.04949   -0.00398    0.05103   -0.00993      2
   0.05005   -0.00481    0.05481   -0.01250      2
   0.05799   -0.00407    0.05718    0.02642      1
   0.06148   -0.00580    0.06631   -0.00609      2
   0.06263   -0.00531    0.06576   -0.00714      2
   0.07522   -0.00287    0.02948    0.07446      2
  -0.22167   -0.00050   -0.20213   -0.01201      1
  -0.12322    0.00084   -0.11233   -0.00598      2
  -0.09815   -0.00053   -0.10420   -0.00637      1
  -0.09583    0.00144   -0.08909    0.00171     27
  -0.08028    0.00022   -0.04832    0.03451      2
  -0.05917    0.00046   -0.05103    0.03115    208
  -0.05417   -0.00177   -0.04955    0.02092     85
  -0.05047   -0.00087   -0.04680    0.01595     13
  -0.04959   -0.00130   -0.04752    0.01343     22
  -0.04075   -0.00100   -0.04038   -0.00231    151
  -0.01605   -0.00072   -0.06886    0.01392      4
  -0.01391   -0.00131   -0.08570    0.03762      1
   0.03997    0.00078    0.01515    0.00147     18
   0.04573   -0.00081    0.04768   -0.00142      3
   0.04652   -0.00186    0.04931   -0.00251      3
   0.06431   -0.00076    0.06786    0.00150      4
   0.07533   -0.00011    0.01903    0.07687      5
  -0.14713    0.00231   -0.13848    0.00556      1
  -0.14493    0.00569   -0.13665    0.00620      1
  -0.12279    0.00272   -0.11789    0.00082      1
  -0.09844    0.00464   -0.08804    0.00523      1
  -0.09512    0.00275   -0.08619    0.00404     84
  -0.08211    0.00317   -0.07960    0.00157     16
  -0.08180    0.00441   -0.07777   -0.00069     56
  -0.06258    0.00482   -0.04855    0.03529     15
  -0.06019    0.00397   -0.05057    0.03032    309
  -0.05051    0.00203   -0.04571    0.01363      1
  -0.04078    0.00491   -0.04008   -0.00945    359
  -0.01480    0.00338   -0.09684    0.02450      3
  -0.01375    0.00357    0.34652    0.26686      1
   0.03992    0.00386    0.04444    0.00323      8
   0.04539    0.00558    0.05210   -0.00310      5
   0.06485    0.00305    0.06421    0.00778      2
  -0.14662    0.00632   -0.16090    0.00787      1
  -0.14553    0.00793   -0.15256    0.01524      2
  -0.12289    0.00655   -0.11148   -0.00506      1
  -0.09654    0.00873   -0.08818    0.00365     11
  -0.07940    0.00820   -0.07627    0.00494     51
  -0.07769    0.00825   -0.02790    0.06637      3
  -0.06223    0.00812   -0.05095    0.03296     26
  -0.06060    0.00671   -0.05123    0.02992     34
  -0.04687    0.00944   -0.04555    0.01224      6
  -0.04441    0.00920   -0.04448    0.01133      9
  -0.03940    0.00730   -0.03977   -0.00904     56
  -0.01476    0.00714   -0.03449    0.01515      4
  -0.01171    0.00834   -0.01259    0.06129      3
   0.03915    0.00799    0.01520   -0.00384      4
  -0.09814    0.01261   -0.08855    0.01039      3
  -0.09727    0.01302   -0.08919    0.01037      8
  -0.07884    0.01040   -0.07184    0.00424     31
  -0.07752    0.01281   -0.07555    0.00876     21
  -0.06614    0.01259   -0.05147    0.03936      1
  -0.06285    0.01177   -0.05307    0.03543     14
  -0.04830    0.01271   -0.04614    0.01521     43
  -0.04464    0.01100   -0.04383    0.01413     17
  -0.03853    0.01135   -0.03812    0.00232     25
  -0.03773    0.01323   -0.01538    0.00821     19
  -0.01275    0.01152   -0.00087    0.02696      2
   0.00832    0.01196    0.06831   -0.01942      4
   0.01199    0.01100    0.03740   -0.02582      2
   0.03903    0.01336    0.04561   -0.01678      1
   0.04781    0.01229    0.04927   -0.00567      3
   0.06399    0.01229    0.06603    0.00833      3
   0.07702    0.01282    0.01352    0.07298      2
  -0.12181    0.01653   -0.11582    0.00752      4
  -0.11015    0.01658   -0.08364    0.01265      1
  -0.10891    0.01743   -0.08746    0.01258      3
  -0.09757    0.01590   -0.09039    0.01176     16
  -0.07620    0.01544   -0.07126    0.01675     48
  -0.06266    0.01639   -0.05355    0.03475     21
  -0.04877    0.01653   -0.04746    0.02040     41
  -0.03824    0.01511   -0.03611   -0.01611      2
  -0.03677    0.01646   -0.03433   -0.00591     92
  -0.03025    0.01758    0.31597    0.09300      1
  -0.00456    0.01471   -0.02381    0.07741      1
  -0.00180    0.01470   -0.00740    0.03154      1
   0.00264    0.01540    0.00897    0.05598      1
   0.04845    0.01758    0.06715    0.02837      1
   0.07645    0.01597    0.01065    0.07211      1
  -0.11659    0.02102   -0.11133    0.00759      1
  -0.11149    0.01999   -0.09495    0.01306      4
  -0.10869    0.02002   -0.08835    0.01348     11
  -0.09714    0.01847   -0.09019    0.01494      4
  -0.07421    0.01961   -0.07210    0.01587     72
  -0.07373    0.02034   -0.06986    0.01731     43
  -0.06257    0.01882   -0.05353    0.03588      7
  -0.06191    0.02073   -0.05407    0.02961      2
  -0.05047    0.01984   -0.04860    0.02045    101
  -0.04872    0.02019   -0.04739    0.02180     23
  -0.03583    0.01946   -0.03475    0.01269    211
  -0.03309    0.01992   -0.09072    0.04808     10
   0.03359    0.02168    0.03324    0.02676      2
   0.03521    0.01893    0.01025   -0.01641      2
   0.04754    0.02057    0.05133   -0.00596      2
  -0.12033    0.02337   -0.11312    0.01630      3
  -0.11160    0.02451   -0.09184    0.02219     37
  -0.10909    0.02467   -0.09787    0.01729      4
  -0.07223    0.02429   -0.06743    0.02117      7
  -0.06301    0.02282   -0.04975    0.03406      1
  -0.06083    0.02511   -0.05500    0.02996     21
  -0.05453    0.02581   -0.04963    0.02550      1
  -0.05072    0.02390   -0.05110    0.02481     22
  -0.04867    0.02297   -0.04870    0.02561     21
  -0.03462    0.02325   -0.03368   -0.02124     47
  -0.03138    0.02530   -0.01256    0.01305     62
  -0.02642    0.02352   -0.12077    0.04444      1
   0.03185    0.02450    0.03265   -0.02748      3
   0.03950    0.02309    0.04931   -0.02611      1
   0.06089    0.02521    0.06030    0.03338      4
   0.07533    0.02284    0.01267    0.08000      1
  -0.11954    0.02746   -0.11131    0.01957      3
  -0.11066    0.02806   -0.08795    0.02596      2
  -0.10932    0.02830   -0.10091    0.02150      7
  -0.07059    0.02704   -0.06867    0.02249      9
  -0.06996    0.02868   -0.05145    0.02486      2
  -0.06212    0.02750   -0.04939    0.03458      1
  -0.06136    0.02862   -0.05750    0.02810    273
  -0.05436    0.02712   -0.05110    0.03121     54
  -0.05286    0.02789   -0.05096    0.03059    347
  -0.04876    0.02783   -0.05083    0.02668     15
  -0.04338    0.02930   -0.04305    0.02864     12
  -0.04006    0.02915   -0.04138    0.02581     36
  -0.03629    0.02929   -0.03309    0.02857     71
  -0.03377    0.02692   -0.03018    0.02765     18
  -0.02842    0.02812   -0.00739    0.01526     35
   0.02752    0.02909    0.02562   -0.03087    160
   0.03015    0.02850    0.03111   -0.02446     11
   0.04776    0.02798    0.05269    0.00964      2
   0.06120    0.02711    0.06069    0.02435      5
   0.06967    0.02603    0.04266    0.05230      1
  -0.11859    0.03189   -0.11304    0.02552      3
  -0.11266    0.03345   -0.10523    0.02800      3
  -0.10918    0.03216   -0.08729    0.02303      4
  -0.06903    0.03188   -0.06718    0.03253     16
  -0.06149    0.03044   -0.05915    0.02828    135
  -0.05496    0.03073   -0.05205    0.03438     28
  -0.05332    0.03143   -0.04968    0.03296     21
  -0.04911    0.03082   -0.05099    0.03481      9
  -0.04431    0.03143   -0.04428    0.03030     34
  -0.04150    0.03273   -0.04039    0.02980      2
  -0.03571    0.03021   -0.03340    0.03024      4
  -0.02613    0.03026   -0.01411    0.01365      7
  -0.02499    0.03120   -0.01335    0.01632     46
  -0.02185    0.03348   -0.00961    0.02512      8
   0.02129    0.03384    0.01063    0.01222      1
   0.02500    0.03120    0.01046    0.01106      3
   0.02747    0.03188    0.03131   -0.03215    253
   0.03043    0.03024    0.03220   -0.02305      1
   0.04717    0.03150    0.04859    0.02805      4
   0.05701    0.03232    0.06292    0.01106      2
   0.06150    0.03205    0.06243    0.02793      3
   0.06620    0.03315    0.07217    0.03473      1
   0.07522    0.03047    0.06721    0.00173      2
  -0.13288    0.03590   -0.19190    0.18084      1
  -0.11711    0.03670   -0.11198    0.03054     13
  -0.11142    0.03698   -0.08987    0.02920      1
  -0.10781    0.03710   -0.08620    0.02768      6
  -0.07202    0.03412   -0.07155    0.03599      1
  -0.06713    0.03452   -0.05467    0.05468      4
  -0.06474    0.03732   -0.06319    0.03578     30
  -0.06138    0.03527   -0.05947    0.03412     83
  -0.05514    0.03503   -0.05070    0.03667      6
  -0.05283    0.03448   -0.05067    0.03431      6
  -0.04716    0.03738   -0.04274    0.03587      1
  -0.03821    0.03690   -0.03366    0.03751      1
  -0.02755    0.03765   -0.02529    0.03612      1
  -0.02228    0.03685   -0.02200    0.03495     15
  -0.01954    0.03488   -0.02007    0.03191     88
  -0.01670    0.03632   -0.01491    0.02411      8
  -0.01270    0.03791   -0.01651    0.02698      4
   0.00701    0.03781    0.20386    0.34887      1
   0.01243    0.03713    0.03440   -0.06009      2
   0.01575    0.03675    0.00693    0.01854      9
   0.02710    0.03519    0.02977   -0.03344    139
   0.04063    0.03694    0.04045    0.03299      1
   0.04419    0.03525    0.04443    0.03146      2
   0.04799    0.03724    0.06497   -0.01211      3
   0.05350    0.03771    0.06608    0.00823      1
   0.05550    0.03471    0.06507    0.01419      1
   0.06116    0.03687    0.06474    0.03627      2
   0.06525    0.03770    0.07255    0.03989      1
   0.06635    0.03458    0.07033    0.04270      4
   0.07056    0.03546    0.09290    0.09034      1
  -0.21456    0.03845   -0.04351    0.01955      1
  -0.11584    0.04007   -0.10923    0.04031     13
  -0.11163    0.03949   -0.11181    0.04363      2
  -0.10745    0.03909   -0.09856    0.03705      1
  -0.06302    0.03993   -0.06436    0.03578     29
  -0.06056    0.04031   -0.05963    0.03410     42
  -0.04778    0.03923   -0.04045    0.02853      1
  -0.04432    0.03853   -0.04166    0.03744      5
  -0.03679    0.04159   -0.03361    0.04226      1
  -0.03201    0.04192   -0.02651    0.03857      1
  -0.02660    0.04032   -0.02459    0.03942     59
  -0.02565    0.03994   -0.02408    0.03973     77
  -0.01972    0.03903   -0.01849    0.03575      2
  -0.01466    0.04050   -0.01819    0.03921      6
  -0.01324    0.04048   -0.01517    0.03808     90
  -0.00816    0.03914   -0.01044    0.03067      1
  -0.00257    0.03991   -0.00449    0.02173     15
  -0.00049    0.03998   -0.00457    0.02993     48
   0.00496    0.04015    0.00035    0.03171     21
   0.00801    0.04127    0.00617    0.04385     25
   0.01105    0.03842    0.00222    0.02010      4
   0.02548    0.04002    0.03207   -0.03877     37
   0.02839    0.04160    0.02837    0.03839     24
   0.03010    0.04194    0.02939    0.03589      3
   0.03505    0.04100    0.03399    0.04079      1
   0.04969    0.04072    0.06796    0.00012      3
   0.05190    0.03939    0.06689    0.00495      5
   0.06031    0.03991    0.06699    0.03778      2
   0.06303    0.04174    0.07157    0.03959      2
   0.06916    0.03830    0.01375    0.07799      1
  -0.10888    0.04320   -0.11013    0.04572      2
  -0.06725    0.04257   -0.06581    0.03987      2
  -0.06259    0.04539   -0.05990    0.04192     25
  -0.05977    0.04308   -0.06109    0.03566     12
  -0.03260    0.04362   -0.02340    0.04201      3
  -0.02822    0.04472   -0.02357    0.03495      2
  -0.02251    0.04340   -0.01998    0.04079     10
  -0.02037    0.04372   -0.01528    0.04112      4
  -0.01471    0.04356   -0.01866    0.04438     10
  -0.01188    0.04297   -0.01493    0.04302      7
  -0.00959    0.04448   -0.01171    0.04251      3
  -0.00410    0.04460   -0.00925    0.04348      6
  -0.00106    0.04326   -0.00286    0.04290      8
   0.00572    0.04354    0.00196    0.04585      5
   0.00931    0.04243    0.01114    0.04686     12
   0.01324    0.04542    0.01576    0.04733      9
   0.01995    0.04532    0.02296    0.04460     28
   0.02487    0.04342    0.02562    0.03982     20
   0.02736    0.04241    0.02863    0.03951     23
   0.03053    0.04419    0.02849    0.04049     18
   0.03687    0.04431    0.03813    0.03949      5
   0.03823    0.04476    0.03765    0.03995      1
   0.06144    0.04337    0.04885    0.06119      5
   0.06226    0.04383    0.04870    0.06359      4
   0.06657    0.04343    0.01660    0.07743      1
  -0.10795    0.04755   -0.10829    0.05305      1
  -0.08390    0.04797   -0.07031    0.03013      1
  -0.08172    0.04960   -0.07815    0.05332      2
  -0.06233    0.04835   -0.06108    0.04454      1
  -0.05822    0.04725   -0.05901    0.04431      3
  -0.05600    0.04860   -0.06275    0.03525      6
  -0.04084    0.04698   -0.03657    0.04565      1
  -0.02156    0.04706   -0.02249    0.04625      3
  -0.01572    0.04789   -0.01966    0.04543      1
  -0.01085    0.04625   -0.01622    0.04491     15
  -0.00649    0.04685   -0.01148    0.04685     18
  -0.00431    0.04760   -0.00876    0.04769    180
  -0.00153    0.04774   -0.00728    0.04895      4
   0.00525    0.04795    0.00175    0.05262      2
   0.00775    0.04718    0.00950    0.04214      1
   0.01148    0.04853    0.01210    0.05493      5
   0.01526    0.04792    0.01412    0.05025      9
   0.01930    0.04658    0.02189    0.04472    134
   0.02364    0.04861    0.03296   -0.04248     10
   0.02653    0.04694    0.03210   -0.04028      5
   0.03258    0.04600    0.03357    0.04344      1
   0.03688    0.04804    0.06354   -0.02290      6
   0.05693    0.04997    0.06154    0.04390      1
   0.06098    0.04650    0.04947    0.06394      5
   0.06269    0.04889    0.04875    0.08512      1
  -0.11205    0.05154   -0.11324    0.04644      1
  -0.10545    0.05111   -0.10416    0.05126      1
  -0.08496    0.05075   -0.08272    0.05600      3
  -0.05513    0.05029   -0.05964    0.03347      1
  -0.05204    0.05360   -0.06443    0.03514     18
  -0.02417    0.05108   -0.01500    0.04999      1
  -0.01918    0.05125   -0.02279    0.05191      1
  -0.01475    0.05141   -0.02004    0.04676      5
  -0.01155    0.05092   -0.01622    0.04581      3
  -0.00863    0.05001   -0.01259    0.04601      3
  -0.00421    0.05143   -0.00670    0.05088      5
   0.00072    0.05178    0.00910    0.05322      1
   0.00218    0.05142    0.00385   -0.05160      2
   0.00859    0.05380    0.00660    0.05450      1
   0.01304    0.05056    0.01212    0.05120      2
   0.01559    0.05029    0.01544    0.05080      1
   0.02058    0.05082    0.01951    0.05461      2
   0.02409    0.05106    0.03261   -0.03901      2
   0.02883    0.05221    0.04432   -0.04019     23
   0.03062    0.05280    0.05175   -0.03663      2
   0.03551    0.05163    0.06072   -0.01618      8
   0.05251    0.05214    0.06865    0.03574      1
   0.05650    0.05076    0.05894    0.05483     13
  -0.11037    0.05510   -0.09714    0.04509      1
  -0.10980    0.05620   -0.10040    0.05172      2
  -0.07904    0.05762   -0.07266    0.04879     20
  -0.05159    0.05413   -0.06448    0.03510     12
  -0.04918    0.05675   -0.06433    0.03027      1
  -0.03163    0.05578   -0.03170    0.05548      2
  -0.02108    0.05550   -0.02269    0.05973      1
  -0.01567    0.05555   -0.02114    0.05920      9
   0.00435    0.05424    0.00632   -0.05159      4
   0.00754    0.05722    0.01423   -0.05581      1
   0.02189    0.05536    0.03765   -0.04458      6
   0.02513    0.05555    0.04027   -0.04074      7
   0.02611    0.05485    0.04577   -0.04199      3
   0.03235    0.05605    0.05729   -0.02396      1
   0.03431    0.05507    0.05855   -0.02558      1
   0.04947    0.05711    0.07149    0.03836      3
   0.05090    0.05465    0.07062    0.03694      5
   0.05672    0.05535    0.07813    0.06649      1
  -0.12244    0.05859    0.19477   -0.32287      1
  -0.07874    0.05805   -0.07187    0.04818      3
  -0.07793    0.05948   -0.07308    0.05251      1
  -0.05214    0.06021   -0.05291    0.05272      1
  -0.04639    0.05928   -0.05491    0.04413      2
  -0.04544    0.06028   -0.06739    0.02954      5
   0.00888    0.06012    0.01825   -0.05841      2
   0.01302    0.05927    0.02321   -0.05606      3
   0.02118    0.05989    0.04376   -0.04732     10
   0.02209    0.06139    0.05144   -0.05037      1
   0.02739    0.06069    0.05508   -0.03803     13
   0.04682    0.06099    0.04476    0.06457     14
  -0.10396    0.06567   -0.10033    0.05967      2
  -0.09081    0.06317   -0.08047    0.05530      2
  -0.04350    0.06349   -0.06062    0.04180     16
  -0.03935    0.06500   -0.06652    0.02205      6
   0.00761    0.06485    0.02565   -0.06823      1
   0.01389    0.06593    0.03571   -0.05831      2
   0.01615    0.06460    0.03765   -0.05533     25
   0.01874    0.06338    0.04651   -0.04999     10
  -0.20828    0.06773   -0.18509    0.07758      2
  -0.03989    0.06671   -0.06256    0.04219      4
  -0.03460    0.06821   -0.07199    0.01674     11
  -0.03230    0.06988   -0.07492    0.01356      6
   0.00938    0.06925    0.02595   -0.06196     11
   0.01241    0.06746    0.03013   -0.05811     46
   0.01457    0.06613    0.03790   -0.05731      4
   0.01893    0.06688    0.00916    0.07050      1
   0.02876    0.06977    0.02443    0.07344      1
   0.03086    0.06867    0.03841    0.08238      1
   0.03697    0.06617    0.03520    0.06791      1
   0.03841    0.06950    0.02666    0.07743      1
  -0.20691    0.07169   -0.18251    0.09786      2
  -0.03056    0.07081   -0.06348    0.01985      2
  -0.02769    0.07234   -0.07238    0.01509      6
   0.00360    0.07225    0.00700   -0.06666      4
   0.00727    0.07092    0.02397   -0.06271      4
   0.02643    0.07184    0.01577    0.07485      1
  -0.09581    0.07643   -0.09331    0.07057      1
  -0.02276    0.07450   -0.01610    0.06555      1
  -0.02177    0.07538   -0.07081    0.01300      3
  -0.01784    0.07667   -0.03664    0.04910      2
   0.00180    0.07629    0.04491   -0.03498      2
   0.00224    0.07558    0.00614   -0.07535      3
   0.02310    0.07556    0.02213    0.08258      1
  -0.11295    0.08000   -0.02848   -0.02485      1
  -0.00942    0.07901   -0.07196    0.00606      5
  -0.00551    0.07878   -0.00860    0.07238      2
   0.00041    0.07835   -0.00384   -0.06107      1
  -0.08907    0.08444   -0.08280    0.08129      4
  -0.20026    0.08820   -0.18823    0.10220      1
  -0.08627    0.08733   -0.08907    0.07161      1
  -0.20084    0.09237   -0.18957    0.08961      1
  -0.19680    0.10073   -0.18575    0.09517      2
  -0.14496    0.10540   -0.13438    0.11466      3
  -0.06455    0.10469   -0.07056    0.09437      2
  -0.02725    0.10791   -0.03534    0.10205      1
  -0.07856    0.11346   -0.05716    0.05481      1
  -0.18724    0.11714   -0.18805    0.08649      1
  -0.00979    0.12228   -0.00554    0.11326      1
  -0.04952    0.12899    0.28988    0.17280      1
  -0.01751    0.21861   -0.22462    0.18450      1
