  -0.03317   -0.21831   -0.02502   -0.23807      1
  -0.01938   -0.21931   -0.07862   -0.21368      1
  -0.01604   -0.21951    0.02746   -0.22693      3
  -0.01174   -0.21963    0.00118   -0.21643      4
   0.00069   -0.22105    0.02428   -0.22527      2
   0.00378   -0.22066    0.03891   -0.22525      1
   0.01683   -0.21970    0.03199   -0.20905      1
   0.02073   -0.21974    0.03901   -0.21150      2
   0.02334   -0.21946    0.03695   -0.21657      8
   0.02809   -0.21879    0.03606   -0.22478      6
   0.03733   -0.21816    0.06106   -0.23611      1
  -0.03874   -0.21662   -0.07881   -0.17375      1
  -0.03251   -0.21497   -0.02466   -0.14277      3
  -0.02199   -0.21644   -0.02214   -0.16592      1
   0.03705   -0.21574    0.04810   -0.23724      2
   0.04068   -0.21737    0.04646   -0.22284      2
   0.04385   -0.21573    0.04143   -0.20004      1
   0.04619   -0.21526    0.02709   -0.22062      1
  -0.07027   -0.21051   -0.08775   -0.17446      1
  -0.06167   -0.21199   -0.03487   -0.21771      1
  -0.07694   -0.20721   -0.05217   -0.19471      1
  -0.07189   -0.20855   -0.05870   -0.16681      2
  -0.06868   -0.20878   -0.05821   -0.17601      1
  -0.06524   -0.20741   -0.03759   -0.18153      1
   0.08477   -0.20486    0.06744   -0.16201      1
  -0.08737   -0.20136   -0.01772   -0.09708      2
   0.09302   -0.20058    0.06797   -0.17344      1
   0.09547   -0.20024    0.03574   -0.14227      1
  -0.09898   -0.19663   -0.10275   -0.11696      1
  -0.09729   -0.19746   -0.07857   -0.20793      1
  -0.09153   -0.19800   -0.11847   -0.11440      1
  -0.08968   -0.19752   -0.07843   -0.16897      1
   0.09520   -0.19562   -0.13062    0.30922      1
   0.10218   -0.19688    0.08915   -0.17273      1
  -0.10553   -0.19093   -0.06361   -0.13636      2
  -0.11130   -0.18715   -0.19366   -0.29594      1
  -0.11991   -0.18313   -0.09237   -0.09755      2
  -0.11571   -0.18474   -0.08188   -0.12206      2
  -0.12381   -0.18008   -0.13355   -0.12586      2
  -0.11973   -0.18120   -0.11804   -0.12069      2
  -0.13028   -0.17600   -0.12413   -0.09838      1
  -0.13450   -0.17328   -0.05034   -0.11254      1
  -0.13967   -0.16836   -0.09994   -0.11702      1
   0.04787   -0.16784    0.28728   -0.22284      1
  -0.14389   -0.16460   -0.11782   -0.10314      1
  -0.14857   -0.16106   -0.14378   -0.14129      1
   0.15258   -0.16101    0.13466   -0.09324      1
  -0.15429   -0.15435   -0.10277   -0.11575      1
   0.07902   -0.15522    0.09625   -0.07413      1
  -0.15881   -0.15235   -0.15572   -0.16316      2
  -0.10267   -0.14751   -0.09211   -0.14422      9
  -0.10066   -0.14916   -0.08041   -0.12048     10
  -0.16973   -0.14253   -0.12826   -0.14245      1
  -0.16449   -0.14451   -0.15645   -0.10266      2
  -0.10518   -0.14468   -0.11416   -0.14703      2
  -0.10057   -0.14204   -0.00263   -0.02235      1
  -0.09773   -0.14441   -0.08959   -0.12843      1
   0.01451   -0.14215   -0.19354   -0.18952      1
   0.00671   -0.14174   -0.03629   -0.10362      1
   0.01672   -0.14084   -0.02079   -0.11330      1
   0.17296   -0.13892    0.18154   -0.10313      1
   0.04012   -0.13434    0.01419   -0.13062      1
   0.10483   -0.13687    0.14893    0.03084      1
   0.04061   -0.13349    0.02713   -0.11658      1
   0.12062   -0.13396    0.09181   -0.07251      1
  -0.01152   -0.12243   -0.00742   -0.12487      2
  -0.00793   -0.12264   -0.00244   -0.11788      7
  -0.00580   -0.12305   -0.00835   -0.12571      1
   0.00024   -0.12309   -0.00060   -0.12122      3
   0.00211   -0.12318    0.01101   -0.12099      1
   0.00940   -0.12270   -0.00211   -0.10977      1
   0.01290   -0.12252    0.00987   -0.12028     11
   0.01557   -0.12220    0.00775   -0.11891      8
  -0.03442   -0.11832   -0.01921   -0.10169      1
  -0.03086   -0.11931   -0.03264   -0.12632      2
  -0.02747   -0.11986   -0.02692   -0.11478      3
  -0.02414   -0.12066   -0.01695   -0.12296      2
  -0.02043   -0.12151   -0.02234   -0.12557      4
   0.01707   -0.12177    0.02249   -0.11365      2
   0.02033   -0.12164    0.02172   -0.12109      2
   0.02387   -0.12076    0.01996   -0.11860      4
   0.02880   -0.11970    0.02730   -0.10262      1
  -0.18960   -0.11451   -0.17084   -0.09083      1
  -0.04709   -0.11430   -0.05056   -0.11146      1
  -0.04346   -0.11517   -0.03766   -0.10532      3
  -0.04004   -0.11668   -0.04185   -0.10551      9
  -0.00601   -0.11748    0.00358   -0.12054      1
   0.02015   -0.11653    0.00999   -0.10572      3
   0.04725   -0.11419    0.04958   -0.11190      1
  -0.05435   -0.11031   -0.06346   -0.11402      3
  -0.05149   -0.11237   -0.04679   -0.10372      5
  -0.04811   -0.11302   -0.05965   -0.10553      8
  -0.01435   -0.11035   -0.02482   -0.10418      1
   0.05320   -0.11159    0.04654   -0.11125      3
   0.05548   -0.11007    0.04131   -0.11998      1
  -0.08997   -0.10895   -0.05398   -0.04627      1
  -0.05530   -0.10985   -0.06474   -0.10280      1
  -0.04778   -0.10818   -0.04689   -0.07681      3
  -0.04502   -0.10934   -0.03259   -0.09060      2
  -0.03820   -0.10715   -0.02477   -0.09119      1
  -0.03738   -0.10706   -0.04793   -0.07296      3
  -0.03286   -0.10799   -0.03794   -0.09858      2
  -0.02438   -0.10942   -0.04808   -0.12998      1
  -0.01587   -0.10891   -0.01292   -0.09814      3
  -0.01179   -0.10945   -0.01703   -0.10481      2
   0.01747   -0.10895    0.00128   -0.10438      1
   0.05674   -0.10972    0.04788   -0.10768      2
  -0.06702   -0.10275   -0.07983   -0.09677      2
  -0.05620   -0.10377   -0.05051   -0.09875      2
  -0.05309   -0.10386   -0.09016   -0.09615      2
  -0.04754   -0.10284   -0.05586   -0.08281      1
  -0.04584   -0.10518   -0.03870   -0.14242      1
  -0.03205   -0.10529   -0.01567   -0.10026      2
   0.06455   -0.10517    0.05234   -0.10362      1
   0.09865   -0.10312    0.11781   -0.10986      1
  -0.07259   -0.09942   -0.08010   -0.10539      2
  -0.06332   -0.09833   -0.04546   -0.06374      1
  -0.06102   -0.09952   -0.04909   -0.08021      3
  -0.05575   -0.10004   -0.05060   -0.08598      7
  -0.05178   -0.10096   -0.05177   -0.09485      2
  -0.04914   -0.10151   -0.05244   -0.09893      4
  -0.01359   -0.09806   -0.01349   -0.10533      1
  -0.00841   -0.09811   -0.01201   -0.09373      1
   0.00096   -0.09861    0.00129   -0.07720      2
   0.00432   -0.09824    0.00531   -0.07992      1
   0.04744   -0.10009    0.02284   -0.07996      2
   0.07429   -0.09890    0.14552    0.04421      1
  -0.07523   -0.09691   -0.11373   -0.10097      1
  -0.06672   -0.09688   -0.06379   -0.07627      2
  -0.06278   -0.09548   -0.05681   -0.07557      8
  -0.05963   -0.09499   -0.05789   -0.08516     68
  -0.05668   -0.09559   -0.05323   -0.08435     23
  -0.03015   -0.09418   -0.04156   -0.10322      2
  -0.02905   -0.09441   -0.02964   -0.09327      3
  -0.01983   -0.09631   -0.02505   -0.09609      5
  -0.01505   -0.09771   -0.02524   -0.09771     27
  -0.01349   -0.09787   -0.02940   -0.11208      2
  -0.00773   -0.09501   -0.00381   -0.08712      4
  -0.00483   -0.09465   -0.00773   -0.09057      6
   0.00145   -0.09654   -0.00287   -0.09713      3
   0.00556   -0.09518   -0.05074   -0.06542      1
   0.00821   -0.09692   -0.00081   -0.08639     17
   0.01248   -0.09767    0.01437   -0.11701      1
   0.01421   -0.09623    0.02035   -0.10222      3
   0.02395   -0.09460    0.01752   -0.09834      3
   0.02638   -0.09475    0.02793   -0.09309      1
   0.05113   -0.09645    0.02783   -0.05042      1
   0.05471   -0.09552    0.03369   -0.09093      2
   0.07730   -0.09538    0.06717   -0.07754      1
  -0.08312   -0.09011   -0.09452   -0.08600      1
  -0.07514   -0.09057   -0.04951   -0.06523      1
  -0.06738   -0.09124   -0.05649   -0.07894      6
  -0.06242   -0.09213   -0.05355   -0.07378      2
  -0.06006   -0.09357   -0.05033   -0.08143     18
  -0.03916   -0.09070   -0.05220   -0.07768      1
  -0.03466   -0.09178   -0.03925   -0.07290      1
  -0.03244   -0.09189   -0.03837   -0.08537      9
  -0.02429   -0.09213   -0.02352   -0.06567      2
   0.02499   -0.09393    0.02870   -0.09581      2
   0.02723   -0.09251    0.02793   -0.08708      7
   0.03295   -0.09099    0.00631   -0.08738      2
   0.06415   -0.09303    0.06266   -0.07311      1
   0.20196   -0.09110    0.15718   -0.07803      1
  -0.08535   -0.08940   -0.09196   -0.07662      1
  -0.07718   -0.08828   -0.08147   -0.08891      1
  -0.06841   -0.08694   -0.06185   -0.08306      9
  -0.06437   -0.08907   -0.06561   -0.07708      2
  -0.04751   -0.08606   -0.03917   -0.08102      1
  -0.04277   -0.08729   -0.04839   -0.08003      5
  -0.04064   -0.08927   -0.05054   -0.07059     11
   0.03065   -0.08982    0.00379   -0.10342      1
   0.03657   -0.08798    0.05325   -0.07806      1
   0.04168   -0.08622    0.03917   -0.08401      1
   0.06119   -0.08887    0.01896   -0.01793      1
   0.06584   -0.08839    0.06658   -0.07447      1
  -0.20388   -0.08420   -0.19579   -0.09009      2
  -0.11025   -0.08350   -0.08786   -0.07995      1
  -0.10891   -0.08555   -0.07800   -0.05646      1
  -0.09155   -0.08298   -0.09970   -0.07942      4
  -0.08922   -0.08549   -0.09614   -0.07945     16
  -0.07214   -0.08485   -0.07106   -0.06728      5
  -0.06945   -0.08594   -0.07278   -0.07049      3
  -0.05449   -0.08234   -0.05807   -0.07716     14
  -0.05362   -0.08298   -0.05222   -0.07756     18
  -0.04663   -0.08537   -0.05416   -0.07187      3
  -0.04557   -0.08585   -0.05333   -0.08340      1
  -0.04167   -0.08594   -0.05440   -0.07945      1
  -0.00590   -0.08207   -0.03320   -0.07976      1
  -0.00043   -0.08208   -0.01081   -0.09206      1
   0.04097   -0.08566    0.02726   -0.07531      1
   0.04321   -0.08529    0.04285   -0.09314      3
   0.04960   -0.08322    0.05205   -0.06826      6
   0.05065   -0.08236    0.05295   -0.06921     11
   0.07124   -0.08518    0.04632   -0.07079      1
   0.09172   -0.08287    0.08239   -0.07791      1
  -0.20694   -0.07849   -0.19298   -0.05171      1
  -0.09462   -0.07945   -0.09609   -0.08149      1
  -0.09171   -0.08128   -0.09735   -0.07378      3
  -0.08312   -0.07927   -0.10269   -0.06492      1
  -0.08054   -0.08097   -0.08869   -0.09927      2
  -0.05843   -0.07845   -0.06416   -0.07539      7
  -0.05598   -0.08053   -0.06144   -0.07616    212
  -0.05289   -0.08086   -0.05223   -0.08107      9
  -0.04907   -0.08119   -0.06363   -0.05976      1
  -0.01409   -0.08092   -0.00128   -0.03868      1
  -0.01036   -0.08130   -0.01696   -0.08492      5
  -0.00739   -0.08183   -0.01170   -0.08468      7
  -0.00288   -0.08153   -0.00730   -0.07701      4
   0.00106   -0.08139   -0.00453   -0.08544     78
   0.00321   -0.08125   -0.00388   -0.08535    149
   0.00829   -0.08122    0.00140   -0.08528     17
   0.01024   -0.08052   -0.00974   -0.07490      3
   0.01992   -0.07842    0.01091   -0.06150      2
   0.05228   -0.08105    0.05530   -0.06927     36
   0.05527   -0.08032    0.06778   -0.07581      1
   0.09425   -0.07850    0.08467   -0.07677      1
  -0.08942   -0.07743   -0.09872   -0.07385      1
  -0.06279   -0.07489   -0.06389   -0.06878     10
  -0.06067   -0.07673   -0.05991   -0.07539     19
  -0.05545   -0.07776   -0.06226   -0.06867      1
  -0.03350   -0.07457   -0.03880   -0.07517      1
   0.01367   -0.07672    0.00092   -0.07559      1
   0.02064   -0.07648    0.01420   -0.07630     15
   0.02330   -0.07566    0.01362   -0.07770     20
   0.02914   -0.07628    0.02703   -0.08021      8
   0.03055   -0.07434    0.02954   -0.07727      5
   0.06240   -0.07494    0.07895   -0.07758      1
   0.07338   -0.07507    0.05622   -0.08027      2
   0.07414   -0.07461    0.08280   -0.04916      1
   0.09642   -0.07625    0.09743   -0.06498      3
  -0.20937   -0.07211   -0.17958   -0.08671      2
  -0.06693   -0.07029   -0.06900   -0.06323      1
  -0.06534   -0.07325   -0.06838   -0.06603      5
  -0.04233   -0.07012   -0.04711   -0.05797      1
  -0.04096   -0.07045   -0.04104   -0.06401      8
  -0.02272   -0.07268   -0.01207   -0.05355      1
  -0.00063   -0.07156   -0.02204   -0.06475      1
   0.01266   -0.07149    0.00973   -0.08041     21
   0.01582   -0.07272    0.00492   -0.07738     24
   0.01879   -0.07055    0.00566   -0.07748     20
   0.02381   -0.07291    0.00759   -0.07883      1
   0.02942   -0.07397    0.02093   -0.07605      2
   0.03291   -0.07024    0.04154   -0.07497     13
   0.03705   -0.07030    0.04134   -0.07897     22
   0.04093   -0.07021    0.05212   -0.07505      3
   0.06568   -0.07316    0.06783   -0.07039     11
   0.06605   -0.07279    0.07064   -0.07315      1
   0.07485   -0.07264    0.10811   -0.05212      3
   0.08517   -0.07256    0.08332   -0.07423      1
  -0.06710   -0.06946   -0.07100   -0.06371      1
  -0.04356   -0.06900   -0.06303   -0.06547      6
  -0.04099   -0.06995   -0.06003   -0.08541      1
   0.00799   -0.06686    0.00268   -0.06516     51
   0.01218   -0.06685    0.00431   -0.06907     79
   0.01567   -0.06713    0.00211   -0.06653     37
   0.02270   -0.06632    0.01161   -0.07014      1
   0.03352   -0.06976    0.04031   -0.06501      1
   0.03584   -0.06994    0.03089   -0.07619      2
   0.03966   -0.06841    0.04142   -0.07405      5
   0.04413   -0.06680    0.05075   -0.06637      3
   0.07035   -0.06625    0.07062   -0.06678      1
   0.07757   -0.06938    0.01874   -0.06578      1
  -0.21204   -0.06410   -0.19361   -0.06516      1
  -0.10572   -0.06385   -0.11738   -0.06294      1
  -0.07355   -0.06451   -0.08929   -0.05052      1
  -0.05076   -0.06399   -0.06592   -0.06126      1
  -0.04643   -0.06455   -0.06746   -0.06034     32
  -0.04463   -0.06563   -0.06561   -0.05877      8
   0.00982   -0.06578    0.00435   -0.06375     13
   0.01096   -0.06551   -0.00165   -0.06568    106
   0.01678   -0.06459    0.00089   -0.06196     89
   0.02010   -0.06278    0.01473   -0.06047     38
   0.03978   -0.06401    0.04483   -0.06309      1
   0.04355   -0.06562    0.05394   -0.07342      4
   0.04967   -0.06406    0.05475   -0.05670     39
   0.05093   -0.06326    0.05729   -0.05435    150
   0.08767   -0.06388    0.02838   -0.03607      1
  -0.21279   -0.06182   -0.23248   -0.10399      1
  -0.09510   -0.05864   -0.08667   -0.06136      1
  -0.05252   -0.05956   -0.06862   -0.06118     10
  -0.04969   -0.06034   -0.06527   -0.06325      1
  -0.02795   -0.06007   -0.02144   -0.04956      1
  -0.02213   -0.05921   -0.04249   -0.04983      2
  -0.02127   -0.05905   -0.02566   -0.05593     16
   0.01198   -0.06128    0.00404   -0.05813      5
   0.01989   -0.05965    0.00621   -0.04830    249
   0.02237   -0.06009    0.01482   -0.05230      5
   0.03735   -0.05814   -0.00888    0.08593      1
   0.05310   -0.06151    0.06403   -0.05761     52
   0.05453   -0.06042    0.06614   -0.05975     65
   0.07770   -0.05874    0.08732   -0.05346      5
   0.10733   -0.06122    0.09051   -0.06528      1
  -0.05753   -0.05431   -0.07455   -0.04542     15
  -0.04663   -0.05411   -0.05556   -0.04773      5
  -0.04331   -0.05558   -0.04817   -0.05218      5
  -0.04014   -0.05574   -0.04537   -0.04983      4
  -0.03720   -0.05672   -0.03876   -0.04014      1
  -0.01935   -0.05566   -0.01503   -0.05355      3
   0.02137   -0.05754    0.01470   -0.04622     23
   0.02318   -0.05537    0.01895   -0.04522     36
   0.02660   -0.05414    0.03136   -0.03805      2
   0.11051   -0.05555    0.12823   -0.06144      1
  -0.06291   -0.05222   -0.06311   -0.06335      2
  -0.05987   -0.05066   -0.07497   -0.04168     19
  -0.05784   -0.05341   -0.07231   -0.04325      4
  -0.04752   -0.05331   -0.05140   -0.05219      9
  -0.01878   -0.05312   -0.02853   -0.04478      3
  -0.01704   -0.05219   -0.02549   -0.04909      7
   0.02498   -0.05241    0.02098   -0.04647     17
   0.02697   -0.05106    0.01955   -0.03918     17
   0.03090   -0.05009    0.02004   -0.02659      1
   0.05706   -0.05046    0.05697   -0.04831      1
   0.05989   -0.05332    0.06782   -0.03728      1
   0.11260   -0.05079    0.10452   -0.05257      3
  -0.11441   -0.04622   -0.08862   -0.07074      1
  -0.11383   -0.04701   -0.10080   -0.03741      2
  -0.06697   -0.04642   -0.08404   -0.02907      4
  -0.06251   -0.04812   -0.06788   -0.04119     10
  -0.06104   -0.04889   -0.07154   -0.04469     34
  -0.05062   -0.04709   -0.05595   -0.04803     17
  -0.04980   -0.04846   -0.08913   -0.03875      1
  -0.01477   -0.04945   -0.02096   -0.04968      7
  -0.01144   -0.04742   -0.01307   -0.04534      4
  -0.00866   -0.04680   -0.01344   -0.04025      3
  -0.00539   -0.04605    0.03198   -0.05323      1
   0.00751   -0.04650   -0.00630    0.04513      6
   0.02081   -0.04697    0.01293    0.05428      1
   0.02867   -0.04816    0.02114   -0.03697     18
   0.03227   -0.04679    0.02555   -0.03519     21
   0.04006   -0.04616    0.04504   -0.03296     13
   0.05266   -0.04627    0.04486   -0.03880      7
  -0.11604   -0.04223   -0.10740   -0.03868      3
  -0.06650   -0.04354   -0.05358   -0.00667      1
  -0.06428   -0.04346   -0.07473   -0.03906     22
  -0.05164   -0.04503   -0.05302   -0.03810     12
  -0.01597   -0.04205   -0.02529   -0.03722      3
  -0.01284   -0.04569   -0.01193   -0.03844      8
  -0.00473   -0.04375   -0.00260   -0.03861      5
   0.00879   -0.04366   -0.00520    0.03107      1
   0.02787   -0.04303    0.00517    0.03959      2
   0.03306   -0.04442    0.02732   -0.03436     28
   0.03554   -0.04285    0.01680    0.04330    107
   0.03983   -0.04558    0.04161   -0.02681     73
   0.04324   -0.04332    0.04374   -0.02904     28
   0.04800   -0.04243    0.04439   -0.03573     29
   0.05212   -0.04493    0.05301   -0.03306     19
   0.05652   -0.04356    0.05784   -0.03168     17
   0.05872   -0.04271    0.05684   -0.02978     12
   0.11609   -0.04246    0.10225   -0.03185      1
   0.21731   -0.04528    0.14473   -0.02892      1
  -0.11695   -0.03978   -0.12303   -0.03398     10
  -0.07167   -0.03948   -0.07428   -0.01859      3
  -0.06773   -0.03933   -0.07464   -0.03071     12
  -0.06575   -0.04174   -0.06503   -0.03331      5
  -0.05340   -0.03954   -0.06049   -0.03582     24
  -0.03368   -0.04002   -0.03959   -0.04366      2
  -0.01634   -0.04023   -0.02275   -0.05223      3
  -0.00920   -0.03891   -0.02260    0.01818      5
  -0.00328   -0.03989   -0.01190    0.00234     21
  -0.00035   -0.03996   -0.00887    0.00950      7
   0.00326   -0.03985   -0.00706    0.01317      3
   0.00721   -0.03870   -0.00346   -0.07099      2
   0.01385   -0.04038    0.01460    0.04157     16
   0.01426   -0.04074    0.00536    0.05373      1
   0.02751   -0.04187    0.01482    0.05379      3
   0.03549   -0.04057    0.02943   -0.03147     20
   0.03923   -0.03969    0.03096   -0.02526     32
   0.04478   -0.03962    0.04295   -0.03498     53
   0.04747   -0.03929    0.04896   -0.03508    188
   0.05278   -0.03849    0.05282   -0.02894    136
   0.05447   -0.03884    0.06150   -0.03595      8
   0.06158   -0.04092    0.06425   -0.03090     58
   0.06310   -0.03906    0.06579   -0.02762     58
  -0.11841   -0.03521   -0.12563   -0.03179      3
  -0.11779   -0.03725   -0.11752   -0.04264      2
  -0.07042   -0.03502   -0.07897   -0.02000      9
  -0.06917   -0.03770   -0.07981   -0.02954      3
  -0.05715   -0.03630   -0.06229   -0.02803      4
  -0.04487   -0.03427   -0.04381   -0.03599      1
  -0.03681   -0.03724   -0.02540   -0.02676      1
  -0.01923   -0.03577   -0.01645   -0.05143      2
  -0.01764   -0.03766   -0.02441   -0.01154      1
   0.00965   -0.03750    0.01547   -0.11908      3
   0.01255   -0.03774    0.02816   -0.09051     25
   0.01749   -0.03594    0.06824   -0.08829      1
   0.01932   -0.03500    0.06649   -0.07813      1
   0.03510   -0.03760    0.04026   -0.05969      1
   0.04027   -0.03682    0.03747   -0.03018     76
   0.04325   -0.03548    0.04127   -0.02440     16
   0.04732   -0.03763    0.05405   -0.02549     18
   0.05246   -0.03744    0.05040   -0.02067      8
   0.06459   -0.03647    0.06787   -0.03135     64
   0.07285   -0.03621    0.06840   -0.03621      1
   0.08970   -0.03584    0.08313   -0.03894      1
   0.21804   -0.03477    0.19428   -0.00645      1
  -0.07518   -0.03244   -0.08156   -0.02595      4
  -0.07168   -0.03141   -0.07653   -0.02356      6
  -0.06144   -0.03091   -0.06334   -0.02331      5
  -0.05790   -0.03238   -0.07104   -0.02585      1
  -0.05105   -0.03191   -0.06397   -0.02663      1
  -0.04449   -0.03241   -0.02468   -0.01301      2
  -0.03956   -0.03148   -0.04192   -0.02459      1
  -0.03706   -0.03156   -0.02962   -0.03363      2
  -0.02891   -0.03012   -0.04446    0.03282      4
  -0.02515   -0.03108   -0.01316   -0.00945      1
   0.02367   -0.03222    0.01431   -0.02602      3
   0.04155   -0.03341    0.04967   -0.01877      1
   0.04461   -0.03275    0.04576   -0.01711     13
   0.04639   -0.03322    0.05088   -0.02765     36
   0.05315   -0.03023    0.04699   -0.02272      1
   0.05704   -0.03146    0.02588    0.06038      1
   0.06544   -0.03293    0.06803   -0.02677     10
   0.06695   -0.03178    0.06677   -0.02735     30
   0.07205   -0.03170    0.12326   -0.03372      1
   0.07545   -0.03254    0.06787   -0.02660      1
   0.10599   -0.03301   -0.08938   -0.34312      1
   0.11962   -0.03055    0.10850   -0.01943      2
   0.13173   -0.03255    0.02412   -0.00535      2
   0.21981   -0.03097    0.21910   -0.01455      1
  -0.13775   -0.02725   -0.14166   -0.11678      1
  -0.12030   -0.02789   -0.14282   -0.03280      2
  -0.07404   -0.02620   -0.07589   -0.02262      3
  -0.07354   -0.02691   -0.06908   -0.02333     12
  -0.06249   -0.02958   -0.02468   -0.01301      1
  -0.04914   -0.02757   -0.05207   -0.02665      1
  -0.04331   -0.02775   -0.05310    0.00000      1
  -0.03807   -0.02794   -0.06560    0.00355      1
  -0.03691   -0.02844   -0.04528    0.01615      2
  -0.03234   -0.02962   -0.04868    0.01883      6
  -0.02989   -0.02655   -0.02137   -0.01335      1
   0.02950   -0.02681    0.06821   -0.06142      9
   0.03011   -0.02629    0.01004    0.10885      2
   0.04592   -0.02833    0.04810   -0.01324     16
   0.04635   -0.02836    0.05327   -0.02123     36
   0.05357   -0.02792    0.05578   -0.02607      3
   0.05451   -0.02650    0.03343    0.05576      4
   0.06742   -0.02824    0.06893   -0.02585     61
   0.12043   -0.02777    0.10738   -0.02477      6
  -0.07814   -0.02356   -0.06501   -0.02125      1
  -0.07436   -0.02534   -0.07456   -0.02349     15
  -0.07392   -0.02594   -0.06527   -0.04795      1
  -0.04285   -0.02484   -0.06499    0.02652      1
  -0.04029   -0.02559   -0.02539   -0.05069      1
  -0.03249   -0.02330   -0.02643   -0.01351     81
   0.02902   -0.02504    0.13115   -0.06368      1
   0.03139   -0.02460    0.06617   -0.04749     10
   0.03508   -0.02254    0.02913   -0.01792      1
   0.04403   -0.02457    0.05018   -0.01748     63
   0.04623   -0.02537    0.04512   -0.01543      2
   0.05531   -0.02505    0.03083    0.05067     52
   0.06015   -0.02255    0.01453    0.04637      3
   0.06240   -0.02527    0.05433    0.07109      2
   0.06983   -0.02567    0.06791   -0.02215     13
   0.07043   -0.02299    0.07309   -0.02068     17
   0.07529   -0.02540    0.08171   -0.01811      1
   0.12143   -0.02349    0.12730   -0.02624      7
   0.22057   -0.02416    0.22519   -0.01772      1
  -0.07684   -0.02059   -0.08989   -0.00133      2
  -0.03499   -0.01934   -0.02726   -0.01725     30
  -0.03391   -0.02119   -0.02478   -0.02027      5
   0.02967   -0.01956    0.08665   -0.03909      2
   0.03392   -0.02116   -0.00135    0.00304      4
   0.03485   -0.01959    0.01395   -0.01188    102
   0.04435   -0.01974    0.04750   -0.01761     43
   0.04662   -0.02060    0.04994   -0.01343      5
   0.05322   -0.01913    0.05395   -0.02017      1
   0.05732   -0.01963    0.06078   -0.01615     15
   0.05999   -0.02052    0.02860    0.05333     28
   0.06264   -0.01906    0.02094    0.06060      2
   0.07320   -0.01857    0.06638   -0.01338     23
   0.12193   -0.02080    0.12286   -0.02791      1
   0.12221   -0.01902    0.14177   -0.02986      2
  -0.07936   -0.01698   -0.09417   -0.03423      2
  -0.07753   -0.01534   -0.08270   -0.01355     46
  -0.05245   -0.01499   -0.05195    0.03207      3
  -0.03681   -0.01560    0.06660    0.00000      1
  -0.00150   -0.01502   -0.03653   -0.00520      1
   0.00497   -0.01460    0.23186   -0.15995      1
   0.03629   -0.01674    0.01423   -0.00906     37
   0.04118   -0.01572    0.04289   -0.02156      6
   0.04351   -0.01545    0.04609   -0.02030    300
   0.04617   -0.01610    0.04779   -0.01300      3
   0.05626   -0.01733    0.05756   -0.01373     16
   0.06042   -0.01585    0.03583    0.04690     40
   0.06421   -0.01410    0.07822   -0.02031      2
   0.07344   -0.01736    0.06868   -0.01324     16
   0.07769   -0.01739    0.07941   -0.01045      1
   0.12249   -0.01709    0.12464   -0.02459      6
  -0.09571   -0.01299   -0.09054   -0.03278      1
  -0.07963   -0.01348   -0.08275   -0.01181      3
  -0.07585   -0.01029   -0.08315   -0.01654      4
  -0.05950   -0.01231   -0.03626    0.05692      1
  -0.05364   -0.01046   -0.04829    0.02611      1
  -0.03791   -0.01269   -0.02670   -0.00399      3
   0.03775   -0.01317    0.01230   -0.00534     28
   0.03868   -0.01120    0.02831   -0.01300    123
   0.04253   -0.01389    0.04118   -0.01678      7
   0.06081   -0.01276    0.04839    0.02637     72
   0.06411   -0.01277    0.06447   -0.01789     51
   0.06834   -0.01223    0.06131   -0.01909     34
   0.07083   -0.01077    0.07212   -0.00706      8
   0.12308   -0.01205    0.11782   -0.01277      4
  -0.07654   -0.00899   -0.08020   -0.00887    212
  -0.07382   -0.00660   -0.08360   -0.01294      1
  -0.05859   -0.00789   -0.04360    0.04221      2
  -0.01227   -0.00886   -0.02513   -0.01192      7
   0.01268   -0.00644    0.03414   -0.03180      4
   0.01469   -0.00904   -0.03789   -0.00785      1
   0.03747   -0.00627    0.07210   -0.02273      1
   0.04031   -0.00853    0.03493   -0.01328    301
   0.06141   -0.00886    0.03107    0.04551     19
   0.06209   -0.00666    0.01609    0.04430      3
   0.06758   -0.00879    0.06089   -0.01198    151
   0.07205   -0.00745    0.07107   -0.00804     31
   0.07532   -0.00677    0.07105   -0.01303      5
   0.07880   -0.00658    0.07823   -0.01112      4
   0.09696   -0.00654    0.05550   -0.01159      1
   0.12340   -0.00837    0.11464   -0.00798      5
  -0.07450   -0.00334   -0.07511   -0.01310      5
  -0.07292   -0.00215   -0.07469    0.00000      3
   0.01360   -0.00535    0.07402   -0.02611      2
   0.01405   -0.00479    0.01890   -0.01303      5
   0.03648   -0.00539    0.13420   -0.04268      2
   0.03965   -0.00515    0.02737   -0.00769     33
   0.06192   -0.00423    0.03341    0.04010      1
   0.06245   -0.00247    0.03170    0.05339      5
   0.06743   -0.00398    0.05058    0.06654      3
   0.07280   -0.00300    0.06520   -0.00854     68
   0.07451   -0.00287    0.05593    0.00027      8
   0.07837   -0.00315    0.12286    0.01814      1
   0.12355   -0.00424    0.12156   -0.00583      6
   0.21974   -0.00556    0.18514    0.12301      1
  -0.07933    0.00073   -0.10307   -0.00938      1
  -0.07477    0.00024   -0.07414   -0.00340      4
  -0.07168   -0.00003   -0.07739   -0.00203     97
  -0.04036   -0.00024   -0.05290   -0.01809      2
  -0.03716    0.00104   -0.09765   -0.01629      4
   0.00670    0.00027   -0.00518    0.00846      2
   0.03574    0.00172    0.09248   -0.02340      5
   0.03998   -0.00071    0.03422   -0.01172     39
   0.06290   -0.00054    0.04027    0.04944      5
   0.06724    0.00137    0.04009    0.06725      1
   0.07323    0.00022    0.06143   -0.00269    378
   0.07422    0.00017    0.06659    0.00404      4
   0.07882    0.00017    0.07074    0.00699      2
   0.12367   -0.00023    0.13026   -0.01138      2
  -0.12271    0.00298   -0.13396    0.00585      1
  -0.07906    0.00460   -0.08909   -0.00015      1
  -0.07488    0.00448   -0.07894   -0.01013      4
  -0.07078    0.00325   -0.07731   -0.00142     32
  -0.03981    0.00371   -0.01167   -0.05180      1
  -0.03732    0.00313   -0.30390    0.07184      1
  -0.00753    0.00368   -0.02209    0.00529     12
  -0.00455    0.00556   -0.01630    0.01331      2
   0.03532    0.00359   -0.02982   -0.03223      2
   0.04110    0.00460    0.04017   -0.01328    144
   0.06258    0.00328    0.05600    0.05600      1
   0.07319    0.00389    0.06655    0.00000    552
   0.07431    0.00390    0.07177    0.00296     52
   0.12360    0.00350    0.14611   -0.00712      4
   0.22184    0.00391    0.16075   -0.01039      1
  -0.07684    0.00848   -0.07265    0.00435      3
  -0.07097    0.00853   -0.07637    0.00505     57
  -0.05110    0.00720   -0.02472    0.01952      1
  -0.03935    0.00709   -0.01896   -0.01227      6
  -0.01186    0.00842   -0.02331    0.01706      4
  -0.00781    0.00649   -0.02122    0.01775      2
  -0.00384    0.00626   -0.00719    0.02882      1
  -0.00057    0.00807   -0.00848    0.01411     14
   0.00398    0.00905    0.00125    0.01311      5
   0.00955    0.00989    0.04026   -0.05969      1
   0.01167    0.00862    0.05367   -0.02485      4
   0.04068    0.00873    0.04064   -0.01317     51
   0.06277    0.00864    0.04889    0.04615      4
   0.06848    0.00929    0.02623    0.05321     10
   0.07352    0.00652    0.06812   -0.00114     65
   0.07464    0.00788    0.07492    0.00168     52
   0.07860    0.00632    0.06556   -0.00413      1
  -0.12244    0.01002   -0.11851    0.00808      1
  -0.07417    0.01244   -0.07546    0.00448      1
  -0.07161    0.01040   -0.07709    0.00788     38
  -0.06827    0.01337   -0.07957    0.02065      2
  -0.01048    0.01124   -0.02525    0.01525      8
  -0.00991    0.01203   -0.02055    0.01573      2
   0.04037    0.01058    0.04556   -0.02064     29
   0.06272    0.01067    0.03498    0.03003      7
   0.07361    0.01092    0.06839    0.00397     29
   0.07490    0.01038    0.07919    0.00168     15
   0.12220    0.01162    0.11778    0.02590      1
  -0.07439    0.01606   -0.07713    0.01745      6
  -0.07095    0.01602   -0.07696    0.01440      9
  -0.06780    0.01591   -0.06528    0.01395      9
  -0.06599    0.01413   -0.06370    0.07811      1
  -0.05618    0.01728   -0.06432    0.02810      1
  -0.03628    0.01679   -0.01368    0.02128      2
  -0.00840    0.01486   -0.01307    0.02178      2
   0.04053    0.01673    0.04664   -0.01948     23
   0.06193    0.01706    0.04008    0.04136      1
   0.07263    0.01628    0.06660    0.00741     21
   0.07441    0.01652    0.05338    0.02604      1
   0.12159    0.01679    0.22227    0.02847      1
   0.13457    0.01752    0.02762    0.01317      1
  -0.07025    0.01901   -0.06434    0.02041      1
  -0.06771    0.02029   -0.07429    0.01646      8
  -0.06203    0.01951   -0.03269    0.04184      1
  -0.06155    0.01993   -0.03725   -0.00643      1
  -0.05545    0.02164   -0.02471    0.05203      1
  -0.03414    0.02081   -0.02479   -0.03647      1
  -0.01610    0.02149   -0.01909    0.02275      3
   0.03248    0.02171    0.02787    0.03981      1
   0.04076    0.02034    0.04580   -0.02018    177
   0.06130    0.02020    0.02803    0.04066      3
   0.06971    0.02191    0.05338    0.02604      1
   0.07122    0.01878    0.06290    0.02213     18
   0.13441    0.01803    0.02792   -0.02127      1
  -0.05585    0.02417   -0.05367    0.02863      7
  -0.03093    0.02534   -0.02368    0.01361    212
  -0.01704    0.02545   -0.01724    0.04369      3
   0.03435    0.02370    0.02988    0.02598      1
   0.04074    0.02401    0.04947   -0.01798     91
   0.06057    0.02304    0.04486    0.03394     11
   0.06881    0.02467    0.05500    0.02604     21
   0.07073    0.02327    0.06000    0.02855      6
   0.12059    0.02237    0.09085    0.02248      1
  -0.11376    0.02836   -0.12296    0.05118      1
  -0.06632    0.02693   -0.06230    0.04282      1
  -0.05615    0.02811   -0.05120    0.02291      2
  -0.03019    0.02621   -0.02473    0.01489     90
  -0.02879    0.02774   -0.02409    0.01440    603
  -0.01782    0.02850   -0.02145    0.03328      1
   0.03968    0.02689    0.04660   -0.01668     41
   0.05888    0.02847    0.04839    0.03322      2
   0.06727    0.02696    0.05494    0.03102     25
   0.11942    0.02781    0.11317    0.02588      2
  -0.06686    0.03307   -0.07620    0.03429      4
  -0.06242    0.03135   -0.03852    0.06920      5
  -0.03309    0.03324   -0.05638    0.01296      4
  -0.02631    0.03010   -0.02173    0.01341     20
  -0.02494    0.03125   -0.02075    0.01221    196
  -0.02173    0.03356   -0.01873    0.01343     13
   0.02173    0.03356    0.01590    0.01325      5
   0.02318    0.03258    0.01356    0.01933     15
   0.03782    0.03194    0.04390   -0.01751      9
   0.03830    0.03104    0.04897   -0.02046     12
   0.05681    0.03307    0.02695    0.01798      1
   0.05818    0.03040    0.02819    0.03288      2
   0.06492    0.03218    0.05328    0.02626     10
   0.06643    0.03108    0.05350    0.02637      9
   0.11814    0.03303    0.08754    0.02444      1
   0.16951    0.03141    0.14909    0.02455      2
  -0.04081    0.03578   -0.06932    0.05180      2
  -0.03623    0.03448   -0.06317    0.05324      2
  -0.01869    0.03536   -0.01204   -0.00267     45
  -0.01625    0.03653   -0.01534    0.00673     31
  -0.01289    0.03785   -0.02426    0.01247     11
   0.00780    0.03624    0.04428   -0.09222      2
   0.01303    0.03780    0.02724    0.01317      5
   0.01555    0.03682    0.10833   -0.06432      5
   0.02004    0.03460    0.02184    0.01587      3
   0.03598    0.03556    0.04657   -0.02016     34
   0.05526    0.03746    0.04402    0.03841     24
   0.06187    0.03789    0.05312    0.04017      1
   0.06466    0.03692    0.05641    0.03197     19
   0.06615    0.03503    0.05229    0.03430      5
   0.09183    0.03625    0.09324    0.02878      4
   0.10763    0.03731    0.07986    0.03624      2
   0.11673    0.03743    0.09402    0.00938      1
   0.16898    0.03417    0.13602    0.03090      1
  -0.04138    0.03889   -0.07631    0.01291      1
  -0.02617    0.04192   -0.04956   -0.05222      1
  -0.01592    0.03993   -0.00799   -0.02660      2
  -0.01160    0.03826   -0.02181    0.01411      2
  -0.00900    0.03896   -0.02507    0.01731      4
  -0.00390    0.03988   -0.02064    0.00223     10
  -0.00046    0.03996    0.00131    0.03346      8
   0.00509    0.03949    0.03532   -0.06153     12
   0.00688    0.03938    0.00546    0.02919      1
   0.01272    0.04045    0.01585    0.03431      4
   0.03381    0.04096    0.03666   -0.01964      2
   0.03565    0.03820    0.05049   -0.01411      6
   0.04890    0.04071   -0.23610   -0.20023      1
   0.05172    0.03937    0.04527    0.03894      6
   0.06141    0.03916    0.04650    0.02604      9
   0.06310    0.03891    0.05439    0.03440     13
   0.09022    0.03861    0.07006    0.02591      1
   0.10778    0.03849    0.08890    0.04146      1
   0.11670    0.04100    0.13104    0.03243      1
  -0.05815    0.04279   -0.03690    0.06163      4
  -0.05736    0.04409   -0.05826    0.08703      2
  -0.05271    0.04540   -0.05956    0.03882      1
  -0.04816    0.04370   -0.07387   -0.01104      1
  -0.04051    0.04435   -0.02347    0.06520      1
  -0.03409    0.04313   -0.04642   -0.02386      1
  -0.03070    0.04503   -0.05209   -0.01999      1
  -0.01443    0.04259   -0.00850   -0.03185      2
  -0.01197    0.04491   -0.01133   -0.02601      2
  -0.00424    0.04361    0.01465   -0.04916      3
   0.00981    0.04571    0.01652    0.06070      4
   0.01571    0.04343    0.02152    0.03850      3
   0.01950    0.04342    0.01562    0.04027      7
   0.02900    0.04533    0.03489   -0.03674      2
   0.03320    0.04267    0.04664   -0.01629     35
   0.03742    0.04521    0.04782   -0.02072      3
   0.04494    0.04478    0.02787    0.03981      5
   0.04663    0.04353    0.05332    0.04426      1
   0.05352    0.04335    0.04797    0.03513      7
   0.05755    0.04364    0.05396    0.02854     18
   0.05866    0.04314    0.05309    0.02961      8
   0.16681    0.04354    0.13695    0.03824      3
  -0.03567    0.04911   -0.04415    0.05819      4
  -0.01040    0.04645   -0.01195   -0.03637      4
  -0.00779    0.04756   -0.00259   -0.03330      5
   0.00597    0.04668   -0.00934    0.05991      2
   0.00607    0.04671    0.01603    0.06027      5
   0.01153    0.04696    0.00861    0.03402      1
   0.02066    0.04940    0.01476    0.04203      2
   0.02399    0.04884    0.03031   -0.03558     26
   0.02755    0.04761    0.04132   -0.02672     65
   0.03103    0.04622    0.04001   -0.03490      1
   0.03697    0.04937    0.05376   -0.00393     32
   0.03851    0.04839    0.02790    0.05112     11
   0.04209    0.04706    0.01398    0.01526      1
   0.05170    0.04754    0.05176    0.03747      5
   0.05840    0.04724    0.07360    0.04977      2
   0.16528    0.04905    0.13090    0.01910      1
  -0.05132    0.05301   -0.07517    0.03880      1
  -0.03688    0.05315   -0.03644    0.06175      2
  -0.01027    0.05378   -0.02605   -0.04868      6
  -0.00973    0.05013   -0.01167   -0.07286      1
   0.00245    0.05128    0.00476   -0.04112      1
   0.01695    0.05332    0.01713   -0.03671      6
   0.02033    0.05226    0.02795   -0.03438     64
   0.02233    0.05116    0.01803    0.03987     30
   0.02658    0.05036    0.05465   -0.02398      4
   0.03169    0.05181    0.03133    0.05047     31
   0.03549    0.05141    0.05433   -0.01264     25
   0.04938    0.05042    0.06017    0.05286      1
   0.16440    0.05193    0.16545    0.01856      1
  -0.04108    0.05645   -0.03881    0.06696      5
  -0.01042    0.05623   -0.02549   -0.05342      5
   0.01307    0.05675    0.02762   -0.03851      9
   0.01469    0.05559    0.02988   -0.04595      6
   0.01961    0.05720    0.04316   -0.03347     34
   0.02328    0.05649    0.05082   -0.03240     67
   0.02919    0.05654    0.02790    0.06637      3
   0.03182    0.05599    0.03771    0.04554     23
   0.07836    0.05610    0.06999    0.06481      1
   0.16237    0.05795    0.14755    0.04371      1
  -0.05177    0.06194   -0.04412    0.06899      1
  -0.03732    0.06183   -0.04349    0.06825      6
  -0.00902    0.05884   -0.02538   -0.05370      3
   0.00831    0.06146    0.00536   -0.04047     33
   0.01093    0.05888    0.01637   -0.03850      6
   0.01651    0.06167    0.05605   -0.02673      1
   0.02071    0.06087    0.04362   -0.03229     32
   0.02264    0.05833    0.05379   -0.03153     16
   0.02850    0.06153    0.05984   -0.01196     18
   0.03050    0.05920    0.05199   -0.01314     10
   0.03741    0.06144    0.04484    0.04338      3
   0.03833    0.06111    0.04659    0.04027      3
   0.05119    0.06091    0.04674    0.04486      2
  -0.02683    0.06555   -0.07897    0.00383      9
  -0.01899    0.06369   -0.05701   -0.03440      8
  -0.01728    0.06495   -0.05425   -0.03377      1
  -0.00806    0.06410   -0.03636   -0.05622      4
   0.00541    0.06457    0.00011   -0.06119      7
   0.00732    0.06278    0.00463   -0.05009     44
   0.01992    0.06265    0.05712   -0.02888     10
   0.02496    0.06462    0.06704   -0.01523     11
   0.02792    0.06230    0.06106   -0.00577     20
   0.03162    0.06511    0.05355    0.03329      7
   0.03643    0.06287   -0.09965   -0.14554      1
  -0.10317    0.06785   -0.10257    0.07316      1
  -0.10064    0.07000   -0.08939    0.05564      1
  -0.03495    0.06847   -0.04530    0.06793      2
  -0.02614    0.06618   -0.07411    0.00126      2
  -0.02407    0.06739   -0.07733    0.00414     29
  -0.02126    0.06888   -0.07369    0.00572      4
  -0.01166    0.06801   -0.05237   -0.04875      4
  -0.00999    0.06676   -0.03776   -0.04816      1
   0.00197    0.06692    0.00129   -0.06826      3
   0.00340    0.06689    0.00085   -0.06474     50
   0.01286    0.06835    0.05765   -0.02875      4
   0.01409    0.06748    0.05233   -0.03373      4
   0.02033    0.06866    0.06796   -0.00794     10
   0.02318    0.06866    0.05806    0.00263      9
   0.02803    0.06679    0.05301    0.02487      5
   0.03410    0.06721    0.04137    0.05333      1
   0.04218    0.06970    0.02738    0.05872      1
   0.11680    0.06941    0.04133    0.03881      1
  -0.15602    0.07336    0.15584    0.01528      1
  -0.02668    0.07276   -0.00507    0.02514      2
  -0.02530    0.07320   -0.03410    0.07443      2
  -0.02036    0.07370    0.00001    0.08499      2
  -0.01753    0.07224   -0.06470    0.00000      4
  -0.01315    0.07309   -0.07829    0.00027      1
  -0.00887    0.07049   -0.04415   -0.05490      4
   0.00160    0.07323    0.01142   -0.08147      2
   0.00279    0.07088    0.00335   -0.07821      4
   0.00817    0.07363    0.06784   -0.02531     12
   0.01178    0.07208    0.06844   -0.02107     22
   0.01605    0.07157    0.06478   -0.00263    101
   0.01861    0.07060    0.06594    0.00055     28
   0.02308    0.07015    0.04583    0.02499      1
   0.03704    0.07140    0.02812    0.06823      1
   0.04083    0.07032    0.06649    0.07813      1
  -0.01928    0.07406   -0.00257    0.08185      1
  -0.00807    0.07772    0.00538    0.07356      3
  -0.00401    0.07651   -0.06144    0.02569      2
   0.00553    0.07536    0.07006   -0.00645      3
   0.00675    0.07440    0.06368   -0.02811      9
   0.01171    0.07419    0.06173    0.01418      4
   0.01832    0.07773   -0.01038    0.12105      1
  -0.00510    0.07819   -0.00968    0.08494      1
   0.00098    0.07918   -0.00520    0.08275      9
   0.00543    0.07911    0.01430    0.07789      1
   0.01332    0.07851    0.00400    0.08180      1
   0.01488    0.07825   -0.05089    0.05344      1
   0.15316    0.07916    0.13889    0.04432      1
   0.05280    0.08921    0.05475   -0.05342      1
   0.04572    0.09206    0.05312   -0.06467      1
   0.05233    0.09030    0.01430   -0.06504      1
   0.04802    0.09437    0.06808   -0.03867      1
  -0.13506    0.10715    0.14451    0.01928      1
  -0.18502    0.12168   -0.15518    0.09810      1
  -0.17986    0.12510   -0.13990    0.09190      1
  -0.11374    0.12957    0.13473    0.06659      1
   0.02363    0.13926    0.34999    0.34999      1
  -0.09639    0.14294   -0.10733    0.13541      1
